1
2
3
4
5
6
7
8
9
10
12
13
14
15
16
17
18
20
21
22
23
24
25
26
27
28
30
32
33
34
35
36
37
38
39
40
41
43
45
46
47
48
49
50
51
52
53
54
55
56
57
58
59
60
61
62
63
64
65
66
67
69
71
72
73
74
75
76
77
78
79
80
81
82
84
85
87
88
89
90
93
94
95
96
97
98
99
101
103
105
106
107
108
109
110
111
112
114
116
117
118
119
120
121
122
124
125
126
127
128
183
226
232
259
631
632
649
664
688
689
712
729


11
19
29
113
115
130
131
132
133
134
135
136
137
138
139
140
141
142
143
144
145
146
147
148
150
151
152
154
155
157
158
159
160
161
162
163
164
165
166
167
168
169
170
171
173
174
177
178
180
181
182
184
185
186
187
188
190
191
192
194
195
196
197
199
201
202
203
206
207
208
209
210
215
217
219
221
223
224
227
229
230
231
233
235
236
237
238
239
242
246
247
249
251
252
253
257
261
263
264
265
266
267
268
269
270
272
273
276
277
278
280
281
282
283
284
285
286
287
288
289
290
291
292
293
298
299
301
302
303
307
310
311
313
314
316
317
318
321
323
324
325
329
330
333
335
336
338
341
342
343
348
349
352
354
356
357
359
361
364
366
367
368
369
372
373
374
377
378
379
381
383
384
385
386
387
388
389
390
396
399
400
402
405
407
409
410
411
412
414
415
417
418
419
420
422
423
425
427
428
429
430
431
432
434
435
437
444
446
447
448
449
451
452
453
455
456
457
458
459
460
461
462
463
464
465
467
468
469
470
471
474
475
476
477
478
479
482
484
486
488
489
494
510
511
518
521
522
524
525
543
549
551
552
560
561
562
617
618
620
623
625
628
630
634
645
647
650
655
666
672
679
686
690
691
692
693
694
711
714
716
717
728
742
746
747
750
758
761
762
763
765
768
769
772
773
775
776
777
778
779
782
783
785
787
788
789
790
808
811
863
878
892
899
901
902
904
906
995
998
999
1003
1005
1006
1009
1011
1012
1014
1015
1016
1019
1020
1023
1040
1048
1055
1056
1058
1068
1071
1075
1077
1079
1082
1089
1091
1093
1094
1095


31
44
70
83
86
92
100
102
305
309
315
320
326
327
328
331
334
340
344
345
351
355
358
360
362
365
370
371
375
376
380
382
391
392
393
394
395
398
403
404
408
421
424
433
436
439
440
441
519
528
591


172
175
193
198
200
204
205
211
212
213
214
216
218
220
222
225
228
234
274
294
312
319
322
332


176
871
875


179
550
810
851


240
241
245
248
250
254
255
258
260
262
275
279
295
296
297
300
304
306
308
337
339
347
350
353
397
401
406
413
426
438
442
443
445
450
454
466
472
480
481
485
487
491
493
495
496
497
498
499
500
501
502
503
504
506
509
513
514
515
516
517
520
523
526
527
529
530
531
532
533
534
535
536
537
538
539
540
541
542
544
545
546
547
548
553
554
555
556
557
558
559
563
564
565
566
567
568
569
570
571
572
573
574
575
576
577
578
579
580
581
582
583
584
585
586
587
588
589
590
592
593
594
595
596
597
598
599
600
601
602
603
604
605
606
607
608
609
610
611
612
613
614
615
616
619
621
622
624
626
627
629
633
635
636
637
638
639
640
641
642
643
644
646
648
651
652
653
654
657
658
659
660
661
662
663
665
667
668
669
670
671
673
674
675
676
677
678
680
681
682
683
684
685
687
695
696
697
698
699
700
701
702
703
704
705
706
707
708
709
710
713
715
718
719
720
721
722
723
724
725
726
727
730
731
732
733
734
735
736
737
738
739
740
741
743
744
745
748
749
751
752
753
754
755
756
757
759
760
764
766
767
770
771
774
780
781
784
786
791
792
793
794
795
796
797
798
799
800
801
802
803
804
805
806
807
809
812
813
814
815
816
817
818
819
820
821
822
823
824
825
826
827
828
829
830
831
832
833
834
835
836
837
838
839
840
841
842
843
844
845
846
847
848
849
850
852
853
854
855
856
857
858
859
860
861
862
864
865
866
867
868
869
870
872
873
874
876
877
879
880
881
882
883
884
885
886
887
888
889
890
891
893
894
895
896
897
898
900
903
905
907
908
910
911
912
913
914
915
916
917
918
919
920
921
922
923
924
925
926
927
928
929
930
931
932
933
934
935
936
937
938
939
940
941
942
943
944
945
946
947
948
949
950
951
952
953
954
955
956
957
958
959
960
961
962
963
964
965
966
967
968
969
970
971
972
973
974
975
976
977
978
979
980
981
982
983
984
985
986
987
988
989
990
991
992
993
994
996
997
1000
1001
1002
1004
1007
1008
1010
1013
1017
1018
1021
1022
1024
1025
1026
1027
1028
1029
1030
1031
1032
1033
1034
1035
1036
1037
1038
1039
1041
1042
1043
1044
1045
1046
1047
1049
1050
1051
1052
1053
1054
1057
1059
1060
1061
1062
1063
1064
1065
1066
1067
1069
1070
1072
1073
1074
1076
1078
1080
1081
1083
1084
1085
1086
1087
1088
1090


42
68
91
104
123
129
149
153
156
189
243
244
256
271
346
363
416
473
483
490
492
505
507
508
512
656
909
1092


