108

63 0.945992
194 0.723444
806 1.376656
897 0.860437
913 5.197071
965 0.963867
1040 2.437354
1542 0.814105
1649 0.881052
1803 1.254084
1872 0.638014
1899 1.548052
1974 1.738384
2076 1.448350
2770 1.717195
2876 1.893286
2954 0.935610
3034 1.358173
3150 1.176091
3203 0.565198
3205 1.416165
3289 1.340444
3351 1.094931
3841 0.954243
3968 1.437354
4091 1.386122
4126 1.717195
4333 1.136324
4537 1.109995
4542 1.416165
4708 0.689166
4725 1.577016
4738 0.572546
4964 1.057143
5224 1.925471
5297 2.663688
5345 1.471212
5394 0.995670
5651 1.315138
5734 0.562293
5743 0.749380
5821 0.918840
5870 1.592256
6012 3.996043
6071 1.238917
6144 1.268562
6436 5.473856
6587 0.622774
6794 1.738384
6812 2.453002
6864 0.436270
6874 0.500338
7111 0.499085
7126 3.849506
7150 0.978716
7182 1.331844
7498 0.710934
7530 0.998021
7694 0.776963
7733 2.261263
7788 0.530212
7859 0.301427
7861 0.696991
7864 2.340365
7981 0.925471
8042 1.738384
8083 0.711035
8128 2.364163
8157 0.939044
8237 1.170182
8351 2.466468
8479 1.760661
8591 2.136324
8642 1.808965
8931 0.532719
9099 1.315138
9114 1.349218
9115 2.209831
9299 2.261263
9306 1.608050
9329 1.507935
9444 1.878087
9688 1.315138
9774 0.956629
9811 0.909080
9855 1.641474
9868 2.261263
9919 4.439981
9944 1.182082
10085 1.039414
10237 2.340444
10397 0.846290
10500 2.853261
10507 1.022381
10619 0.528869
11121 0.600081
11150 1.022381
11287 1.043779
11335 1.043779
11358 2.136324
11376 0.464226
11423 0.816698
11521 1.075626
11523 2.153419
11526 0.890195
11536 1.323411
11600 0.351885
11637 0.928824
