66

5 1.471212
83 1.548052
109 1.233234
216 1.495346
1238 2.562293
1269 0.939044
1384 1.760661
1499 1.052642
1636 1.115135
1807 0.928824
1899 1.548052
1986 1.125600
2110 1.784142
2762 0.470040
3050 1.659203
3203 1.130396
3841 0.954243
3971 1.437354
4901 0.902694
5106 2.437354
5307 1.030814
5569 1.026577
5732 0.786561
5734 0.562293
5851 0.846290
6070 1.485498
6436 4.561547
6794 1.738384
7062 0.343932
7072 1.405946
7126 3.079605
7150 0.978716
7255 1.641474
7788 0.530212
7826 1.299051
7859 0.301427
7861 0.696991
8329 2.437354
8343 0.986336
8470 1.152923
8603 1.784142
8771 3.068528
8931 0.266359
8959 1.136324
9271 1.835294
9444 0.939044
9811 0.909080
9919 1.109995
10036 0.736218
10187 1.863323
10243 2.261263
10276 0.808965
10397 0.846290
10475 0.539727
10658 1.240074
10990 2.039414
11152 0.893286
11242 1.048188
11256 1.558685
11320 1.001988
11376 0.464226
11523 0.538355
11526 0.890195
11636 1.164353
11637 0.928824
11638 1.863323
