208

20 0.100971
71 0.029889
79 0.031390
128 0.186431
175 0.041751
176 0.046233
252 0.054739
398 0.046862
404 0.018561
466 0.062474
512 0.047187
594 0.060733
604 0.050902
629 0.063428
637 0.043435
785 0.087221
798 0.088983
828 0.066727
885 0.066727
990 0.045629
1374 0.072721
1384 0.059934
1400 0.047519
1444 0.049686
1455 0.045928
1466 0.092836
1467 0.063428
1487 0.028526
1652 0.052696
1721 0.025434
1803 0.042690
1804 0.090099
1872 0.021718
1902 0.276165
1917 0.064448
1924 0.055876
1989 0.049686
2131 0.034661
2146 0.055876
2154 0.023069
2224 0.039055
2249 0.059934
2259 0.043568
2263 0.095718
2268 0.129466
2401 0.069422
2527 0.079670
2543 0.038867
2550 0.109116
2580 0.076974
2626 0.040239
2653 0.051331
2690 0.099564
2763 0.051477
2996 0.045629
3028 0.063428
3150 0.040035
3177 0.039439
3203 0.057719
3217 0.069422
3243 0.034108
3449 0.059175
3450 0.059175
3489 0.047859
3493 0.059934
3531 0.026858
3591 0.072721
3661 0.061578
3681 0.039439
3683 0.036455
3694 0.042213
3810 0.093216
3841 0.016241
3951 0.071991
4079 0.049686
4340 0.248432
4439 0.082968
4451 0.059778
4488 0.062474
4582 0.050902
4768 0.093216
4841 0.057766
4866 0.032202
4929 0.093216
4943 0.019490
5023 0.036455
5053 0.036776
5064 0.040239
5070 0.063428
5100 0.023861
5199 0.362692
5363 0.042213
5386 0.346598
5394 0.016946
5460 0.042449
5529 0.022015
5549 0.066727
5550 0.087221
5689 0.028526
5706 0.053682
5734 0.172266
5925 0.055297
5948 0.029388
6060 0.033061
6070 0.025283
6094 0.093216
6112 0.017074
6123 0.058454
6291 0.027451
6317 0.023929
6421 0.080432
6436 0.031055
6635 0.041980
6792 0.070748
6838 0.038137
6864 0.014851
6898 0.079670
6916 0.079670
6962 0.040868
7062 0.011708
7111 0.033978
7126 0.131039
7143 0.031390
7178 0.584992
7182 0.045336
7369 0.042934
7385 0.026208
7387 0.042934
7460 0.067413
7498 0.036301
7709 0.046266
7713 0.048207
7738 0.036297
7788 0.036097
7826 0.044220
7857 0.065544
7859 0.020521
7861 0.047452
7876 0.052696
7931 0.056480
7946 0.069890
7981 0.031503
8007 0.028526
8060 0.082968
8085 0.051331
8157 0.031965
8326 0.043182
8351 0.041980
8372 0.060733
8377 0.042690
8404 0.035553
8445 0.054201
8461 0.076974
8470 0.039246
8508 0.043692
8653 0.036776
8761 0.076301
8767 0.095989
8826 0.030174
8877 0.093216
8919 0.051786
8931 0.009067
9059 0.018466
9075 0.051772
9115 0.037612
9261 0.046862
9328 0.031166
9444 0.031965
9461 0.024555
9719 0.058454
9747 0.032202
9767 0.009652
9770 0.034802
9811 0.030945
9871 0.041303
9903 0.054049
9977 0.055876
9996 0.087221
10018 0.050486
10058 0.061931
10063 0.093088
10082 0.042690
10249 0.032810
10279 0.034244
10401 0.104407
10403 0.046862
10426 0.186431
10433 0.035832
10515 0.055297
10556 0.040239
10714 0.074695
10880 0.056480
10933 0.123156
10990 0.069422
10999 0.047519
11015 0.036615
11031 0.049302
11097 0.070980
11194 0.069041
11287 0.035531
11320 0.068216
11364 0.048928
11376 0.015802
11396 0.032083
11423 0.027801
11468 0.082968
11625 0.037612
11637 0.031618
