47

112 0.240857
586 0.082011
1383 0.513794
1456 0.093199
1542 0.089360
1633 0.142589
1666 0.082747
1859 0.133132
1995 0.125327
2084 0.108688
2091 0.133898
2463 0.195835
2550 0.087962
2627 0.083998
2641 0.207815
2651 0.086071
2950 0.153227
3485 0.164136
3694 0.136116
3758 0.129750
3917 0.132475
3975 0.259501
4148 0.107428
4215 0.054782
4738 0.062845
4970 0.150082
5100 0.076940
5135 0.065179
5395 0.113616
5869 0.115543
6167 0.121838
6433 0.083243
6570 0.109547
7368 0.237173
7385 0.084508
7859 0.033086
7895 0.204526
8334 0.151108
8582 0.865500
8826 0.019459
8931 0.029237
9565 0.281248
9999 0.131093
10134 0.180175
10242 0.157770
11306 0.064669
11609 0.133181
