248

131 1.808965
140 3.039414
154 2.562293
158 1.577016
180 1.405946
186 0.971228
210 8.691921
213 0.840757
217 1.617930
222 2.437354
420 1.784142
447 1.206905
508 0.774596
536 0.905875
599 1.158601
614 1.925471
634 1.233234
665 0.632874
693 1.624441
736 1.448350
895 1.692579
897 0.860437
901 2.562293
930 1.548052
971 6.078828
981 6.083601
1050 1.495346
1112 0.765256
1143 2.562293
1157 1.315138
1285 1.349218
1301 2.194316
1333 3.246110
1343 1.641474
1370 1.109995
1425 2.340444
1487 0.838017
1555 1.696991
1592 1.120336
1605 0.893286
1611 1.659203
1632 1.808965
1725 1.200565
1727 1.925471
1731 2.039414
1796 1.459631
1797 4.217726
1872 0.638014
1902 1.014108
1947 3.314747
1989 1.459631
2000 0.986336
2024 1.022381
2044 1.738384
2059 1.863323
2071 1.942457
2077 1.696991
2131 1.018225
2134 1.562293
2149 1.395961
2301 1.784142
2455 0.851893
2507 0.760899
2518 3.298281
2519 1.315138
2530 0.717195
2548 1.026577
2603 3.617930
2718 1.275986
2916 1.459631
2948 1.331844
3014 2.970588
3054 1.331844
3128 1.577016
3130 7.984171
3179 0.772242
3243 1.001988
3275 0.611279
3344 1.548052
3351 1.094931
3417 1.075626
3473 1.535145
3500 1.608050
3533 1.386202
3613 2.011981
3633 1.219870
3637 1.136324
3681 1.158601
3826 1.405946
3841 0.477121
3938 1.233234
3951 5.639683
3956 1.717195
4063 1.094931
4091 0.693061
4148 0.978716
4355 8.690097
4413 1.005990
4467 1.835294
4542 1.416165
4544 2.738384
4550 1.291226
4573 0.543870
4614 1.426630
4670 1.624441
4677 2.158908
4722 2.189863
4738 0.572546
4757 2.194316
4866 1.891985
4875 1.520900
4904 1.471212
4943 0.572546
4966 8.448336
4967 6.746090
5025 0.840757
5084 1.577016
5112 0.960233
5169 2.437354
5414 2.562293
5427 2.738384
5435 3.039414
5460 1.247022
5529 0.646717
5583 3.039414
5639 3.039414
5647 2.738384
5681 1.147320
5689 0.838017
5821 0.918840
5839 1.960233
5857 1.120336
5947 1.247022
6028 2.437354
6039 2.562293
6046 2.874708
6071 0.619458
6112 2.006380
6120 3.039414
6283 1.075626
6291 0.806418
6346 2.791923
6421 1.181416
6433 0.758381
6456 1.612836
6616 2.698605
6697 4.388632
6722 2.437354
6753 3.039414
6792 1.039172
6813 0.786561
6849 2.136324
6864 0.872539
6874 0.500338
6909 1.494316
6968 1.268562
7008 1.756092
7043 1.760661
7061 0.478313
7062 1.375730
7131 2.896699
7217 0.796376
7318 7.811464
7342 1.863323
7353 1.717195
7377 1.275986
7438 3.039414
7460 0.990196
7498 2.843736
7501 2.105285
7543 2.437354
7783 1.448350
7847 0.932204
7862 1.920466
7887 0.971228
7961 1.960233
8157 0.939044
8294 0.925471
8352 0.854723
8387 0.854723
8444 1.608050
8455 1.745079
8457 1.194316
8462 1.226501
8474 1.965019
8619 1.275986
8641 1.254084
8699 1.641474
8741 1.247022
8762 1.448350
8763 2.136324
8813 2.085172
8826 1.063696
8956 1.080373
9074 2.194316
9095 1.194316
9138 0.673926
9161 2.738384
9224 1.696991
9261 2.753313
9279 1.367316
9355 1.760661
9401 2.562293
9592 1.070931
9593 0.949509
9725 1.213339
9767 1.701236
9903 0.793901
9935 2.039414
9942 2.772403
9968 2.562293
10057 1.299051
10084 1.624441
10111 1.808965
10195 0.846290
10203 3.039414
10249 0.963867
10275 1.182082
10276 0.808965
10285 2.039414
10305 1.448350
10325 1.030814
10397 0.846290
10475 0.539727
10487 0.596934
10491 1.147320
10509 0.704960
10515 1.624441
10548 0.994091
10562 1.863323
10604 1.448350
10614 3.355373
10619 0.528869
10637 3.920466
10646 1.213339
10667 3.248882
10682 2.194316
10909 2.437354
11031 1.448350
11053 3.850942
11150 2.044762
11335 1.043779
11397 1.949912
11399 3.039414
11502 1.014108
11543 1.261263
11570 1.426630
11600 0.351885
