253

81 0.055392
141 0.029576
183 0.094200
191 0.028577
194 0.012460
204 0.045302
391 0.046785
458 0.012869
509 0.058456
541 0.062313
661 0.040719
731 0.044132
764 0.027162
809 0.044132
833 0.031610
875 0.019666
930 0.053326
960 0.036730
965 0.099607
992 0.019955
994 0.024946
1053 0.017258
1169 0.052349
1195 0.031157
1231 0.088045
1305 0.040311
1483 0.030325
1496 0.038947
1507 0.023392
1592 0.038592
1641 0.022374
1643 0.071910
1677 0.029228
1839 0.971626
1872 0.021978
1965 0.033163
1974 0.029941
1976 0.031157
1994 0.018774
2046 0.017537
2067 0.021723
2172 0.080621
2205 0.051944
2267 0.021478
2268 0.013101
2278 0.021010
2290 0.052851
2333 0.052349
2386 0.052349
2484 0.032093
2507 0.006553
2575 0.016476
2583 0.034413
2586 0.052349
2653 0.025972
2687 0.024946
2762 0.048574
2768 0.017396
2769 0.019206
2772 0.023238
2792 0.036795
2797 0.035126
2912 0.036795
2982 0.035914
2995 0.025755
3026 0.036795
3054 0.068817
3119 0.037794
3121 0.013506
3125 0.029228
3218 0.026425
3275 0.063170
3281 0.030729
3283 0.044132
3353 0.034413
3366 0.047100
3408 0.044132
3417 0.055578
3466 0.028272
3531 0.027178
3546 0.016857
3553 0.031610
3567 0.012246
3570 0.035126
3573 0.013589
3603 0.029941
3606 0.032609
3626 0.016664
3634 0.025140
3679 0.077916
3681 0.039910
3691 0.038378
3700 0.044214
3726 0.037794
3727 0.055392
3733 0.052349
3737 0.047164
3774 0.052349
3835 0.052349
3841 0.008218
3891 0.045302
3938 0.021241
3939 0.073590
3951 0.036426
3952 0.058714
3954 0.077894
4033 0.066321
4154 0.040311
4168 0.047164
4178 0.052349
4196 0.012643
4307 0.903543
4313 0.033762
4325 0.040311
4403 0.032093
4414 0.041980
4520 0.037708
4573 0.009367
4645 0.018286
4901 0.015548
5064 0.020360
5256 0.023087
5354 0.052349
5394 0.042872
5399 0.054323
5460 0.021478
5529 0.022277
5709 0.068826
5753 0.011200
5793 0.052349
5821 0.015826
5833 0.025788
5851 0.043728
5909 0.047164
5926 0.012039
5945 0.039331
6070 0.025585
6071 0.021338
6097 0.018859
6112 0.017278
6217 0.311806
6354 0.032093
6468 0.035126
6514 0.026425
6799 0.023392
6852 0.040311
6858 0.077914
6909 0.090081
6925 0.029941
7008 0.015123
7111 0.025788
7118 0.042113
7124 0.026908
7286 0.047164
7350 0.028577
7394 0.024572
7404 0.019387
7424 0.040311
7655 0.095295
7656 0.045302
7674 0.044132
7694 0.173966
7697 0.038947
7758 0.017122
7873 0.029576
7883 0.033163
7887 0.016728
7923 0.047164
7943 0.036795
8016 0.032347
8023 0.033762
8046 0.021010
8070 0.027979
8087 0.019955
8146 0.027979
8157 0.048521
8227 0.014066
8241 0.017537
8245 0.017902
8517 0.047164
8532 0.032609
8545 0.025972
8563 0.025140
8605 0.012718
8616 0.023550
8641 0.021600
8667 0.056544
8699 0.028272
8767 0.024284
8826 0.021374
8889 0.052349
8924 0.041796
8938 0.052349
8999 0.063220
9034 0.021241
9040 0.063220
9047 0.028587
9087 0.026908
9130 0.105762
9138 0.058037
9171 0.027424
9250 0.033762
9258 0.032093
9261 0.023711
9270 0.037052
9280 0.039910
9328 0.015769
9381 0.019387
9422 0.033762
9455 0.055957
9460 0.041980
9461 0.012424
9473 0.025544
9492 0.071828
9523 0.044132
9568 0.018365
9635 0.026663
9649 0.041980
9761 0.071933
9926 0.028577
10007 0.062313
10036 0.012680
10172 0.032093
10197 0.036795
10378 0.047081
10434 0.035126
10437 0.029228
10448 0.047164
10461 0.027162
10465 0.023087
10530 0.020054
10537 0.026425
10630 0.033163
10639 0.019296
10859 0.047164
10866 0.067524
11003 0.049512
11031 0.024946
11152 0.030771
11208 0.050679
11249 0.064186
11295 0.020898
11335 0.035955
11365 0.032609
11415 0.040311
11437 0.041796
11442 0.037794
11445 0.029941
11459 0.028577
11466 0.076472
11503 0.030454
11600 0.012121
11611 0.027696
