206

131 0.056503
158 0.098515
180 0.087829
210 0.162894
294 0.085533
418 0.025755
455 0.023547
553 0.024492
586 0.023337
614 0.060142
697 0.025591
746 0.085533
790 0.146206
917 0.017930
958 0.076130
976 0.189871
981 0.095010
996 0.063701
1057 0.094935
1060 0.085533
1134 0.146206
1157 0.082156
1231 0.031934
1269 0.029331
1285 0.042142
1333 0.177435
1409 0.096706
1430 0.080033
1444 0.045591
1487 0.078526
1592 0.034993
1605 0.027902
1611 0.051825
1721 0.023337
1725 0.074999
1797 0.087826
1853 0.053005
1872 0.019928
1902 0.031675
1947 0.138047
1952 0.047100
1983 0.068539
1989 0.045591
2000 0.030808
2046 0.031804
2131 0.031804
2214 0.060142
2259 0.026651
2363 0.095801
2455 0.079826
2507 0.035650
2518 0.051510
2530 0.044803
2536 0.042708
2603 0.169508
2677 0.048353
2720 0.032879
2746 0.160065
2763 0.047234
2772 0.042142
2776 0.073103
2886 0.049258
2898 0.065130
2984 0.085533
3095 0.018451
3130 0.062346
3243 0.062594
3289 0.041868
3344 0.145059
3466 0.051271
3473 0.023975
3531 0.024644
3540 0.108596
3567 0.022209
3613 0.062844
3637 0.070986
3673 0.042142
3694 0.038733
3758 0.073844
3780 0.046325
3951 0.022019
4063 0.034200
4310 0.031934
4355 0.226194
4371 0.085533
4413 0.031422
4418 0.080033
4473 0.060142
4566 0.051676
4573 0.016988
4632 0.066728
4677 0.033716
4722 0.068400
4738 0.053650
4966 0.376974
4987 0.049734
5026 0.077467
5382 0.044560
5394 0.015550
5491 0.075889
5681 0.035836
5839 0.061227
5955 0.065130
6028 0.076130
6046 0.044895
6049 0.256598
6112 0.047002
6291 0.025188
6308 0.023407
6415 0.087035
6421 0.018451
6433 0.047376
6456 0.100753
6697 0.068539
6779 0.049734
6813 0.024568
6849 0.066728
6864 0.040880
6923 0.094935
6965 0.035836
7001 0.042422
7062 0.010743
7111 0.031178
7118 0.019093
7234 0.070630
7246 0.076130
7318 0.146393
7338 0.118273
7342 0.058200
7343 0.066728
7353 0.160908
7425 0.054994
7498 0.122132
7501 0.032879
7534 0.050227
7604 0.051825
7646 0.054994
7704 0.089091
7725 0.085533
7788 0.033122
7797 0.076130
7803 0.094935
7862 0.029993
7887 0.030336
7991 0.048798
8005 0.094935
8046 0.038102
8059 0.136187
8087 0.036189
8156 0.080033
8292 0.034993
8339 0.068539
8381 0.036368
8396 0.050227
8455 0.054507
8462 0.114928
8482 0.032602
8615 0.094935
8662 0.037112
8780 0.040331
8826 0.060911
8917 0.080033
8971 0.040824
9006 0.058200
9138 0.021050
9261 0.043000
9403 0.076130
9593 0.029658
9595 0.063701
9596 0.037898
9733 0.076130
9745 0.076130
9767 0.053138
9774 0.029880
9903 0.049595
9919 0.034670
9942 0.043298
9950 0.041078
9968 0.080033
10057 0.040576
10066 0.080033
10085 0.032466
10111 0.226010
10248 0.057325
10282 0.060142
10340 0.076130
10491 0.071672
10515 0.050739
10548 0.093151
10591 0.074999
10604 0.045239
10619 0.033038
10667 0.050739
11036 0.076130
11053 0.120283
11116 0.085533
11188 0.085533
11283 0.065130
11287 0.032602
11335 0.032602
11396 0.029439
11397 0.060905
11443 0.059096
11526 0.027805
11532 0.020366
11547 0.032466
