72

179 1.268562
180 1.405946
210 1.738384
401 1.608050
553 0.784142
665 1.265748
697 0.819306
917 0.574031
1009 2.562293
1269 0.939044
1333 1.623055
1797 0.702954
1947 1.104916
2259 0.426630
2301 5.352425
2518 0.824570
2530 0.717195
2762 0.940080
2772 1.349218
3014 0.990196
3130 0.998021
3179 0.772242
3351 1.094931
3592 1.696991
3613 1.005990
3993 2.261263
4196 0.734063
4317 1.254084
4413 1.005990
4467 1.835294
4550 2.582452
4734 0.619458
4966 3.620716
5050 0.945992
5394 0.497835
5826 2.261858
5833 0.499085
5900 1.039414
5949 0.918840
6046 1.437354
6097 1.094931
6112 0.501595
6433 0.758381
6816 0.978716
6828 0.717195
6972 2.562293
7078 2.136324
7498 0.710934
7594 1.507935
7788 0.530212
8016 0.939044
8059 1.090024
8474 0.982509
8482 2.087558
8605 0.738384
8913 2.562293
8931 0.532719
8956 1.080373
9380 1.136324
9404 1.863323
9461 0.721351
9538 1.052642
9872 1.141787
9942 1.386202
9943 1.760661
10487 0.596934
10491 1.147320
10591 1.200565
10619 0.528869
10701 0.786561
11397 0.974956
11600 0.351885
