45

112 0.239420
586 0.081522
1383 0.510727
1456 0.092642
1542 0.088826
1633 0.141738
1666 0.082253
1859 0.132337
1995 0.124579
2084 0.108039
2091 0.133099
2463 0.194666
2550 0.087436
2627 0.083496
2641 0.206574
2651 0.085557
2950 0.152312
3485 0.163156
3694 0.135303
3758 0.128976
3917 0.131684
3975 0.257951
4148 0.106787
4215 0.054455
4738 0.062470
4970 0.149186
5100 0.076481
5135 0.064790
5395 0.112938
5869 0.114853
6141 0.183051
6433 0.082746
6570 0.108893
7368 0.235757
7385 0.084003
7859 0.032888
7895 0.203305
8334 0.150206
8582 0.860333
8931 0.058124
9565 0.279569
9999 0.130311
10134 0.179100
10242 0.156828
11609 0.132386
