58

268 1.247022
445 2.437354
665 0.632874
1040 2.437354
1141 1.323411
1333 0.811527
1436 1.534264
1570 8.215152
1643 1.043779
1689 1.437354
1846 2.738384
1947 1.104916
2282 2.194316
2344 1.307020
2680 1.507935
2772 1.349218
2853 2.085172
3130 0.998021
3285 1.577016
3612 3.039414
3620 1.863323
3625 1.893286
3823 1.268562
4196 0.734063
4534 1.182082
4966 1.206905
5135 0.593810
5491 0.404937
5714 1.426630
5900 1.039414
6046 1.437354
6211 1.226501
6270 2.261263
6466 1.075626
7062 0.343932
7498 0.355467
7788 1.060423
8059 1.090024
8067 3.039414
8474 0.982509
8479 1.760661
8741 1.247022
8761 0.747158
8931 0.532719
9031 0.884078
9551 1.893286
9669 0.774596
9729 2.698436
9767 0.283539
9872 3.425361
9944 1.182082
10057 1.299051
10086 1.075626
10337 1.061691
11193 1.548052
11287 1.043779
11397 0.974956
11526 0.890195
