216

22 3.068528
79 0.922143
85 1.299051
99 2.180048
292 1.115135
304 4.419663
373 1.459631
404 1.090519
458 2.241474
552 1.001988
592 1.717195
600 0.971228
666 1.608050
668 3.216101
736 1.448350
771 1.182082
889 2.261263
913 1.039414
1074 2.240672
1203 2.738384
1333 0.811527
1605 0.893286
1636 1.115135
1653 1.483112
1726 2.136324
1875 1.534264
1883 2.437354
1900 3.015870
1947 1.104916
2042 1.349218
2043 2.085172
2082 1.577016
2121 1.925471
2161 1.367316
2165 3.235861
2176 1.608050
2224 1.147320
2244 1.405946
2259 0.853261
2313 1.358173
2339 1.147320
2340 2.036450
2353 1.784142
2572 2.652234
2627 1.530513
2633 1.094931
2653 3.015870
2661 2.194316
2677 1.548052
2690 0.974956
2763 0.756113
2804 1.164353
2856 1.960233
2936 1.808965
2967 1.459631
3056 1.696991
3095 0.590708
3140 2.340444
3179 0.772242
3203 1.130396
3204 1.136324
3275 0.611279
3374 1.170182
3401 1.340444
3500 1.608050
3509 4.562701
3531 0.788994
3567 0.711035
3598 1.534264
3621 4.497675
3683 1.070931
3841 0.954243
3951 0.704960
4005 1.094931
4215 0.998169
4246 1.925471
4320 2.738384
4396 3.041800
4520 0.729784
4573 0.543870
4610 1.315138
4677 0.539727
4943 0.572546
4970 2.734633
4980 2.085172
5023 2.141862
5083 1.349218
5100 0.700958
5395 1.035093
5553 2.437354
5569 6.159461
5689 0.838017
5734 1.686879
5743 0.749380
5749 0.967532
5754 1.738384
5757 1.960233
5763 1.760661
5797 1.066286
5833 0.499085
5880 0.835294
5900 1.039414
5948 0.863323
5966 1.835294
6070 0.742749
6097 1.094931
6170 1.998021
6211 2.453002
6281 1.206905
6308 0.749380
6409 2.039414
6436 13.684640
6441 4.170343
6583 1.677686
6587 0.622774
6656 2.562293
6859 1.863323
6864 0.872539
6871 1.507935
7046 1.835294
7082 1.147320
7126 2.309704
7141 2.437354
7238 1.925471
7377 2.551972
7385 5.389308
7641 0.646717
7655 0.922143
7664 1.206905
7704 2.139235
7709 2.718315
7713 1.416165
7758 0.994091
7760 0.666502
7761 2.401130
7788 2.651058
7830 1.808965
7847 0.932204
7856 1.254084
7859 1.205707
7861 1.393983
7862 0.960233
7955 1.760661
7971 1.520900
7974 1.562293
7981 0.925471
7998 2.437354
8087 1.158601
8126 1.659203
8157 0.939044
8334 2.753313
8351 2.466468
8375 2.340444
8404 1.566655
8455 0.436270
8462 2.453002
8484 2.136324
8520 3.617930
8621 1.283539
8684 1.268562
8761 1.494316
8767 0.704960
8802 2.261263
8826 0.531848
9034 1.233234
9097 0.939044
9115 3.314747
9116 1.182082
9172 3.996043
9313 1.998021
9333 1.426630
9444 0.939044
9462 1.641474
9521 2.966223
9617 2.562293
9632 1.395961
9639 2.085172
9642 1.283539
9716 2.085172
9767 0.850618
9778 2.437354
9783 2.607457
9873 1.376656
9933 1.075626
9957 1.437354
9988 1.808965
10085 1.039414
10093 1.641474
10118 1.717195
10276 0.808965
10308 2.085172
10378 0.683388
10423 0.698970
10487 0.596934
10627 1.562293
10651 1.233234
10653 2.738384
10711 1.268562
10735 1.548052
10740 2.562293
10830 2.562293
10904 2.738384
10966 2.738384
11120 2.194316
11121 0.600081
11152 2.679858
11195 1.534264
11208 1.471212
11242 1.048188
11256 0.779343
11267 1.495346
11532 0.652024
11600 0.351885
11637 4.644122
11649 2.261263
11672 1.738384
