47

183 1.367316
391 1.358173
404 0.545260
541 1.808965
661 1.182082
875 1.141787
1839 1.659203
1896 1.349218
2200 2.437354
2502 1.395961
2995 1.495346
3034 1.358173
3634 1.459631
3681 1.158601
3939 2.136324
4307 1.808965
4472 3.039414
4526 1.641474
4633 1.437354
4859 1.592256
5275 2.562293
5387 2.562293
5394 0.995670
5529 0.646717
5743 0.749380
5833 0.499085
5849 1.426630
5948 0.863323
6193 1.437354
6227 1.158601
6300 1.592256
6317 0.702954
6607 2.437354
7118 0.611279
7131 1.448350
7655 2.766428
8157 0.939044
8241 3.054674
9040 1.835294
9118 1.548052
9138 0.673926
9378 1.386202
9677 1.268562
10465 2.680888
11451 0.884078
11502 1.014108
11599 1.925471
