128

7 0.156843
208 0.159165
217 0.047020
292 0.064816
447 0.140300
508 0.090045
632 0.057554
697 0.142864
790 0.136036
865 0.091662
917 0.033365
992 0.067342
1333 0.141507
1370 0.064517
1744 0.082921
1797 0.081717
1835 0.075051
1947 0.064222
1997 0.086204
2220 0.094419
2259 0.024797
2313 0.078942
2530 0.041686
2677 0.089979
2687 0.084184
2824 0.067342
2954 0.054381
3042 0.106674
3128 0.091662
3130 0.232035
3178 0.141668
3285 0.091662
3344 0.089979
3370 0.064517
3546 0.056887
3559 0.186932
3573 0.091719
3603 0.101042
3637 0.132095
3979 0.085512
4196 0.042667
4310 0.059425
4451 0.153106
4479 0.124171
4670 0.094419
4734 0.036005
4738 0.033279
4943 0.033279
4955 0.090806
4966 0.210450
4967 0.078422
5050 0.054985
5084 0.091662
5146 0.176662
5491 0.023536
5532 0.051563
5833 0.058017
5851 0.049190
5949 0.053407
6112 0.029155
6401 0.098636
6415 0.053987
6433 0.044080
6466 0.062520
6631 0.080571
6827 0.353325
6849 0.124171
6864 0.025358
6868 0.176662
6874 0.029082
6971 0.105144
7082 0.066687
7084 0.121198
7111 0.029009
7118 0.035530
7318 0.090806
7404 0.065424
7498 0.123967
7635 0.040975
7778 0.353325
7788 0.030818
7950 0.148930
8059 0.190069
8111 0.060164
8227 0.047470
8241 0.059183
8352 0.099359
8455 0.025358
8462 0.071289
8474 0.114214
8475 0.078422
8588 0.127542
8662 0.069060
8741 0.217445
8826 0.010304
8934 0.102336
9071 0.148930
9171 0.092548
9261 0.080017
9376 0.176662
9404 0.108303
9424 0.086204
9662 0.097514
9903 0.046145
10010 0.061710
10086 0.062520
10249 0.056024
10318 0.092548
10321 0.121198
10323 0.176662
10397 0.049190
10475 0.094113
10507 0.237699
10591 0.069781
10596 0.069418
10619 0.061480
10651 0.071680
10981 0.091662
11121 0.034879
11144 0.176662
11150 0.059425
11397 0.056668
11518 0.176662
11526 0.051742
11580 0.176662
11600 0.061359
11620 0.063074
11671 0.092548
