157

180 0.153630
292 0.121853
300 0.185433
318 0.045051
346 0.027682
447 0.065940
508 0.042321
536 0.049493
697 0.044763
716 0.103441
917 0.031363
1333 0.133015
1370 0.121291
1426 0.166061
1532 0.042580
1592 0.061210
1605 0.097611
1725 0.065594
1798 0.064257
1947 0.120736
2259 0.069928
2455 0.046544
2473 0.056088
2507 0.041572
2518 0.045051
2530 0.078369
2687 0.079132
2697 0.087857
2762 0.025681
2763 0.082622
2824 0.063301
3121 0.042842
3122 0.041810
3130 0.054528
3275 0.033398
3344 0.169158
3351 0.059822
3473 0.041937
3567 0.038848
3573 0.043107
3613 0.054963
3637 0.062084
3683 0.058511
3772 0.073716
3818 0.038516
3823 0.069309
3979 0.080381
4196 0.040106
4293 0.101804
4310 0.111717
4317 0.068518
4355 0.079132
4550 0.070547
4552 0.084579
4573 0.059430
4644 0.085357
4670 0.088753
4677 0.058977
4722 0.059822
4734 0.033845
4738 0.031282
4943 0.062563
4966 0.395642
4987 0.086994
5025 0.091871
5050 0.051685
5133 0.082387
5492 0.093820
5526 0.086994
5529 0.035334
5681 0.062685
5734 0.061443
5851 0.046238
5880 0.045637
5919 0.177505
6046 0.078531
6070 0.040581
6071 0.033845
6112 0.082215
6211 0.134022
6274 0.065594
6415 0.050747
6433 0.041435
6504 0.047648
6616 0.049147
6792 0.028388
6812 0.134022
6828 0.039185
6838 0.061210
6849 0.116720
6874 0.027336
6965 0.062685
7060 0.050932
7120 0.045489
7217 0.043511
7283 0.087857
7318 0.085357
7342 0.101804
7498 0.038842
7580 0.068518
7622 0.123546
7737 0.074205
7745 0.044059
7788 0.028969
7964 0.139993
8016 0.051305
8059 0.238218
8111 0.056553
8394 0.067379
8455 0.047672
8474 0.107360
8482 0.057028
8588 0.239777
8741 0.136264
8919 0.041559
8924 0.066292
8934 0.192390
8971 0.071410
8984 0.107099
9031 0.048302
9047 0.090684
9132 0.039989
9146 0.085357
9171 0.173988
9261 0.075215
9381 0.061498
9452 0.079748
9621 0.139993
9688 0.071854
9761 0.091274
9767 0.030983
9774 0.052266
9919 0.060646
9933 0.058768
9950 0.071854
10077 0.072306
10111 0.098834
10248 0.100273
10249 0.052662
10305 0.079132
10340 0.133167
10397 0.092475
10475 0.029488
10487 0.032614
10491 0.125370
10501 0.080381
10507 0.167576
10619 0.057790
11150 0.055859
11287 0.057028
11320 0.054744
11340 0.053889
11397 0.053268
11437 0.066292
11532 0.035624
11625 0.060368
11671 0.086994
