179

22 0.065303
251 0.129366
345 0.039677
392 0.080584
465 0.075938
475 0.057427
624 0.103741
883 0.064734
909 0.129366
992 0.246567
994 0.061646
1132 0.026937
1151 0.093396
1157 0.055976
1269 0.039968
1333 0.103623
1436 0.130605
1526 0.099616
1611 0.070620
1671 0.116553
1678 0.116553
1997 0.063125
2044 0.147981
2134 0.066496
2165 0.068864
2220 0.069141
2259 0.018159
2267 0.053077
2290 0.065303
2379 0.129366
2473 0.043694
2504 0.054310
2530 0.030526
2539 0.048136
2565 0.060276
2666 0.166866
2680 0.064182
2718 0.054310
2763 0.032182
2994 0.109058
3128 0.201367
3130 0.424786
3131 0.064182
3156 0.058594
3285 0.134245
3349 0.073991
3367 0.075938
3386 0.052781
3465 0.073991
3482 0.041181
3535 0.085636
3567 0.030264
3603 0.369953
3626 0.041181
3627 0.053377
3637 0.048365
3768 0.116553
3846 0.181856
3908 0.125238
4107 0.085041
4194 0.199232
4251 0.116553
4268 0.076995
4392 0.233107
4451 0.074744
4537 0.047245
4645 0.045189
4764 0.049072
4770 0.053683
4792 0.096246
4855 0.088751
4859 0.067771
4943 0.024369
4966 0.205477
5078 0.096246
5331 0.081953
5379 0.076995
5491 0.017235
5529 0.110104
5635 0.096246
5678 0.041981
5833 0.084970
5851 0.144082
5926 0.029750
5949 0.078217
5964 0.070620
5971 0.129366
6030 0.080584
6046 0.061178
6071 0.026366
6240 0.123292
6360 0.103741
6432 0.116553
6463 0.123292
6466 0.045782
6509 0.051643
6631 0.059001
6657 0.125238
6781 0.129366
6812 0.156610
6816 0.041657
6839 0.055630
6864 0.037138
6874 0.042592
7001 0.057808
7047 0.051643
7070 0.088751
7111 0.021242
7118 0.026018
7148 0.086803
7191 0.085041
7211 0.116553
7217 0.033896
7411 0.038021
7447 0.103741
7498 0.030259
7651 0.085041
7694 0.033070
7826 0.110583
7872 0.120552
7911 0.052781
8059 0.278367
8213 0.090928
8272 0.037629
8404 0.022227
8455 0.018569
8457 0.050833
8621 0.109262
8653 0.091967
8763 0.090928
8767 0.030005
8871 0.151714
8909 0.067122
8931 0.011337
8979 0.116553
8984 0.166866
9065 0.038969
9171 0.135542
9269 0.129366
9280 0.049313
9328 0.038969
9329 0.064182
9480 0.069141
9543 0.079308
9568 0.045384
9579 0.055976
9593 0.040414
9662 0.071407
9761 0.035552
9919 0.094489
9942 0.118001
9943 0.074939
10067 0.043339
10084 0.069141
10111 0.076995
10163 0.075938
10397 0.036020
10454 0.071407
10475 0.045945
10491 0.048833
10507 0.174062
10530 0.049558
10614 0.071407
10900 0.099616
10903 0.065889
11162 0.053377
11247 0.129366
11311 0.129366
11320 0.042647
11332 0.030438
11376 0.019759
11396 0.040116
11495 0.099616
11505 0.060721
11532 0.027752
11534 0.072229
11600 0.029954
11603 0.093396
11620 0.046188
