108

63 0.026984
142 0.086699
186 0.083113
213 0.023983
273 0.173398
345 0.053182
346 0.028905
399 0.055915
536 0.025840
599 0.066098
621 0.064502
683 0.347626
711 0.086699
775 0.146178
802 0.047329
1157 0.037514
1175 0.051601
1195 0.361204
1303 0.086699
1506 0.031809
1569 0.062593
1689 0.041000
1725 0.034246
1764 0.091739
1777 0.040104
1900 0.043014
1967 0.054006
1995 0.097708
2046 0.058090
2161 0.039003
2515 0.064502
2651 0.022368
2720 0.060053
2804 0.033213
2824 0.066098
2915 0.046337
2948 0.037991
2976 0.050223
3048 0.071545
3130 0.170811
3222 0.078112
3243 0.028582
3551 0.086699
3783 0.083932
3818 0.020109
3823 0.036186
3937 0.078112
3984 0.151001
4237 0.034797
4276 0.086699
4747 0.800742
4783 0.056993
4966 0.275415
5087 0.078112
5100 0.079979
5171 0.047856
5289 0.111831
5325 0.044158
5402 0.078112
5659 0.146178
5998 0.086699
6131 0.060938
6167 0.063325
6268 0.133522
6305 0.086699
6308 0.021376
6355 0.078112
6864 0.087112
6965 0.065454
7061 0.013644
7082 0.032727
7120 0.023749
7290 0.086699
7420 0.086699
7603 0.086699
8191 0.059479
8334 0.039269
8340 0.062593
8394 0.457312
8499 0.022717
8574 0.069525
8587 0.073089
8635 0.173398
8641 0.035773
8702 0.075500
8861 0.086699
8895 0.048983
8994 0.078112
9035 0.058174
9132 0.083512
9346 0.060938
9413 0.078112
9593 0.027085
9690 0.045419
9903 0.090584
10171 0.086699
10876 0.086699
10890 0.026550
11020 0.069525
11042 0.193507
11209 0.058174
11332 0.020399
11396 0.026885
11407 0.086699
11532 0.148791
11534 0.048407
11554 0.086699
11620 0.216681
