136

23 0.095999
36 0.062386
71 0.041391
213 0.118901
253 0.143279
334 0.064456
346 0.047768
508 0.073030
584 0.087838
586 0.035221
599 0.054617
600 0.137352
621 0.106597
895 0.079789
1385 0.049412
1461 0.089250
1503 0.080949
1595 0.143279
1605 0.042110
1612 0.143279
1633 0.061238
1798 0.055441
2000 0.139489
2005 0.054617
2059 0.087838
2186 0.151608
2320 0.081948
2392 0.188375
2518 0.038871
2651 0.036965
2682 0.087838
2718 0.060151
2720 0.049622
2976 0.248995
3121 0.036965
3130 0.047047
3179 0.182019
3243 0.094468
3289 0.063189
3385 0.084105
3567 0.100555
3609 0.143279
3613 0.047423
3683 0.050484
3694 0.058458
3770 0.063603
3888 0.100707
3908 0.069354
3937 0.129089
3951 0.132929
3984 0.062386
4126 0.080949
4195 0.055163
4215 0.023527
4315 0.035644
4355 0.136552
4357 0.286559
4520 0.034402
4529 0.061614
4537 0.052326
4573 0.025638
4708 0.032488
4729 0.056595
4747 0.120301
4966 0.284470
4967 0.063603
5013 0.120788
5023 0.050484
5025 0.039634
5112 0.045266
5211 0.143279
5261 0.143279
5394 0.023468
5491 0.019089
5570 0.286559
5692 0.035537
5701 0.062784
5740 0.059801
5833 0.047054
6070 0.035014
6112 0.023645
6116 0.143279
6296 0.120788
6308 0.105978
6559 0.047047
6561 0.092406
6616 0.042404
6700 0.143279
6816 0.046137
6828 0.033809
6858 0.053313
6909 0.070443
6952 0.120788
7060 0.043945
7061 0.022548
7077 0.089250
7150 0.138411
7288 0.081948
7318 0.073647
7498 0.033514
7550 0.076577
7760 0.031419
7847 0.043945
7859 0.028419
7989 0.098824
7990 0.143279
8059 0.102768
8237 0.055163
8241 0.048000
8381 0.054888
8394 0.232541
8493 0.096139
8583 0.063603
8819 0.061238
8826 0.083572
8871 0.056010
9095 0.112601
9132 0.034503
9169 0.143279
9336 0.143279
9381 0.053061
9461 0.034005
9568 0.050265
9643 0.055163
9761 0.039376
9767 0.053465
9933 0.050706
10058 0.028588
10397 0.079789
10619 0.049862
10639 0.052813
10890 0.043877
11150 0.096391
11210 0.040026
11306 0.027774
11677 0.143279
