162

23 0.041534
71 0.035816
98 0.043495
99 0.044463
194 0.029510
346 0.020667
404 0.066725
420 0.072777
600 0.039617
637 0.052049
691 0.166379
696 0.085056
838 0.076007
1070 0.123980
1109 0.067680
1121 0.099422
1383 0.190937
1385 0.042756
1387 0.044265
1542 0.033208
1605 0.036438
1633 0.105979
1659 0.081501
1666 0.030750
1671 0.223402
1838 0.063146
1859 0.197899
1896 0.055036
1941 0.123980
1991 0.043495
1995 0.046574
2005 0.047260
2008 0.063146
2052 0.055774
2062 0.054327
2067 0.051448
2084 0.080782
2085 0.177238
2086 0.057767
2115 0.037615
2156 0.066262
2161 0.055774
2185 0.048218
2348 0.078043
2463 0.072777
2627 0.093646
2641 0.077229
2651 0.031986
2816 0.087142
2954 0.038164
2976 0.071819
3054 0.054327
3095 0.024095
3203 0.069165
3404 0.089508
3535 0.082070
3621 0.073386
3685 0.058631
3694 0.101167
3917 0.049231
3951 0.086268
3975 0.144654
3979 0.120024
4071 0.041534
4110 0.039617
4131 0.072777
4196 0.029943
4215 0.040716
4217 0.140400
4249 0.055401
4268 0.073789
4273 0.073789
4444 0.068434
4537 0.090555
4645 0.043307
4677 0.022016
4734 0.025268
4738 0.046709
4913 0.104518
4970 0.055774
5042 0.063727
5112 0.078337
5135 0.024222
5394 0.020307
5395 0.042222
5532 0.036187
5612 0.068434
5640 0.099422
5719 0.144654
5774 0.085056
5807 0.064328
5821 0.037480
5885 0.057676
5926 0.142558
6141 0.068434
6167 0.045278
6227 0.047260
6308 0.030568
6346 0.113885
6433 0.030935
6464 0.123980
6639 0.071819
6823 0.063727
6828 0.058510
6837 0.050584
6864 0.017796
6909 0.030477
6992 0.061510
7039 0.051155
7061 0.019511
7179 0.078542
7368 0.220347
7385 0.031405
7394 0.058193
7498 0.014500
7530 0.040710
7613 0.104518
7641 0.026380
7709 0.055441
7859 0.049182
7861 0.028431
7862 0.078337
7936 0.054327
7949 0.099422
8007 0.034183
8096 0.163002
8181 0.071819
8241 0.041534
8271 0.037751
8292 0.137098
8334 0.056155
8343 0.040233
8455 0.053387
8498 0.054678
8582 0.643278
8826 0.050621
8919 0.031028
8931 0.010865
9095 0.097434
9565 0.104518
9967 0.111701
9979 0.247961
10058 0.024737
10134 0.066957
10242 0.117262
10279 0.041035
10308 0.085056
10318 0.064949
10403 0.056155
10487 0.024349
10509 0.028756
10530 0.047495
10663 0.074863
10701 0.032084
11063 0.210138
11200 0.102896
11306 0.024033
11396 0.076891
11497 0.099422
11565 0.081501
11600 0.028707
11620 0.044265
