159

77 1.893286
217 0.808965
398 1.376656
531 0.918840
661 3.546245
696 2.085172
726 3.786572
806 1.376656
833 1.835294
875 1.141787
895 0.846290
990 1.340444
992 1.158601
1032 1.760661
1093 1.405946
1127 3.039414
1231 1.022381
1359 3.039414
1492 21.292603
1496 2.261263
1507 1.358173
1640 2.085172
1641 5.196206
1723 1.386202
1760 1.507935
1819 3.039414
1835 1.291226
1853 1.696991
1882 3.039414
1897 1.863323
1976 1.808965
2024 1.022381
2205 1.507935
2268 0.760661
2363 1.022381
2499 1.307020
2502 1.395961
2507 0.380449
2575 0.956629
2609 1.483112
3006 1.760661
3054 1.331844
3060 1.426630
3316 1.233234
3349 1.738384
3374 1.170182
3423 1.850942
3558 1.206905
3570 2.039414
3599 2.317201
3606 1.893286
3633 1.219870
3691 2.228247
3726 4.388632
3727 1.608050
3885 1.283539
3938 1.233234
3968 1.437354
4033 1.283539
4206 3.039414
4211 0.912309
4237 4.879481
4295 4.680888
4520 0.729784
4566 0.827227
4633 11.498833
4707 2.136324
4789 2.136324
4911 2.562293
4943 0.572546
4955 1.562293
5190 2.261263
5270 1.395961
5351 1.960233
5394 0.995670
5732 0.786561
5753 0.650248
5849 1.426630
5947 1.247022
5948 0.863323
5965 2.437354
6069 2.261263
6112 0.501595
6193 1.437354
6217 1.206905
6291 0.806418
6300 1.592256
6317 0.702954
6466 1.075626
6559 0.998021
6570 0.998021
6572 1.534264
6870 3.039414
6925 3.476768
7111 0.499085
7118 3.667676
7207 3.039414
7374 1.358173
7411 0.893286
7509 1.893286
7530 0.998021
7655 1.844286
7656 1.315138
7694 3.884815
7864 1.170182
7877 1.608050
7908 1.960233
7915 1.043779
7924 3.039414
8111 2.070185
8117 1.577016
8175 1.448350
8186 3.096105
8271 0.925471
8445 1.592256
8539 0.668346
8605 0.738384
8728 1.233234
8739 2.437354
8919 0.760661
9047 1.659798
9061 3.945415
9079 1.562293
9130 1.535145
9138 1.347852
9146 1.562293
9171 1.592256
9280 2.317201
9284 1.577016
9383 1.534264
9397 2.136324
9407 5.103945
9456 3.039414
9761 1.670588
9801 2.340444
10058 0.606445
10151 2.136324
10416 2.562293
10429 2.562293
10465 2.680888
10466 3.039414
10541 1.386202
10544 3.995532
10650 2.738384
10684 2.340444
10803 3.039414
10860 2.562293
10903 1.548052
10947 1.960233
11003 1.437354
11020 2.437354
11335 1.043779
11366 1.367316
11376 0.464226
11423 0.816698
11458 1.709445
11466 3.329986
11502 3.042325
11503 1.768156
