374

71 1.756092
131 1.808965
173 3.184512
180 4.217837
210 5.215152
213 0.840757
217 1.617930
294 2.738384
418 0.824570
423 1.240074
447 2.413810
455 0.753857
457 1.061691
536 0.905875
591 2.261263
596 2.716346
599 2.317201
614 1.925471
624 2.437354
625 1.925471
638 1.863323
684 1.893286
697 1.638612
746 2.738384
790 4.680888
812 3.039414
831 0.819306
842 2.562293
878 2.261263
895 0.846290
897 0.860437
917 0.574031
969 2.738384
981 6.083601
996 2.039414
1002 1.307020
1020 2.562293
1050 2.990692
1060 5.476768
1112 1.530513
1134 4.680888
1157 2.630276
1235 2.261263
1285 1.349218
1295 1.219870
1301 2.194316
1333 5.680692
1370 1.109995
1385 2.096376
1390 1.307020
1425 2.340444
1430 5.124586
1455 2.698436
1458 2.562293
1487 3.352068
1503 1.717195
1532 0.779343
1592 1.120336
1605 0.893286
1727 1.925471
1730 1.548052
1797 1.405909
1872 1.276027
1880 1.395961
1903 2.039414
1947 3.314747
1983 2.194316
1989 1.459631
2000 0.986336
2046 1.018225
2054 1.459631
2058 0.899535
2059 1.863323
2071 1.942457
2131 1.018225
2165 0.808965
2186 1.608050
2214 1.925471
2248 1.141787
2259 0.853261
2278 1.219870
2290 1.534264
2299 2.562293
2330 2.261263
2334 3.039414
2363 1.022381
2452 1.562293
2455 0.851893
2499 1.307020
2507 0.380449
2518 2.473711
2530 0.717195
2536 1.367316
2548 1.026577
2603 5.426896
2651 0.784142
2677 3.096105
2720 1.052642
2733 3.039414
2746 5.124586
2906 1.835294
2908 2.194316
2913 1.925471
2948 1.331844
2956 1.534264
3100 1.998021
3130 3.992086
3179 0.772242
3243 2.003975
3344 6.192210
3352 1.960233
3440 2.340444
3466 1.641474
3482 0.967532
3498 1.459631
3540 3.476768
3567 0.711035
3573 0.788994
3633 1.219870
3637 2.272648
3683 1.070931
3694 1.240074
3770 1.349218
3780 1.483112
3823 1.268562
3826 1.405946
3841 0.954243
3951 2.819841
4036 3.039414
4060 1.808965
4063 2.189863
4107 1.998021
4148 0.978716
4215 0.998169
4232 2.562293
4310 2.044762
4355 7.241748
4356 2.738384
4371 2.738384
4413 1.005990
4418 2.562293
4420 1.696991
4473 1.925471
4572 1.998021
4599 2.738384
4632 2.136324
4670 1.624441
4677 0.539727
4681 1.677686
4722 4.379726
4734 0.619458
4738 0.572546
4764 1.152923
4771 1.548052
4866 0.945992
4943 0.572546
4966 8.448336
4967 1.349218
5025 3.363028
5026 1.240074
5050 0.945992
5053 1.080373
5067 1.164353
5086 1.520900
5100 0.700958
5154 1.808965
5220 3.039414
5288 2.562293
5460 1.247022
5491 2.834558
5632 1.835294
5651 1.315138
5681 1.147320
5689 1.676034
5692 0.753857
5821 0.918840
5833 0.998169
5839 1.960233
5851 0.846290
5870 1.592256
5880 0.835294
5885 0.706976
5926 0.698970
5962 1.349218
5964 1.659203
6028 2.437354
6046 5.749417
6049 2.738384
6060 0.971228
6112 1.504785
6211 1.226501
6240 1.448350
6274 3.601695
6285 1.784142
6291 0.806418
6308 0.749380
6348 3.068528
6351 2.261263
6415 5.572946
6433 1.516762
6456 1.612836
6504 0.872097
6587 0.622774
6649 1.471212
6652 1.717195
6697 2.194316
6722 2.437354
6779 1.592256
6792 1.558758
6816 0.978716
6828 2.151584
6849 2.136324
6864 1.308809
6874 0.500338
6909 0.747158
6912 2.738384
6965 3.441959
6967 2.261263
7061 0.478313
7062 1.375730
7111 0.998169
7118 0.611279
7217 0.796376
7246 2.437354
7255 1.641474
7297 1.534264
7318 3.124586
7319 2.136324
7338 3.786572
7342 1.863323
7343 2.136324
7361 2.738384
7419 2.039414
7425 1.760661
7475 2.562293
7498 5.332005
7504 2.261263
7534 1.608050
7543 2.437354
7580 2.508169
7604 8.296014
7643 0.942504
7651 1.998021
7704 2.139235
7709 0.679579
7738 1.066286
7788 1.060423
7797 2.437354
7826 1.299051
7837 1.659203
7859 0.301427
7878 1.863323
7887 0.971228
7896 1.437354
7989 1.048188
8016 0.939044
8046 1.219870
8059 9.810217
8104 1.386202
8153 2.437354
8157 0.939044
8165 2.562293
8213 2.136324
8381 2.328706
8396 1.608050
8455 0.872539
8462 1.226501
8474 1.965019
8482 2.087558
8667 1.641474
8702 2.646822
8707 2.261263
8731 2.039414
8741 3.741067
8762 1.448350
8780 1.291226
8826 2.659241
8909 1.577016
8912 1.893286
8917 2.562293
8919 0.760661
8931 0.266359
8954 1.925471
8996 2.437354
8999 1.835294
9006 1.863323
9007 3.039414
9031 3.536312
9072 2.340444
9073 5.124586
9095 1.194316
9104 0.893286
9138 1.347852
9166 2.437354
9171 1.592256
9261 2.753313
9328 0.915562
9403 2.437354
9404 1.863323
9424 2.966223
9429 4.272648
9530 3.039414
9538 1.052642
9593 0.949509
9618 0.960233
9669 0.774596
9686 2.136324
9722 4.272648
9733 4.874708
9745 2.437354
9767 1.984775
9860 5.352425
9863 1.219870
9903 2.381704
9919 1.109995
9935 2.039414
9942 1.386202
9968 2.562293
10020 2.340444
10036 0.736218
10058 0.606445
10066 2.562293
10071 2.085172
10084 1.624441
10085 1.039414
10086 3.226879
10111 5.426896
10195 0.846290
10249 0.963867
10279 1.005990
10282 1.925471
10285 2.039414
10305 4.345049
10309 0.994091
10396 1.014108
10397 0.846290
10423 0.698970
10491 1.147320
10501 1.471212
10513 3.039414
10515 1.624441
10530 1.164353
10543 1.960233
10547 1.717195
10548 2.982273
10591 1.200565
10614 1.677686
10619 1.057738
10701 0.786561
10718 1.717195
10890 1.396149
11036 2.437354
11053 3.850942
11064 2.136324
11084 1.677686
11116 2.738384
11188 2.738384
11283 2.085172
11287 1.043779
11298 1.182082
11332 0.715132
11335 1.043779
11373 2.039414
11396 1.885008
11397 0.974956
11443 1.891985
11526 2.670585
11532 1.304049
11543 1.261263
11544 1.624441
11547 1.039414
11551 1.808965
11600 0.351885
11603 2.194316
