213

20 0.100105
71 0.029633
79 0.031121
128 0.184832
175 0.041392
176 0.045836
252 0.054269
398 0.046460
404 0.018402
466 0.061938
512 0.046782
594 0.060212
604 0.050465
629 0.062884
637 0.043062
785 0.086473
798 0.088220
828 0.066155
885 0.066155
990 0.045238
1136 0.092416
1374 0.072097
1384 0.059419
1400 0.047111
1444 0.049260
1455 0.045534
1466 0.092040
1467 0.062884
1487 0.028282
1652 0.052244
1721 0.025215
1803 0.042323
1804 0.089326
1872 0.021532
1902 0.273796
1917 0.063895
1924 0.055397
1989 0.049260
2126 0.068827
2131 0.034363
2146 0.055397
2154 0.022871
2224 0.038720
2249 0.059419
2259 0.043194
2263 0.094897
2268 0.128355
2401 0.068827
2527 0.078986
2543 0.038533
2550 0.108179
2580 0.076314
2626 0.039893
2653 0.050890
2690 0.098710
2763 0.051035
2996 0.045238
3028 0.062884
3150 0.039691
3177 0.039101
3203 0.057224
3217 0.068827
3243 0.033815
3246 0.078986
3449 0.058668
3450 0.058668
3489 0.047448
3493 0.059419
3531 0.026627
3591 0.072097
3661 0.061050
3681 0.039101
3683 0.036142
3694 0.041850
3810 0.092416
3841 0.016102
3951 0.071374
4079 0.049260
4340 0.246301
4439 0.082257
4451 0.059265
4488 0.061938
4520 0.024629
4582 0.050465
4768 0.092416
4841 0.057271
4866 0.031926
4929 0.092416
4943 0.019323
5023 0.036142
5053 0.036461
5064 0.039893
5070 0.062884
5100 0.023656
5199 0.359580
5363 0.041850
5386 0.343624
5394 0.016801
5460 0.042085
5529 0.021826
5549 0.066155
5550 0.086473
5689 0.028282
5706 0.053222
5734 0.170788
5925 0.054822
5948 0.029136
6060 0.032777
6070 0.025067
6094 0.092416
6112 0.016928
6123 0.057953
6291 0.027215
6317 0.023724
6421 0.079742
6436 0.030789
6456 0.027215
6635 0.041620
6792 0.070141
6838 0.037810
6864 0.014723
6898 0.078986
6916 0.078986
6962 0.040517
7062 0.011607
7111 0.033687
7126 0.129915
7143 0.031121
7178 0.579973
7182 0.044948
7369 0.042566
7385 0.051966
7387 0.042566
7460 0.066835
7498 0.035989
7709 0.045869
7713 0.047793
7738 0.035985
7788 0.035788
7826 0.043841
7857 0.064981
7859 0.020345
7861 0.047045
7876 0.052244
7931 0.055995
7946 0.069291
7981 0.031233
8007 0.028282
8060 0.082257
8085 0.050890
8157 0.031691
8326 0.042812
8351 0.041620
8372 0.060212
8377 0.042323
8404 0.035248
8445 0.053736
8461 0.076314
8470 0.038909
8508 0.043317
8653 0.036461
8761 0.100861
8767 0.095165
8826 0.029915
8877 0.092416
8919 0.051342
8931 0.008989
9059 0.018308
9075 0.051328
9115 0.037289
9261 0.046460
9328 0.030899
9444 0.031691
9461 0.024344
9719 0.057953
9747 0.031926
9767 0.009569
9770 0.034504
9811 0.030680
9871 0.040948
9903 0.053586
9977 0.055397
9996 0.086473
10018 0.050053
10058 0.061400
10063 0.092289
10082 0.042323
10249 0.032529
10279 0.033951
10401 0.103511
10403 0.046460
10426 0.184832
10433 0.035525
10515 0.054822
10556 0.039893
10714 0.074055
10880 0.055995
10933 0.122099
10990 0.068827
10999 0.047111
11015 0.036301
11031 0.048879
11097 0.070371
11194 0.068449
11287 0.035226
11320 0.067631
11364 0.048508
11376 0.015667
11396 0.031808
11423 0.027562
11468 0.082257
11625 0.037289
11637 0.031346
