287

173 3.184512
180 2.811891
210 1.738384
213 1.681514
217 0.808965
423 1.240074
447 2.413810
455 0.753857
457 1.061691
516 2.340444
536 0.905875
591 2.261263
596 1.358173
599 1.158601
614 1.925471
624 2.437354
634 1.233234
665 0.632874
684 1.893286
697 1.638612
790 4.680888
842 2.562293
917 0.574031
921 1.548052
969 2.738384
981 6.083601
994 1.448350
996 2.039414
1050 1.495346
1112 0.765256
1141 1.323411
1157 1.315138
1167 1.459631
1278 1.268562
1285 1.349218
1295 2.439740
1304 2.437354
1333 5.680692
1370 1.109995
1385 2.096376
1390 1.307020
1425 2.340444
1430 2.562293
1455 1.349218
1458 2.562293
1487 2.514051
1503 1.717195
1592 1.120336
1605 0.893286
1712 2.136324
1727 1.925471
1797 1.405909
1880 1.395961
1903 2.039414
1947 4.419663
1989 1.459631
2000 0.986336
2054 2.919261
2058 0.899535
2059 1.863323
2071 0.971228
2165 0.808965
2278 1.219870
2290 1.534264
2299 2.562293
2330 2.261263
2362 2.261263
2421 0.986336
2438 1.998021
2452 1.562293
2455 0.851893
2499 1.307020
2507 0.380449
2518 1.649141
2530 0.717195
2536 2.734633
2548 1.026577
2596 1.677686
2603 5.426896
2651 0.784142
2687 1.448350
2696 0.683388
2718 2.551972
2762 0.470040
2906 1.835294
2913 1.925471
2948 1.331844
3055 2.738384
3082 1.717195
3099 1.925471
3130 3.992086
3243 2.003975
3344 1.548052
3351 1.094931
3352 1.960233
3440 2.340444
3482 0.967532
3521 1.254084
3545 3.039414
3573 0.788994
3599 1.158601
3633 1.219870
3637 2.272648
3751 1.677686
3770 1.349218
3780 1.483112
3783 1.471212
3823 2.537124
3826 1.405946
3841 0.477121
3891 1.315138
3914 1.738384
3951 1.409921
4063 1.094931
4107 1.998021
4215 0.499085
4232 2.562293
4310 1.022381
4355 7.241748
4403 1.863323
4473 1.925471
4536 1.998021
4537 1.109995
4599 2.738384
4677 0.539727
4681 1.677686
4722 3.284794
4734 0.619458
4738 1.717639
4744 2.261263
4764 1.152923
4966 8.448336
5025 0.840757
5050 0.945992
5054 1.925471
5078 2.261263
5100 0.700958
5213 2.136324
5224 1.925471
5288 2.562293
5491 0.809874
5526 1.592256
5692 0.753857
5753 0.650248
5821 0.918840
5833 1.497254
5851 0.846290
5880 1.670588
5885 0.706976
5926 1.397940
5962 1.349218
5964 1.659203
6046 5.749417
6060 0.971228
6112 0.501595
6240 1.448350
6274 2.401130
6283 1.075626
6291 0.806418
6348 1.534264
6415 2.786473
6456 1.612836
6587 0.622774
6631 1.386202
6649 4.413637
6697 2.194316
6722 2.437354
6792 1.558758
6816 0.978716
6828 2.151584
6838 1.120336
6849 2.136324
6860 1.254084
6864 1.308809
6909 0.747158
6967 2.261263
7001 1.358173
7062 1.031797
7118 0.611279
7217 0.796376
7297 1.534264
7318 3.124586
7338 5.679858
7343 2.136324
7419 2.039414
7498 3.554670
7504 2.261263
7543 2.437354
7580 1.254084
7590 3.039414
7604 3.318406
7622 2.261263
7646 1.760661
7788 1.590635
7847 0.932204
7859 0.301427
7887 0.971228
7896 1.437354
7950 2.562293
7989 1.048188
8046 1.219870
8059 9.810217
8157 0.939044
8165 2.562293
8294 0.925471
8353 1.548052
8404 0.522218
8419 1.141787
8455 0.436270
8462 1.226501
8474 2.947528
8482 3.131337
8662 1.188156
8702 1.323411
8707 2.261263
8741 3.741067
8762 1.448350
8767 0.704960
8819 1.299051
8826 3.013807
8860 1.925471
8917 2.562293
8919 0.760661
8999 1.835294
9031 1.768156
9047 0.829899
9072 2.340444
9073 5.124586
9095 1.194316
9104 0.893286
9132 0.731918
9165 2.562293
9166 4.874708
9261 1.376656
9324 1.998021
9328 0.915562
9424 1.483112
9429 4.272648
9462 1.641474
9587 1.291226
9722 2.136324
9732 2.562293
9733 2.437354
9755 1.534264
9767 1.417696
9774 0.956629
9860 3.568283
9903 1.587803
9919 1.109995
9942 2.772403
10010 1.061691
10020 2.340444
10036 0.736218
10057 1.299051
10069 1.592256
10071 2.085172
10084 1.624441
10086 4.302505
10195 0.846290
10249 0.963867
10276 2.426896
10282 3.850942
10285 2.039414
10305 4.345049
10397 0.846290
10491 1.147320
10501 1.471212
10547 1.717195
10548 0.994091
10614 1.677686
10701 0.786561
10718 1.717195
10890 1.396149
11053 3.850942
11064 2.136324
11287 2.087558
11332 0.715132
11335 1.043779
11340 0.986336
11373 2.039414
11397 0.974956
11526 2.670585
11532 0.652024
11543 1.261263
11544 1.624441
11551 1.808965
11600 0.351885
