228

217 0.808965
404 1.090519
531 0.918840
586 0.747158
661 5.910408
696 2.085172
697 0.819306
726 3.786572
764 1.577016
870 1.925471
875 3.425361
876 1.548052
895 0.846290
917 1.148063
1028 2.753313
1064 1.426630
1231 1.022381
1284 1.080373
1295 1.219870
1492 24.334403
1632 1.808965
1640 2.085172
1641 3.897154
1642 2.194316
1650 2.085172
1760 1.507935
1828 1.696991
1853 1.696991
1897 1.863323
1950 1.534264
1976 5.426896
2115 0.922143
2267 1.247022
2363 1.022381
2502 4.187884
2518 0.824570
2565 1.416165
2567 2.562293
2575 0.956629
2762 1.410121
2768 2.020061
2824 1.158601
2995 1.495346
3037 1.738384
3054 1.331844
3060 1.426630
3095 1.181416
3121 1.568283
3126 2.340444
3261 2.340444
3349 1.738384
3374 1.170182
3414 1.109995
3415 4.158605
3417 1.075626
3531 0.788994
3599 2.317201
3681 1.158601
3691 0.742749
3787 1.416165
3887 1.386202
3938 1.233234
4005 1.094931
4033 2.567079
4179 1.483112
4186 1.863323
4211 0.912309
4228 2.738384
4237 6.099351
4266 1.052642
4441 2.562293
4451 3.512184
4535 2.085172
4614 1.426630
4633 21.560312
4673 2.340444
4677 0.539727
4849 1.395961
5190 2.261263
5270 1.395961
5351 1.960233
5379 5.426896
5394 3.484844
5460 1.247022
5468 2.388632
5482 1.893286
5506 2.136324
5521 2.614041
5529 1.293434
5692 0.753857
5732 0.786561
5749 0.967532
5792 0.974956
5821 4.594201
5831 4.874708
5833 0.998169
5849 2.853261
5851 2.538869
5880 1.670588
5923 3.039414
5945 1.141787
5948 1.726646
6069 2.261263
6112 0.501595
6193 1.437354
6217 6.034526
6240 2.896699
6279 2.039414
6317 0.702954
6323 1.863323
6466 2.151253
6504 0.872097
6570 0.998021
6572 1.534264
6858 2.261858
6864 0.436270
6925 3.476768
7060 0.932204
7095 1.835294
7111 1.497254
7118 3.667676
7123 1.164353
7124 1.562293
7411 1.786572
7530 0.998021
7580 1.254084
7655 2.766428
7656 3.945415
7694 3.884815
7760 0.666502
7782 1.641474
7876 1.548052
7877 1.608050
7908 1.960233
7915 1.043779
7937 1.495346
7985 1.863323
8073 1.624441
8085 3.015870
8111 1.035093
8117 1.577016
8186 4.644157
8227 1.633395
8237 1.170182
8239 1.784142
8241 1.018225
8255 2.194316
8271 0.925471
8272 0.884078
8295 1.358173
8332 1.483112
8452 1.738384
8498 1.340444
8516 2.437354
8539 1.336693
8605 0.738384
8641 1.254084
8739 2.437354
8767 0.704960
8826 1.950110
8919 0.760661
8930 1.048188
9047 2.489697
9061 1.315138
9079 3.124586
9083 1.893286
9087 9.373757
9118 1.548052
9130 1.535145
9132 0.731918
9138 2.695705
9139 2.340444
9146 1.562293
9255 1.405946
9270 1.075626
9280 1.158601
9288 1.960233
9366 1.340444
9378 2.772403
9397 2.136324
9407 7.655917
9438 1.562293
9454 2.738384
9473 1.483112
9568 1.066286
9634 1.247022
9649 2.437354
9693 2.340444
9747 0.945992
9761 2.505882
9801 2.340444
9803 3.039414
9865 0.796376
9872 1.141787
10058 0.606445
10235 1.405946
10309 0.994091
10378 1.366777
10396 1.014108
10405 1.835294
10416 2.562293
10423 0.698970
10465 4.021332
10475 0.539727
10487 0.596934
10509 0.704960
10534 1.471212
10537 1.534264
10541 1.386202
10544 5.327376
10619 1.057738
10650 2.738384
10651 1.233234
10661 1.507935
10947 1.960233
11115 2.966223
11152 0.893286
11335 1.043779
11376 0.464226
11451 0.884078
11457 3.355373
11458 3.418891
11466 7.769966
11475 1.459631
11502 1.014108
11503 3.536312
11539 1.592256
11600 1.759426
