254

23 0.039604
97 0.070718
217 0.031465
346 0.019707
402 0.094802
461 0.199323
526 0.061932
565 0.094802
608 0.085349
660 0.065254
781 0.064536
796 0.118220
887 0.087953
934 0.070361
1015 0.094802
1027 0.106511
1145 0.118220
1149 0.063183
1150 0.118220
1228 0.099662
1333 0.031565
1338 0.118220
1383 0.091033
1385 0.081540
1402 0.087953
1456 0.033025
1506 0.043374
1538 0.079324
1617 0.050223
1632 0.070361
1643 0.040598
1646 0.106511
1653 0.057686
1660 0.170698
1712 0.083093
1730 0.060212
1835 0.050223
1859 0.306644
1861 0.118220
1872 0.024816
1893 0.118220
1924 0.063846
1984 0.118220
1996 0.077714
2073 0.107091
2162 0.091033
2259 0.016594
2313 0.052827
2325 0.091033
2326 0.118220
2340 0.039604
2354 0.085349
2399 0.118220
2463 0.069395
2504 0.049630
2506 0.066791
2507 0.029596
2524 0.040770
2532 0.047705
2584 0.085349
2607 0.118220
2627 0.029765
2641 0.073640
2678 0.072475
2690 0.037921
2725 0.072475
2752 0.057686
2762 0.018282
2768 0.039286
2797 0.079324
2818 0.063846
2839 0.106511
2908 0.085349
2925 0.083093
2996 0.052137
3102 0.062546
3144 0.061932
3203 0.021984
3256 0.118220
3267 0.099662
3288 0.106511
3299 0.068482
3325 0.263859
3347 0.099662
3370 0.043174
3466 0.063846
3473 0.029855
3485 0.058162
3567 0.027656
3592 0.066005
3605 0.052478
3626 0.075265
3673 0.052478
3691 0.057779
3841 0.018558
3861 0.118220
3886 0.094802
3892 0.087953
3954 0.087953
4008 0.118220
4131 0.138790
4179 0.057686
4180 0.118220
4181 0.059156
4196 0.142759
4212 0.077714
4220 0.118220
4222 0.118220
4413 0.039128
4462 0.088821
4515 0.106511
4534 0.045978
4537 0.043174
4542 0.055082
4579 0.118220
4623 0.059676
4624 0.296048
4708 0.026805
4729 0.046697
4733 0.106511
4738 0.066808
4943 0.022269
5009 0.053546
5300 0.079324
5363 0.048233
5397 0.076244
5437 0.091033
5469 0.099662
5643 0.118220
5700 0.106511
5732 0.030594
5753 0.025292
5797 0.041474
5807 0.061339
5810 0.118220
5821 0.107216
5827 0.053917
5833 0.019412
5845 0.085349
5885 0.054996
5920 0.047967
5934 0.077714
5949 0.035739
5962 0.052478
6112 0.019510
6123 0.066791
6135 0.118220
6141 0.065254
6240 0.112669
6341 0.106511
6345 0.070361
6355 0.106511
6469 0.087953
6528 0.118220
6616 0.034988
6622 0.106511
6687 0.118220
6864 0.033938
6909 0.029061
6962 0.093393
6977 0.236439
7047 0.047193
7061 0.018604
7082 0.044626
7097 0.118220
7105 0.118220
7111 0.058236
7140 0.118220
7177 0.091033
7192 0.087953
7368 0.042022
7373 0.099662
7404 0.043781
7460 0.038514
7498 0.069130
7511 0.061932
7530 0.038819
7534 0.062546
7635 0.027420
7707 0.041474
7709 0.026433
7724 0.106511
7729 0.081104
7730 0.064536
7737 0.052827
7775 0.052137
7859 0.011724
7861 0.027110
7872 0.055082
7878 0.072475
7882 0.118220
7972 0.048778
7995 0.071385
8240 0.059676
8332 0.057686
8348 0.059676
8395 0.081104
8452 0.067615
8488 0.072475
8539 0.025996
8582 0.122678
8605 0.028720
8678 0.099662
8845 0.073640
8919 0.029586
8930 0.040770
9034 0.047967
9047 0.032279
9093 0.147726
9094 0.087953
9099 0.051153
9107 0.050223
9379 0.057224
9461 0.056115
9590 0.099662
9647 0.118220
9663 0.118220
9689 0.106511
9693 0.091033
9767 0.022057
9825 0.079324
9827 0.099662
9858 0.087953
9861 0.118220
9918 0.106511
9927 0.099662
10149 0.118220
10173 0.106511
10195 0.032917
10240 0.118220
10279 0.078257
10378 0.106323
10405 0.071385
10438 0.077714
10509 0.027420
10556 0.091955
10597 0.118220
10652 0.118220
10695 0.118220
10845 0.118220
10895 0.085349
11066 0.099662
11072 0.118220
11218 0.118220
11298 0.045978
11300 0.087953
11306 0.068748
11359 0.072475
11423 0.063532
11505 0.055489
11523 0.083758
11526 0.034625
11564 0.062546
11600 0.041060
