155

178 0.087894
180 0.065269
196 0.118951
210 0.322810
292 0.155307
404 0.025313
508 0.035960
536 0.042054
599 0.053787
633 0.112058
652 0.254253
806 0.063910
978 0.423304
1009 0.237903
1044 0.059944
1221 0.104976
1231 0.047463
1333 0.037674
1370 0.051530
1723 0.128706
1797 0.097902
1807 0.043120
1865 0.099176
1896 0.062636
1939 0.065269
1947 0.051294
2275 0.113151
2301 0.165653
2327 0.113151
2507 0.017662
2530 0.033295
2536 0.063476
2548 0.047658
2552 0.048456
2576 0.039680
2647 0.113151
2718 0.059236
2763 0.035102
2824 0.053787
2889 0.091002
2948 0.061829
2996 0.124457
3130 0.092664
3275 0.028378
3351 0.050831
3374 0.054324
3453 0.141101
3542 0.077885
3567 0.099027
3573 0.036628
3592 0.078781
3613 0.046702
3626 0.044917
3751 0.077885
3778 0.086503
3823 0.058892
3826 0.065269
3858 0.096802
3880 0.141101
3988 0.081737
4179 0.137703
4215 0.023169
4413 0.046702
4507 0.099176
4550 0.119887
4575 0.113151
4613 0.083813
4619 0.141101
4677 0.025056
4708 0.063987
4734 0.028758
4966 0.280146
4967 0.250544
5025 0.039031
5324 0.045088
5394 0.046223
5491 0.018799
5492 0.079719
5740 0.058892
5817 0.064353
5826 0.052502
5885 0.032821
5948 0.040079
5962 0.062636
6112 0.093144
6308 0.034789
6433 0.035207
6456 0.074874
6874 0.023228
6909 0.034686
6914 0.104976
7062 0.031933
7111 0.046339
7212 0.079719
7217 0.036971
7238 0.089388
7369 0.117105
7419 0.189355
7498 0.082511
7518 0.096802
7655 0.042809
7737 0.063052
7788 0.024614
7808 0.077885
7887 0.045088
7946 0.047658
8054 0.096802
8059 0.101206
8234 0.059236
8394 0.171754
8455 0.040507
8474 0.091224
8482 0.048456
8619 0.059236
8741 0.289458
8780 0.059944
8913 0.237903
8924 0.056328
8931 0.037096
8956 0.050155
8971 0.060677
9047 0.038527
9106 0.078781
9189 0.067238
9238 0.080702
9429 0.099176
9480 0.075413
9578 0.118951
9642 0.059587
9747 0.043917
9872 0.053006
9903 0.036856
9942 0.064353
9950 0.061054
10086 0.099869
10305 0.067238
10352 0.045088
10397 0.196440
10491 0.053263
10591 0.055735
10614 0.077885
10646 0.056328
10759 0.141101
10811 0.101869
11287 0.096912
11306 0.082054
11373 0.189355
11397 0.226306
11475 0.067762
11523 0.024992
11526 0.123979
11543 0.058553
11600 0.016336
11609 0.168984
11671 0.073919
