41

103 0.164487
661 0.159392
917 0.077402
1382 0.274995
1492 0.410156
1642 0.295882
1643 0.140743
1896 0.181929
2828 0.315585
3590 0.295882
3691 0.100152
4237 0.164487
4526 0.221336
4633 0.193813
5270 0.188231
5394 0.201384
5398 0.295882
6193 0.193813
6559 0.134573
7118 0.082425
7411 0.120451
7934 0.409835
8089 0.255291
8098 0.168148
8241 0.137297
8956 0.145677
9061 0.354666
9366 0.180745
9407 0.172054
9628 0.328653
9677 0.171053
9767 0.038232
10195 0.114114
10378 0.092148
10465 0.180745
10651 0.166289
11003 0.193813
11299 0.345499
11458 0.115251
11502 0.136742
11600 0.047448
