182

131 1.808965
179 2.537124
194 0.723444
313 1.448350
340 1.998021
418 0.824570
549 1.459631
586 0.747158
819 3.039414
977 3.039414
979 3.039414
1112 4.591538
1158 2.562293
1269 0.939044
1296 0.974956
1333 1.623055
1370 1.109995
1506 1.115135
1532 1.558685
1635 2.738384
1725 2.401130
1797 0.702954
1820 3.154032
1872 0.638014
1947 1.104916
1983 2.194316
2054 2.919261
2080 2.340444
2084 0.990196
2120 2.136324
2131 1.018225
2154 1.355373
2181 1.738384
2194 2.039414
2304 1.109995
2507 0.760899
2518 1.649141
2536 2.734633
3044 4.272648
3050 1.659203
3057 2.261263
3099 1.925471
3122 0.765256
3130 0.998021
3137 1.863323
3179 0.772242
3435 2.437354
3507 3.476768
3521 1.254084
3542 1.677686
3558 1.206905
3599 1.158601
3709 2.261263
3751 1.677686
3818 0.704960
3823 1.268562
3898 2.085172
3914 1.738384
3951 2.114881
4035 4.388632
4278 1.534264
4293 1.863323
4355 1.448350
4520 0.729784
4536 1.998021
4537 2.219990
4670 3.248882
4708 2.067498
4722 1.094931
4734 1.238917
4757 4.388632
4966 1.206905
4967 1.349218
5025 1.681514
5026 1.240074
5055 1.925471
5328 2.136324
5394 0.497835
5460 1.247022
5491 0.404937
5529 0.646717
5539 3.039414
5612 1.677686
5613 1.960233
5659 2.562293
5692 2.261570
5732 0.786561
5734 0.562293
5740 1.268562
5949 0.918840
6053 3.039414
6073 1.835294
6203 1.998021
6296 5.124586
6433 0.758381
6504 1.744194
6616 0.899535
6635 4.932937
6657 1.471212
6758 3.039414
6774 2.738384
6792 1.039172
6838 1.120336
6874 1.000676
6921 3.039414
7062 0.343932
7111 0.499085
7120 0.832588
7126 0.769901
7337 3.039414
7369 1.261263
7385 0.769901
7419 6.118242
7587 3.124586
7704 2.139235
7788 0.530212
7794 1.448350
7805 6.078828
7847 0.932204
8016 0.939044
8027 2.716346
8135 3.039414
8165 2.562293
8240 1.534264
8404 0.522218
8419 1.141787
8455 0.436270
8462 1.226501
8474 0.982509
8475 1.349218
8728 1.233234
8741 1.247022
8826 1.772827
8919 2.281982
8927 6.078828
8971 9.149143
8972 3.039414
9031 0.884078
9059 0.542484
9104 0.893286
9284 1.577016
9338 1.760661
9373 2.261263
9378 1.386202
9380 1.136324
9397 2.136324
9404 1.863323
9488 2.738384
9562 5.895056
9566 2.562293
9568 1.066286
9587 1.291226
9650 2.738384
9767 0.283539
9950 1.315138
10070 1.893286
10082 1.254084
10104 2.562293
10136 2.738384
10248 3.670588
10305 2.896699
10327 1.416165
10403 1.376656
10475 0.539727
10591 1.200565
10646 1.213339
10743 3.039414
10976 2.562293
11165 1.677686
11210 1.698165
11283 4.170343
11287 4.175116
11306 0.589165
11340 0.986336
11380 1.893286
11394 2.437354
11397 0.974956
11419 2.562293
11502 1.014108
11526 0.890195
11600 0.351885
11625 1.104916
