279

78 0.079654
103 0.063939
130 0.071765
179 0.033245
194 0.094797
204 0.034466
308 0.023994
318 0.021610
399 0.051372
509 0.044473
552 0.026259
619 0.067150
632 0.025950
634 0.032320
661 0.092937
695 0.046757
697 0.021472
726 0.049618
805 0.079654
806 0.036078
823 0.071765
876 0.040570
916 0.047408
917 0.015044
930 0.040570
965 0.025260
1028 0.036078
1053 0.026259
1112 0.020055
1273 0.067150
1484 0.043018
1492 0.956602
1507 0.035594
1605 0.023410
1641 0.034044
1649 0.046180
1666 0.019756
1677 0.044473
1785 0.046142
1787 0.055987
1826 0.059261
1828 0.044473
1844 0.063876
1879 0.057507
1976 0.047408
1979 0.043018
2005 0.030364
2024 0.026794
2126 0.053447
2128 0.053447
2182 0.061336
2205 0.039519
2213 0.097665
2267 0.032681
2268 0.039869
2348 0.025070
2402 0.071765
2444 0.041329
2486 0.042142
2502 0.073168
2507 0.039882
2518 0.021610
2572 0.046338
2651 0.020550
2689 0.067150
2726 0.071765
2762 0.049274
2768 0.026470
2769 0.087673
2828 0.061336
2995 0.078377
2996 0.035129
3054 0.034904
3060 0.037388
3089 0.051372
3095 0.030962
3121 0.020550
3131 0.039519
3275 0.016020
3370 0.029090
3417 0.056378
3481 0.055987
3485 0.039189
3531 0.041355
3566 0.059261
3567 0.018634
3573 0.020677
3599 0.030364
3601 0.057507
3691 0.038931
3700 0.033638
3729 0.079654
3745 0.079654
3780 0.038868
3826 0.036846
3841 0.012504
3971 0.037669
4002 0.079654
4046 0.050461
4133 0.071765
4154 0.061336
4165 0.067150
4179 0.038868
4186 0.048832
4196 0.038475
4266 0.027587
4310 0.026794
4403 0.048832
4437 0.038556
4451 0.023011
4453 0.063876
4547 0.041728
4550 0.033839
4573 0.028507
4633 0.339020
4648 0.079654
4734 0.016234
4772 0.057507
4813 0.067150
4875 0.039858
4911 0.067150
4943 0.015005
4999 0.079654
5036 0.040943
5269 0.079654
5270 0.073168
5351 0.051372
5379 0.047408
5394 0.143515
5460 0.032681
5482 0.049618
5521 0.034253
5529 0.067794
5689 0.021962
5709 0.052362
5743 0.019639
5753 0.017041
5792 0.051102
5795 0.030667
5821 0.096321
5833 0.039239
5849 0.074776
5851 0.022179
5873 0.057507
5880 0.021891
5920 0.032320
6070 0.019465
6071 0.032468
6112 0.026291
6160 0.061336
6193 0.037669
6217 0.094889
6227 0.030364
6231 0.071765
6279 0.053447
6485 0.055987
6514 0.040209
6559 0.078466
6572 0.080417
6864 0.011433
7069 0.050461
7111 0.052318
7118 0.048060
7217 0.020871
7422 0.047408
7460 0.025950
7498 0.009316
7515 0.036846
7530 0.052311
7583 0.043483
7655 0.048333
7656 0.068932
7668 0.043018
7679 0.050461
7694 0.061086
7697 0.059261
7704 0.018688
7759 0.047408
7760 0.017467
7872 0.037114
7909 0.059261
7932 0.050461
8007 0.021962
8016 0.024610
8024 0.059261
8061 0.046757
8083 0.018634
8227 0.021403
8230 0.047408
8234 0.033440
8241 0.053369
8254 0.079654
8271 0.024254
8295 0.035594
8362 0.063876
8384 0.051372
8404 0.013686
8419 0.029923
8455 0.011433
8479 0.046142
8539 0.017515
8605 0.019351
8641 0.032866
8667 0.043018
8728 0.032320
8802 0.059261
8826 0.046461
8902 0.071765
8919 0.059804
8930 0.027470
8956 0.028313
9034 0.032320
9079 0.081886
9083 0.049618
9095 0.031300
9118 0.040570
9119 0.079654
9130 0.020116
9137 0.037957
9189 0.037957
9220 0.059261
9255 0.036846
9280 0.030364
9357 0.036078
9378 0.036328
9454 0.071765
9461 0.018905
9473 0.038868
9477 0.079654
9557 0.044473
9568 0.027944
9579 0.034466
9607 0.045558
9608 0.059261
9635 0.040570
9747 0.024792
9832 0.046757
9872 0.059846
9908 0.040943
9930 0.053447
9934 0.047408
9949 0.054646
9958 0.067150
10097 0.050461
10180 0.071765
10302 0.037957
10309 0.026052
10378 0.017910
10396 0.053154
10433 0.027587
10461 0.041329
10465 0.035129
10491 0.030068
10541 0.108985
10544 0.034904
10596 0.031300
10613 0.055987
10701 0.020614
10718 0.045003
10780 0.079654
10804 0.061336
10818 0.034044
10925 0.055987
10964 0.059261
11115 0.038868
11152 0.023410
11295 0.031798
11306 0.077202
11335 0.027354
11376 0.012166
11420 0.061336
11451 0.023169
11458 0.022400
11466 0.058180
11503 0.046338
11532 0.017088
11548 0.079654
11599 0.050461
11600 0.046109
