321

74 0.942504
98 2.132573
158 1.577016
179 3.805686
198 1.152923
210 1.738384
213 0.840757
219 2.738384
292 2.230270
302 2.738384
340 1.998021
402 2.437354
458 0.747158
486 1.395961
508 2.323789
531 0.918840
586 0.747158
806 1.376656
853 2.562293
872 1.677686
895 0.846290
917 1.148063
926 2.340444
981 1.520900
1033 2.039414
1044 2.582452
1050 1.495346
1112 2.295769
1149 1.624441
1197 1.495346
1229 3.039414
1296 0.974956
1333 4.057637
1343 1.641474
1366 2.194316
1370 2.219990
1425 2.340444
1532 0.779343
1600 4.522526
1702 2.562293
1723 1.386202
1725 2.401130
1797 2.108863
1803 1.254084
1820 1.577016
1824 2.738384
1835 1.291226
1856 2.136324
1872 0.638014
1880 2.791923
1947 1.104916
1997 1.483112
2022 1.717195
2032 4.680888
2054 1.459631
2091 1.219870
2134 4.686879
2154 1.355373
2171 1.784142
2224 1.147320
2259 0.426630
2278 2.439740
2301 1.784142
2370 2.562293
2375 3.434390
2378 1.696991
2421 0.986336
2455 0.851893
2499 1.307020
2507 0.380449
2518 2.473711
2530 0.717195
2603 1.808965
2687 1.448350
2718 2.551972
2762 0.470040
2948 3.995532
2983 1.367316
2996 1.340444
3014 0.990196
3018 3.726646
3037 1.738384
3044 2.136324
3045 1.925471
3100 3.996043
3130 6.986150
3137 3.726646
3179 2.316727
3243 1.001988
3275 0.611279
3289 2.680888
3344 3.096105
3370 1.109995
3374 1.170182
3386 1.240074
3460 1.624441
3473 1.535145
3507 1.738384
3521 1.254084
3531 2.366982
3567 0.711035
3578 1.835294
3598 3.068528
3599 3.475802
3627 1.254084
3751 1.677686
3754 1.863323
3758 1.182082
3783 1.471212
3795 1.395961
3823 1.268562
3841 0.954243
3878 2.437354
3951 3.524802
3952 2.272648
4021 9.118242
4107 1.998021
4145 1.577016
4211 0.912309
4215 0.998169
4260 3.039414
4266 1.052642
4317 1.254084
4355 1.448350
4538 2.240672
4568 1.624441
4573 0.543870
4613 0.902694
4670 1.624441
4677 0.539727
4708 0.689166
4727 1.925471
4734 0.619458
4764 1.152923
4898 3.039414
4905 3.039414
4966 6.034526
4967 1.349218
4978 1.495346
5025 0.840757
5055 1.925471
5071 1.998021
5135 0.593810
5174 1.507935
5214 3.039414
5252 3.039414
5394 0.995670
5460 1.247022
5491 0.404937
5505 3.039414
5521 1.307020
5529 0.646717
5531 1.835294
5610 4.272648
5620 1.376656
5753 0.650248
5822 3.039414
5826 1.130929
5833 3.493593
5851 2.538869
5885 0.706976
5926 0.698970
5947 1.247022
6046 1.437354
6071 0.619458
6097 1.094931
6112 3.009570
6283 1.075626
6290 3.039414
6308 0.749380
6380 1.885008
6415 0.928824
6466 1.075626
6494 3.039414
6504 0.872097
6530 2.562293
6616 1.799070
6631 1.386202
6792 0.519586
6799 1.358173
6813 0.786561
6838 1.120336
6839 1.307020
6864 0.436270
6982 1.760661
7008 0.878046
7062 0.343932
7082 1.147320
7111 0.998169
7233 3.039414
7318 1.562293
7343 2.136324
7353 1.717195
7362 2.039414
7369 1.261263
7381 3.039414
7389 1.426630
7404 1.125600
7474 3.039414
7498 2.132802
7504 2.261263
7518 2.085172
7530 0.998021
7587 1.562293
7607 1.835294
7635 0.704960
7692 3.039414
7704 0.713078
7709 0.679579
7730 1.659203
7788 0.530212
7799 3.039414
7837 1.659203
7867 1.495346
7876 1.548052
7904 1.275986
7907 3.039414
8016 0.939044
8059 2.180048
8111 1.035093
8145 2.261263
8191 4.170343
8215 2.039414
8227 0.816698
8394 1.233234
8404 0.522218
8417 1.835294
8455 0.436270
8462 1.226501
8474 1.965019
8475 1.349218
8482 1.043779
8641 1.254084
8646 1.863323
8699 1.641474
8700 3.039414
8741 2.494045
8759 1.483112
8826 1.418262
8876 4.078828
8919 4.563963
8924 3.640018
8971 13.070204
8973 3.039414
8982 1.863323
8984 1.960233
9019 1.057143
9171 1.592256
9193 1.925471
9215 1.696991
9256 3.039414
9261 1.376656
9357 1.376656
9366 1.340444
9379 1.471212
9424 1.483112
9427 3.039414
9430 2.039414
9538 1.052642
9562 7.860074
9578 2.562293
9667 1.158601
9722 2.136324
9732 2.562293
9747 0.945992
9761 0.835294
9767 0.283539
9783 0.869152
9811 0.909080
9863 1.219870
9872 1.141787
9881 1.677686
9903 0.793901
9909 1.925471
9928 2.194316
9942 1.386202
9950 9.205968
10011 1.835294
10038 6.078828
10054 1.960233
10057 1.299051
10058 0.606445
10067 1.018225
10082 1.254084
10084 1.624441
10085 1.039414
10105 3.039414
10195 1.692579
10251 1.182082
10264 2.437354
10397 0.846290
10408 2.261263
10420 2.562293
10491 1.147320
10563 1.386202
10591 2.401130
10604 1.448350
10701 0.786561
10745 1.659203
10890 0.465383
11121 0.600081
11150 2.044762
11177 1.507935
11195 1.534264
11238 1.495346
11252 3.184512
11287 2.087558
11335 2.087558
11394 2.437354
11396 0.942504
11397 0.974956
11443 1.891985
11487 2.562293
11505 1.426630
11526 0.890195
11536 1.323411
11543 1.261263
11558 1.659203
11600 0.351885
11628 2.261263
11630 1.863323
