132

2 0.165432
4 0.183618
7 0.081509
16 0.183618
103 0.073695
178 0.114378
180 0.169873
206 0.112567
286 0.183618
348 0.183618
553 0.047372
981 0.275643
1112 0.046231
1298 0.112567
1333 0.098052
1370 0.067057
1592 0.067682
1725 0.072529
1797 0.042467
1872 0.038544
1875 0.092688
1947 0.066750
2071 0.058674
2134 0.094382
2154 0.081881
2259 0.025774
2455 0.051465
2518 0.149442
2530 0.043327
2536 0.082603
2562 0.125970
2687 0.087498
2824 0.069994
3130 0.180878
3179 0.093306
3344 0.280564
3351 0.066147
3473 0.046371
3567 0.042955
3573 0.095330
3613 0.121548
3673 0.081509
3783 0.088879
3794 0.129060
3891 0.079450
3968 0.086834
3988 0.212731
4149 0.309588
4289 0.123206
4290 0.129060
4303 0.183618
4315 0.045678
4317 0.075762
4355 0.087498
4467 0.110874
4550 0.078006
4573 0.032856
4614 0.086186
4677 0.065212
4701 0.077085
4722 0.066147
4734 0.037423
4764 0.069651
4906 0.109284
4966 0.291647
5394 0.030075
5491 0.024463
5529 0.039070
5797 0.064417
5833 0.030151
5870 0.096192
5885 0.128130
6112 0.090907
6380 0.056939
6433 0.045815
6635 0.074502
6816 0.059126
6874 0.060453
6909 0.045137
7008 0.053045
7217 0.048111
7369 0.076196
7498 0.021475
7641 0.039070
7847 0.056317
8054 0.125970
8059 0.263403
8227 0.049339
8294 0.055910
8394 0.074502
8474 0.178067
8583 0.163018
8619 0.077085
8741 0.075335
8806 0.141391
8931 0.032183
8971 0.078960
9138 0.040713
9255 0.084936
9257 0.183618
9357 0.083167
9378 0.083744
9424 0.089598
9562 0.059356
9587 0.078006
9593 0.057362
9695 0.165432
9767 0.017129
9872 0.068978
9942 0.083744
9950 0.079450
10085 0.062793
10086 0.064981
10248 0.110874
10249 0.116459
10279 0.060774
10475 0.032606
10491 0.069312
10507 0.123529
10510 0.103740
10548 0.120110
10591 0.072529
10604 0.087498
11287 0.063057
11373 0.123206
11397 0.058899
11487 0.154794
11523 0.065046
11532 0.039390
11543 0.076196
11600 0.021258
11609 0.219902
