110

97 0.909080
130 2.738384
138 2.039414
194 0.723444
346 1.013319
552 1.001988
659 1.784142
661 1.182082
764 1.577016
917 0.574031
1393 2.194316
1483 1.760661
1492 3.041800
1642 2.194316
1723 2.772403
1760 1.507935
1897 1.863323
2064 1.206905
2067 1.261263
2165 0.808965
2267 1.247022
2268 0.760661
2539 1.130929
2572 0.884078
2601 1.507935
2694 3.039414
2762 0.470040
2769 1.115135
2996 1.340444
3037 1.738384
3054 1.331844
3473 0.767573
3566 2.261263
3599 1.158601
3691 1.485498
3727 1.608050
3818 0.704960
3885 1.283539
4005 1.094931
4175 3.039414
4317 1.254084
4318 3.670588
4436 3.039414
4451 1.756092
4633 1.437354
4677 0.539727
4763 1.893286
5110 1.808965
5267 7.312062
5270 2.791923
5394 0.995670
5529 1.940151
5833 0.499085
5885 0.706976
5920 1.233234
5926 1.397940
5948 0.863323
6112 0.501595
6160 2.340444
6193 1.437354
6213 2.039414
6300 1.592256
6486 2.437354
6559 0.998021
6678 2.738384
6909 1.494316
7008 0.878046
7118 0.611279
7123 1.164353
7509 1.893286
7656 1.315138
7747 2.562293
7760 0.666502
7782 3.282948
7862 0.960233
8085 1.507935
8241 1.018225
8253 2.261263
8410 1.307020
8470 1.152923
8575 3.039414
8641 1.254084
8989 1.471212
9138 0.673926
9266 2.738384
9280 1.158601
9407 1.275986
9872 1.141787
9933 1.075626
9954 2.261263
10067 1.018225
10121 2.738384
10195 0.846290
10251 1.182082
10264 2.437354
10302 4.345049
10396 1.014108
10487 0.596934
10507 1.022381
10509 1.409921
10537 1.534264
10554 3.039414
10661 1.507935
10983 2.562293
11382 1.893286
11475 1.459631
11502 1.014108
11503 0.884078
11532 1.304049
11600 0.703770
