139

23 1.018225
127 1.437354
157 1.358173
194 0.723444
204 1.315138
318 0.824570
531 0.918840
668 1.608050
763 1.641474
913 2.078828
917 1.148063
1269 1.878087
1507 1.358173
1592 1.120336
1613 1.323411
1649 0.881052
1979 1.641474
2000 0.986336
2042 1.349218
2154 0.677686
2165 0.808965
2192 2.562293
2318 1.835294
2339 1.147320
2348 0.956629
2507 0.760899
2539 1.130929
2564 2.136324
2572 0.884078
2601 1.507935
2626 1.182082
2690 0.974956
2756 1.577016
2762 0.470040
2769 1.115135
2776 2.340444
2996 1.340444
3029 1.520900
3122 0.765256
3149 1.120336
3203 0.565198
3275 1.222559
3374 1.170182
3445 1.677686
3598 1.534264
3850 0.758381
3928 1.437354
4331 1.717195
4362 1.367316
4396 1.520900
4451 0.878046
4617 1.471212
4663 1.780390
4970 1.367316
5050 0.945992
5083 1.349218
5092 3.039414
5100 0.700958
5112 0.960233
5297 2.663688
5394 0.497835
5562 1.367316
5569 5.132884
5689 0.838017
5734 0.562293
5749 0.967532
6012 3.996043
6016 1.677686
6060 0.971228
6112 1.504785
6167 1.109995
6291 1.612836
6436 8.210784
6812 3.679502
6864 0.872539
6871 1.507935
6874 1.000676
7018 1.925471
7061 0.478313
7062 0.343932
7111 0.499085
7125 1.416165
7247 3.039414
7377 2.551972
7385 1.539802
7411 0.893286
7460 0.990196
7498 0.355467
7707 1.066286
7709 0.679579
7730 1.659203
7760 0.666502
7788 0.530212
7859 0.602854
7896 1.437354
8009 3.216101
8091 1.925471
8272 0.884078
8368 1.998021
8455 0.436270
8539 0.668346
8545 1.507935
8558 1.863323
8761 0.747158
8821 1.416165
8826 0.531848
8874 1.323411
8931 0.266359
8956 1.080373
9065 0.915562
9099 1.315138
9114 5.396872
9115 2.209831
9355 1.760661
9424 1.483112
9444 1.878087
9533 2.194316
9579 1.315138
9592 1.070931
9767 0.567079
9933 1.075626
10058 0.606445
10141 1.577016
10397 0.846290
10475 1.079454
10507 2.044762
10509 0.704960
10621 1.125600
10627 1.562293
10701 0.786561
11121 0.600081
11162 1.254084
11242 1.048188
11366 1.367316
11376 0.464226
11536 1.323411
11600 0.351885
11609 1.213339
11637 1.857649
