41

108 0.153652
1112 0.100483
1274 0.193180
2259 0.056019
2501 0.234269
2590 0.267788
2962 0.193180
3130 0.131047
3573 0.103600
4413 0.132093
4520 0.095825
4573 0.142827
4943 0.075179
4966 0.158474
4967 0.177161
5100 0.092040
5491 0.053171
6112 0.065863
6283 0.141237
6421 0.077564
6433 0.099580
6874 0.065698
7060 0.122404
7062 0.045161
7498 0.093350
7643 0.123757
7664 0.158474
8294 0.121520
8352 0.112231
8474 0.387029
8784 0.122404
8931 0.034975
9031 0.116085
9095 0.313643
9624 0.225479
9767 0.037231
10249 0.126562
10890 0.061108
11150 0.134245
11233 0.167545
11526 0.116888
