239

180 1.405946
210 8.691921
213 1.681514
292 2.230270
308 1.831125
345 0.932204
416 1.925471
447 2.413810
508 0.774596
585 1.562293
599 2.317201
665 0.632874
697 0.819306
831 0.819306
917 0.574031
960 1.066286
1044 2.582452
1112 0.765256
1251 1.437354
1274 1.471212
1285 1.349218
1333 8.926802
1385 1.048188
1387 1.085172
1455 1.349218
1503 1.717195
1542 0.814105
1609 1.115135
1628 2.738384
1648 3.039414
1723 1.386202
1725 4.802260
1797 1.405909
1872 0.638014
1947 6.629494
2054 2.919261
2058 0.899535
2059 1.863323
2134 3.124586
2154 0.677686
2259 0.426630
2363 1.022381
2455 0.851893
2504 1.275986
2507 0.380449
2518 1.649141
2519 1.315138
2530 0.717195
2690 0.974956
2718 1.275986
2763 2.268339
2768 1.010030
2824 1.158601
2962 1.471212
3121 1.568283
3130 2.994064
3289 1.340444
3370 1.109995
3435 2.437354
3436 1.367316
3444 5.476768
3521 1.254084
3558 1.206905
3567 1.422069
3604 6.078828
3613 2.011981
3626 0.967532
3751 1.677686
3758 1.182082
3863 1.960233
3896 2.194316
3951 3.524802
3952 1.136324
3956 3.434390
4091 1.386122
4108 2.738384
4144 3.039414
4195 1.170182
4290 2.136324
4310 2.044762
4355 2.896699
4413 1.005990
4418 5.124586
4451 0.878046
4520 0.729784
4663 0.890195
4670 1.624441
4677 1.079454
4708 0.689166
4722 1.094931
4734 1.238917
4738 0.572546
4966 4.827621
4987 1.592256
5012 0.827227
5025 0.840757
5050 0.945992
5054 1.925471
5251 9.118242
5297 2.663688
5302 6.078828
5394 1.493505
5491 0.809874
5529 0.646717
5532 0.887126
5536 1.925471
5678 1.972671
5689 0.838017
5756 2.942425
5802 3.039414
5817 1.386202
5821 3.675361
5833 1.497254
5841 1.471212
5880 0.835294
5885 1.413951
5947 1.247022
5948 0.863323
6046 1.437354
6060 0.971228
6112 3.009570
6122 9.118242
6203 1.998021
6227 1.158601
6308 0.749380
6346 2.791923
6348 1.534264
6433 0.758381
6466 1.075626
6722 2.437354
6775 6.078828
6792 1.039172
6814 1.219870
6816 1.957433
6839 1.307020
6874 1.501014
6962 2.401130
7060 1.864408
7062 0.343932
7111 0.499085
7217 0.796376
7297 1.534264
7318 1.562293
7319 2.136324
7369 1.261263
7372 6.078828
7386 1.998021
7498 0.710934
7543 2.437354
7587 1.562293
7595 1.367316
7737 1.358173
7783 1.448350
7788 0.530212
7830 1.808965
7841 2.738384
7847 0.932204
7859 0.301427
7961 1.960233
8016 0.939044
8059 4.360096
8245 1.039414
8294 1.850942
8323 3.039414
8352 1.709445
8381 1.164353
8394 1.233234
8395 2.085172
8404 0.522218
8455 0.436270
8462 1.226501
8474 1.965019
8482 2.087558
8508 1.283539
8539 2.673385
8679 6.078828
8780 1.291226
8808 1.696991
8813 4.170343
8819 1.299051
8826 0.177283
8919 0.760661
8930 3.144564
8931 3.462673
8971 9.149143
9031 0.884078
9052 0.843514
9095 2.388632
9104 0.893286
9132 0.731918
9138 0.673926
9404 1.863323
9461 0.721351
9469 1.641474
9568 1.066286
9761 0.835294
9767 0.850618
9863 1.219870
9865 0.796376
9872 1.141787
9903 2.381704
9904 1.784142
9943 3.521321
9950 2.630276
10036 0.736218
10061 3.039414
10082 1.254084
10085 1.039414
10104 5.124586
10152 4.272648
10197 2.136324
10248 3.670588
10249 1.927734
10265 6.078828
10287 2.136324
10290 1.925471
10291 2.039414
10305 1.448350
10345 3.039414
10378 0.683388
10562 1.863323
10591 1.200565
10645 6.078828
10718 1.717195
10788 2.738384
10890 0.465383
10903 1.548052
10939 2.340444
11045 1.863323
11121 0.600081
11165 1.677686
11233 3.827958
11238 1.495346
11340 0.986336
11386 1.349218
11443 0.945992
11528 3.039414
11532 0.652024
11558 3.318406
