214

83 1.548052
104 2.136324
106 1.784142
175 2.453002
183 5.469265
308 0.915562
382 2.136324
391 1.358173
397 3.850942
404 0.545260
543 3.039414
630 0.553693
660 1.677686
661 1.182082
723 3.786572
764 9.462097
775 10.249171
843 3.039414
863 2.194316
872 1.677686
960 2.132573
965 3.855469
992 1.158601
1105 2.562293
1142 6.078828
1288 3.039414
1312 3.039414
1329 2.562293
1374 2.136324
1405 4.522526
1479 3.039414
1507 2.716346
1564 3.039414
1641 2.598103
1642 2.194316
1718 2.261263
1744 1.426630
1820 4.731048
1839 6.636812
1897 1.863323
1952 1.507935
2260 2.194316
2396 4.170343
2454 3.039414
2501 3.568283
2503 2.437354
2548 1.026577
2572 2.652234
2575 0.956629
2576 6.837782
2650 1.717195
2768 1.010030
2769 1.115135
2780 9.118242
2963 6.078828
3085 3.039414
3122 0.765256
3275 1.222559
3316 1.233234
3473 0.767573
3480 1.376656
3566 4.522526
3591 2.136324
3691 2.970996
3787 1.416165
3828 6.255515
3904 1.507935
3939 2.136324
4012 3.039414
4033 2.567079
4111 3.039414
4130 3.996043
4212 1.998021
4258 1.696991
4307 1.808965
4315 3.024452
4416 5.352425
4437 1.471212
4520 1.459568
4566 1.654453
4573 0.543870
4708 0.689166
4724 3.393983
4743 1.998021
4978 1.495346
4984 3.039414
4985 3.039414
4998 2.738384
5059 1.624441
5204 1.738384
5207 2.437354
5225 2.261263
5297 2.663688
5376 1.261263
5394 0.497835
5514 3.039414
5529 2.586869
5732 0.786561
5734 0.562293
5736 4.874708
5743 0.749380
5749 1.935064
5825 2.437354
5833 0.499085
5851 1.692579
5852 3.039414
5926 0.698970
5948 0.863323
5949 0.918840
5957 2.453002
6006 5.476768
6007 3.039414
6071 0.619458
6192 1.738384
6197 3.039414
6200 2.562293
6217 6.034526
6300 1.592256
6308 1.498759
6363 3.850942
6401 1.696991
6461 1.960233
6701 3.039414
6792 1.558758
6864 1.745079
6883 3.039414
6897 2.437354
6907 2.194316
6988 2.738384
7059 3.670588
7062 0.343932
7070 2.085172
7073 2.738384
7118 1.833838
7123 2.328706
7428 1.299051
7530 0.998021
7630 7.686879
7635 0.704960
7655 1.844286
7656 3.945415
7657 3.039414
7694 2.330889
7847 1.864408
7911 1.240074
8061 1.784142
8137 1.608050
8159 4.170343
8216 13.691921
8221 1.998021
8271 1.850942
8292 1.120336
8359 1.893286
8512 0.875061
8529 2.132573
8555 1.784142
8701 3.039414
8728 1.233234
8767 0.704960
8823 2.340444
8919 1.521321
8931 0.532719
8989 4.413637
9033 3.617930
9039 2.738384
9047 1.659798
9113 6.078828
9138 1.347852
9182 3.039414
9193 1.925471
9197 1.520900
9413 2.738384
9488 2.738384
9593 1.899018
9623 0.994091
9677 7.611373
9755 1.534264
9789 6.078828
9828 4.874708
10004 1.998021
10036 1.472436
10045 15.373757
10107 5.124586
10170 7.312062
10192 2.136324
10205 4.874708
10249 4.819336
10250 2.738384
10302 1.448350
10433 1.052642
10465 2.680888
10475 0.539727
10476 1.717195
10505 1.507935
10507 1.022381
10530 1.164353
10537 1.534264
10544 1.331844
10618 2.194316
10619 0.528869
10798 3.039414
10892 2.453002
11170 3.039414
11200 1.261263
11233 3.827958
11437 1.213339
11458 2.564168
11466 1.109995
11503 1.768156
11532 0.652024
11600 0.703770
11607 3.039414
11620 1.085172
11626 3.039414
