229

122 0.038567
185 0.058925
194 0.028508
204 0.051824
228 0.106333
247 0.184453
258 0.048070
264 0.074606
297 0.046581
345 0.073468
352 0.104964
360 0.107907
398 0.054248
420 0.070305
457 0.041836
479 0.047812
480 0.096045
482 0.107907
553 0.030900
564 0.096045
592 0.067667
598 0.065382
630 0.021819
637 0.050281
639 0.077244
916 0.071283
917 0.022620
1132 0.024939
1151 0.086468
1251 0.056640
1391 0.092226
1456 0.033459
1466 0.035823
1499 0.041480
1542 0.032080
1666 0.059412
1694 0.118842
1721 0.029442
1828 0.066871
1947 0.043540
1960 0.080364
1965 0.075874
1994 0.042953
2071 0.038272
2115 0.036338
2195 0.080364
2224 0.226054
2259 0.033623
2268 0.059948
2308 0.086468
2354 0.086468
2363 0.040287
2431 0.082167
2518 0.032493
2537 0.074606
2539 0.044565
2545 0.100968
2550 0.031578
2626 0.046581
2638 0.041836
2656 0.107907
2824 0.045655
2864 0.107907
2907 0.086468
2962 0.057974
3010 0.062143
3029 0.059932
3030 0.077244
3048 0.049418
3070 0.100968
3121 0.030900
3125 0.066871
3149 0.088295
3150 0.046344
3151 0.077244
3203 0.022272
3316 0.048596
3464 0.112434
3493 0.069380
3529 0.092226
3531 0.031091
3606 0.074606
3633 0.048070
3735 0.058443
3758 0.046581
3823 0.049988
3841 0.018801
3850 0.029884
3963 0.086468
3976 0.245698
4045 0.793321
4215 0.039333
4255 0.071283
4342 0.070305
4401 0.078733
4547 0.062744
4680 0.064683
4708 0.081471
4734 0.048820
4779 0.107907
4866 0.037277
4896 0.074606
4910 0.077244
4955 0.061563
5007 0.138759
5023 0.084401
5075 0.071283
5100 0.027622
5242 0.048596
5363 0.048866
5452 0.066871
5483 0.089106
5491 0.015957
5651 0.051824
5692 0.029706
5696 0.140610
5697 0.096045
5701 0.052482
5734 0.022157
5753 0.025623
5771 0.107907
5838 0.119864
5841 0.057974
6112 0.059297
6130 0.107907
6167 0.043740
6211 0.048331
6308 0.029530
6421 0.023277
6433 0.029884
6498 0.100968
6584 0.112434
6693 0.096045
6698 0.107907
6816 0.038567
6843 0.096045
6992 0.059421
7061 0.056544
7218 0.096045
7223 0.107907
7310 0.061002
7371 0.092226
7385 0.030338
7422 0.071283
7444 0.086468
7453 0.074606
7498 0.014007
7501 0.165920
7526 0.080364
7531 0.107907
7537 0.343977
7540 0.158463
7635 0.027779
7659 0.107907
7690 0.100968
7707 0.042018
7709 0.026779
7713 0.055805
7740 0.086468
7788 0.020893
7859 0.071267
7933 0.100968
7966 0.063366
7989 0.041304
8111 0.040788
8157 0.074007
8172 0.080364
8251 0.223818
8268 0.089106
8272 0.034838
8292 0.044147
8387 0.033681
8479 0.069380
8539 0.079010
8553 0.107907
8567 0.096045
8662 0.046820
8761 0.058884
8767 0.027779
8826 0.006986
8919 0.029974
8939 0.095625
9047 0.065405
9053 0.092226
9240 0.080364
9271 0.072321
9279 0.053880
9584 0.052821
9623 0.039173
9642 0.050579
9646 0.048070
9697 0.092226
9767 0.011173
9776 0.075874
9779 0.092226
9855 0.064683
9863 0.048070
9904 0.070305
10043 0.096045
10058 0.047795
10063 0.053880
10070 0.149212
10082 0.049418
10125 0.057073
10197 0.084183
10202 0.086468
10376 0.089106
10397 0.033348
10487 0.047045
10488 0.146850
10489 0.077244
10509 0.027779
10530 0.045882
10563 0.054624
10701 0.030995
10770 0.077244
11153 0.056640
11194 0.039961
11229 0.055805
11256 0.030710
11368 0.070305
11386 0.053167
11423 0.032182
11458 0.033681
11523 0.021214
11600 0.027732
11625 0.043540
11628 0.089106
11630 0.073425
