69

179 0.111691
292 0.098182
328 0.225597
508 0.068199
536 0.079758
981 0.133908
1112 0.067377
1130 0.172589
1295 0.214807
1333 0.071451
1494 0.137552
1875 0.135084
1947 0.097282
2058 0.079200
2212 0.169528
2518 0.072599
2658 0.149412
2718 0.112344
2772 0.237584
2824 0.102009
3130 0.087871
3289 0.118020
3344 0.136298
3559 0.283162
3613 0.088573
3951 0.062068
4145 0.138849
4189 0.225597
4355 0.127520
4537 0.195459
4573 0.047885
4677 0.047520
4734 0.054540
4738 0.050410
4866 0.083290
4966 0.106262
4967 0.118792
5532 0.156214
5749 0.085186
5885 0.062246
6203 0.175916
6317 0.061892
6649 0.129533
6689 0.451195
7498 0.062594
7788 0.046683
8016 0.082678
8059 0.095971
8163 0.225597
8294 0.081483
8382 0.091515
8474 0.086505
8482 0.091900
8741 0.219588
8826 0.062435
8919 0.066972
8924 0.106829
9261 0.121208
9365 0.429194
9538 0.370720
9761 0.073544
9767 0.024964
9999 0.105154
10036 0.129641
10548 0.087525
10591 0.105704
10614 0.147712
10890 0.040975
11238 0.131658
