230

122 0.038537
185 0.058879
194 0.028486
204 0.051784
228 0.106251
247 0.184310
258 0.048032
264 0.074548
297 0.046544
345 0.073411
352 0.104883
360 0.107824
398 0.054206
420 0.070251
457 0.041804
479 0.047775
480 0.095971
482 0.107824
553 0.030876
564 0.095971
592 0.067614
598 0.065331
630 0.021802
637 0.050242
639 0.077184
916 0.071228
917 0.022602
1132 0.024919
1151 0.086401
1251 0.056596
1391 0.092155
1456 0.033433
1466 0.035795
1499 0.041448
1542 0.032055
1666 0.059366
1694 0.118750
1721 0.029419
1828 0.066819
1947 0.043506
1960 0.080302
1965 0.075815
1994 0.042920
2071 0.038242
2115 0.036309
2195 0.080302
2224 0.225878
2259 0.033597
2268 0.059902
2308 0.086401
2354 0.086401
2363 0.040256
2431 0.082104
2518 0.032467
2537 0.074548
2539 0.044530
2545 0.100890
2550 0.031554
2626 0.046544
2638 0.041804
2656 0.107824
2824 0.045620
2864 0.107824
2907 0.086401
2962 0.057929
3010 0.062095
3029 0.059885
3030 0.077184
3048 0.049380
3070 0.100890
3121 0.030876
3125 0.066819
3149 0.088226
3150 0.046309
3151 0.077184
3203 0.022255
3275 0.024069
3316 0.048559
3464 0.112347
3493 0.069326
3529 0.092155
3531 0.031067
3606 0.074548
3735 0.058397
3758 0.046544
3823 0.049950
3841 0.018787
3850 0.029861
3963 0.086401
3976 0.245507
4045 0.792706
4215 0.039303
4255 0.071228
4342 0.070251
4401 0.078672
4547 0.062695
4680 0.064633
4708 0.081408
4734 0.048782
4779 0.107824
4866 0.037248
4896 0.074548
4910 0.077184
4955 0.061515
5007 0.138652
5023 0.084336
5075 0.071228
5100 0.027600
5242 0.048559
5363 0.048828
5452 0.066819
5483 0.089037
5491 0.015944
5651 0.051784
5692 0.029683
5696 0.140501
5697 0.095971
5701 0.052441
5734 0.022140
5753 0.025603
5771 0.107824
5838 0.119771
5841 0.057929
6112 0.059251
6130 0.107824
6167 0.043706
6211 0.048293
6308 0.029507
6421 0.023259
6433 0.029861
6498 0.100890
6584 0.112347
6693 0.095971
6698 0.107824
6816 0.038537
6843 0.095971
6992 0.059375
7061 0.056501
7218 0.095971
7223 0.107824
7310 0.060955
7371 0.092155
7385 0.030315
7422 0.071228
7444 0.086401
7453 0.074548
7498 0.013996
7501 0.165791
7526 0.080302
7531 0.107824
7537 0.343710
7540 0.158340
7635 0.027758
7659 0.107824
7690 0.100890
7707 0.041985
7709 0.026758
7713 0.055761
7740 0.086401
7788 0.020877
7859 0.071212
7933 0.100890
7966 0.063317
7989 0.041272
8111 0.040757
8157 0.073950
8172 0.080302
8251 0.223644
8268 0.089037
8272 0.034811
8292 0.044113
8387 0.033655
8479 0.069326
8539 0.078948
8553 0.107824
8567 0.095971
8662 0.046784
8761 0.058839
8767 0.027758
8826 0.006981
8919 0.029951
8939 0.095550
9047 0.065354
9053 0.092155
9240 0.080302
9271 0.072265
9279 0.053838
9584 0.052780
9623 0.039142
9642 0.050539
9646 0.048032
9697 0.092155
9767 0.011164
9776 0.075815
9779 0.092155
9855 0.064633
9863 0.048032
9904 0.070251
10043 0.095971
10058 0.047757
10063 0.053838
10070 0.149096
10082 0.049380
10125 0.057029
10197 0.084118
10202 0.086401
10309 0.039142
10376 0.089037
10397 0.033323
10487 0.047009
10488 0.146737
10489 0.077184
10509 0.027758
10530 0.045846
10563 0.054582
10701 0.030971
10770 0.077184
11153 0.056596
11194 0.039930
11229 0.055761
11256 0.030687
11368 0.070251
11386 0.053125
11423 0.032157
11458 0.033655
11523 0.021198
11600 0.027711
11625 0.043506
11628 0.089037
11630 0.073368
