100

179 0.068198
180 0.075584
210 0.093456
292 0.119900
328 0.137750
508 0.083285
536 0.048700
981 0.163528
1029 0.147216
1112 0.082281
1130 0.105383
1295 0.131161
1333 0.043628
1428 0.112100
1487 0.090104
1494 0.083989
1605 0.048023
1875 0.082483
1939 0.075584
1947 0.059401
1989 0.078470
2058 0.048359
2212 0.103514
2518 0.044329
2530 0.038557
2603 0.097251
2658 0.091231
2718 0.068597
2763 0.040649
2772 0.145069
2824 0.062287
3130 0.053654
3289 0.072063
3344 0.249671
3431 0.114849
3559 0.172899
3573 0.042417
3613 0.054082
3951 0.151596
4145 0.084781
4189 0.137750
4215 0.026831
4355 0.233591
4537 0.119347
4573 0.029239
4677 0.058032
4681 0.090193
4734 0.033302
4738 0.030780
4866 0.050857
4966 0.194651
4967 0.072534
5532 0.095384
5749 0.052015
5885 0.038007
6046 0.231818
6203 0.107414
6317 0.037791
6351 0.121566
6415 0.049934
6649 0.079093
6689 0.413249
6864 0.023454
7062 0.018490
7118 0.032863
7498 0.114660
7788 0.028504
8016 0.100967
8059 0.175800
8163 0.137750
8183 0.075584
8227 0.043906
8294 0.099507
8382 0.055879
8455 0.023454
8474 0.105640
8482 0.056114
8741 0.201121
8780 0.069417
8826 0.076246
8919 0.040893
8924 0.065230
9074 0.117967
9261 0.074010
9301 0.147216
9365 0.262066
9424 0.079733
9538 0.226362
9761 0.044906
9767 0.030486
9999 0.064207
10036 0.118738
10282 0.103514
10491 0.061680
10548 0.053443
10591 0.064543
10614 0.180386
10890 0.025019
11238 0.080390
11496 0.275499
