205

131 0.064524
154 0.091394
179 0.045248
180 0.050148
194 0.025804
210 0.062006
292 0.079551
318 0.029411
328 0.091394
508 0.055258
536 0.032311
600 0.034643
665 0.022574
831 0.029224
921 0.055217
981 0.216995
1006 0.097675
1028 0.049104
1029 0.097675
1112 0.081887
1130 0.069919
1157 0.046909
1255 0.062801
1269 0.033495
1295 0.087023
1333 0.057892
1370 0.079184
1384 0.062801
1428 0.074376
1487 0.059782
1494 0.055725
1499 0.037547
1503 0.061250
1532 0.027798
1605 0.063725
1725 0.042823
1797 0.025074
1826 0.080657
1875 0.054725
1939 0.050148
1947 0.039411
1983 0.078269
1986 0.040149
1989 0.052063
2054 0.052063
2058 0.032085
2091 0.043511
2131 0.036319
2212 0.068679
2290 0.054725
2335 0.032657
2507 0.040711
2518 0.029411
2530 0.076744
2536 0.048771
2603 0.064524
2658 0.060530
2696 0.024376
2718 0.045513
2763 0.026970
2772 0.096250
2824 0.041326
2915 0.057942
2916 0.156190
3042 0.065463
3044 0.076200
3045 0.068679
3122 0.027296
3128 0.056250
3130 0.035598
3137 0.066463
3243 0.071479
3289 0.047812
3344 0.220869
3386 0.044232
3431 0.076200
3540 0.062006
3559 0.114715
3573 0.028142
3613 0.035882
3758 0.042163
3760 0.052901
3823 0.090496
3826 0.050148
3841 0.017018
3951 0.125726
4145 0.056250
4148 0.034910
4189 0.091394
4215 0.017802
4355 0.258305
4467 0.065463
4473 0.068679
4476 0.091394
4537 0.079184
4573 0.019399
4614 0.050886
4670 0.057942
4677 0.057754
4681 0.059841
4708 0.024582
4734 0.022095
4738 0.081688
4866 0.033742
4966 0.172196
4967 0.048125
4969 0.040726
5025 0.029989
5260 0.071267
5532 0.063285
5604 0.182788
5749 0.034511
5833 0.017802
5885 0.050434
5962 0.048125
6046 0.153806
6112 0.035783
6144 0.045248
6203 0.071267
6285 0.063638
6317 0.025074
6351 0.080657
6415 0.066260
6456 0.057528
6616 0.032085
6649 0.052476
6689 0.274182
6697 0.078269
6792 0.018533
6813 0.028056
6864 0.015561
7008 0.031319
7062 0.024535
7118 0.021804
7318 0.055725
7338 0.067531
7353 0.061250
7498 0.101433
7788 0.018912
7862 0.034250
8016 0.066989
8019 0.108412
8059 0.233279
8163 0.091394
8183 0.050148
8227 0.029131
8294 0.099031
8326 0.045248
8343 0.035181
8352 0.030487
8382 0.037075
8455 0.015561
8462 0.087496
8474 0.070090
8475 0.048125
8482 0.037230
8632 0.068679
8741 0.177919
8780 0.046057
8826 0.069558
8919 0.027132
8924 0.043278
9031 0.031534
9074 0.078269
9166 0.173875
9261 0.098207
9301 0.097675
9365 0.173875
9424 0.052901
9516 0.078269
9538 0.150186
9568 0.038033
9761 0.029794
9767 0.060681
9865 0.028406
9903 0.028318
9942 0.098888
9957 0.051269
9999 0.042600
10015 0.038033
10036 0.078780
10084 0.057942
10086 0.076733
10251 0.042163
10282 0.137359
10321 0.074376
10397 0.060372
10487 0.021292
10491 0.122771
10515 0.057942
10548 0.106374
10589 0.046909
10591 0.042823
10614 0.119682
10658 0.044232
10890 0.016600
11165 0.059841
11238 0.053337
11270 0.091394
11287 0.037230
11295 0.086557
11340 0.070363
11496 0.182788
11526 0.063504
11600 0.012551
