279

63 0.945992
158 1.577016
180 2.811891
200 1.863323
213 0.840757
217 1.617930
228 1.349218
232 2.562293
236 5.124586
418 0.824570
447 1.206905
508 1.549193
591 2.261263
599 1.158601
614 1.925471
653 2.340444
737 2.340444
789 2.562293
830 2.340444
873 1.784142
883 1.520900
895 0.846290
921 1.548052
973 2.562293
975 2.340444
981 12.167201
996 2.039414
1050 1.495346
1112 2.295769
1130 1.960233
1296 1.949912
1333 4.057637
1366 2.194316
1370 1.109995
1424 2.340444
1455 1.349218
1499 1.052642
1510 1.960233
1532 0.779343
1533 3.476768
1544 1.696991
1592 1.120336
1605 0.893286
1666 1.507714
1725 1.200565
1730 1.548052
1741 2.437354
1797 2.108863
1880 2.791923
1947 2.209831
1995 1.141787
2000 0.986336
2024 1.022381
2025 1.426630
2071 0.971228
2080 2.340444
2140 1.459631
2236 2.437354
2282 2.194316
2335 0.915562
2340 1.018225
2378 1.696991
2421 0.986336
2455 1.703787
2499 1.307020
2507 0.380449
2518 2.473711
2530 0.717195
2536 1.367316
2601 1.507935
2658 1.696991
2693 2.039414
2696 0.683388
2697 1.608050
2718 1.275986
2720 1.052642
2772 2.698436
2865 2.340444
2956 3.068528
3045 1.925471
3095 0.590708
3099 1.925471
3128 1.577016
3130 1.996043
3205 1.416165
3344 1.548052
3351 1.094931
3370 1.109995
3417 1.075626
3521 1.254084
3540 1.738384
3548 2.261263
3559 1.608050
3567 0.711035
3751 1.677686
3758 1.182082
3760 1.483112
3783 1.471212
3823 2.537124
3826 1.405946
3836 2.437354
3841 0.477121
3850 0.758381
3926 0.986336
3951 2.114881
4121 1.240074
4145 1.577016
4215 0.499085
4355 2.896699
4413 1.005990
4473 1.925471
4476 2.562293
4537 1.109995
4538 1.120336
4566 0.827227
4637 2.562293
4670 1.624441
4677 1.619181
4738 1.717639
4780 1.960233
4784 1.677686
4966 4.827621
4967 5.396872
5050 0.945992
5063 1.863323
5078 2.261263
5100 0.700958
5204 1.738384
5217 1.299051
5231 2.562293
5242 2.466468
5260 1.998021
5284 1.760661
5384 2.085172
5394 0.995670
5491 1.214811
5526 1.592256
5529 0.646717
5638 2.562293
5651 1.315138
5681 1.147320
5701 1.331844
5722 2.562293
5833 0.499085
5840 2.437354
5844 3.039414
5851 0.846290
5885 0.706976
6046 1.437354
6073 1.835294
6112 2.507975
6203 1.998021
6220 1.416165
6317 0.702954
6415 1.857649
6433 0.758381
6456 2.419254
6457 1.495346
6466 1.075626
6529 1.624441
6569 1.925471
6616 0.899535
6619 3.039414
6648 1.998021
6725 1.275986
6757 2.340444
6768 2.340444
6779 3.184512
6816 0.978716
6864 0.872539
6871 1.507935
6967 2.261263
6974 1.893286
7060 2.796612
7061 0.478313
7062 0.343932
7082 3.441959
7118 0.611279
7120 0.832588
7338 3.786572
7353 1.717195
7385 0.769901
7498 2.488269
7601 2.340444
7604 1.659203
7635 2.114881
7643 1.885008
7664 1.206905
7683 2.738384
7703 2.194316
7704 0.713078
7749 1.925471
7759 1.808965
7788 0.530212
7811 2.738384
7847 0.932204
7859 0.301427
7887 0.971228
7904 1.275986
8044 1.483112
8059 4.360096
8227 0.816698
8315 1.608050
8343 0.986336
8394 3.699702
8455 1.308809
8462 1.226501
8474 3.930037
8475 2.698436
8482 1.043779
8662 1.188156
8741 3.741067
8759 1.483112
8773 2.194316
8784 0.932204
8804 5.476768
8826 1.595545
8919 0.760661
9095 2.388632
9104 0.893286
9107 1.291226
9138 0.673926
9197 1.520900
9215 1.696991
9261 1.376656
9305 2.562293
9379 1.471212
9380 2.272648
9472 2.194316
9503 1.925471
9538 2.105285
9587 2.582452
9594 1.495346
9767 1.134157
9872 1.141787
9903 1.587803
9910 2.562293
9919 1.109995
9923 1.893286
9942 1.386202
10036 3.681090
10057 2.598103
10085 1.039414
10086 1.075626
10132 1.835294
10182 2.085172
10195 0.846290
10248 1.835294
10266 2.738384
10282 5.776412
10305 1.448350
10311 1.863323
10321 2.085172
10397 2.538869
10486 1.641474
10530 1.164353
10548 1.988182
10589 1.315138
10614 1.677686
10646 1.213339
10698 1.808965
10745 1.659203
10867 1.808965
10890 0.465383
10998 2.136324
11050 2.562293
11053 1.925471
11238 1.495346
11270 2.562293
11288 2.194316
11295 1.213339
11324 1.835294
11330 2.261263
11340 0.986336
11397 0.974956
11501 1.254084
11526 1.780390
11532 0.652024
11543 1.261263
