193

5 1.471212
68 1.520900
79 0.922143
85 1.299051
131 1.808965
157 1.358173
186 0.971228
194 0.723444
198 1.152923
346 0.506660
418 0.824570
424 1.358173
458 0.747158
549 1.459631
595 1.808965
630 2.768463
1321 2.085172
1366 2.194316
1385 7.337316
1456 1.698165
1649 1.762103
1662 5.776412
1663 2.194316
1704 1.548052
1820 3.154032
1824 2.738384
1831 0.767573
1859 0.606445
1986 1.125600
2024 1.022381
2039 3.039414
2046 1.018225
2064 1.206905
2154 0.677686
2159 2.194316
2253 2.340444
2319 1.416165
2363 1.022381
2455 0.851893
2499 1.307020
2507 0.760899
2532 4.906003
2550 0.801368
2567 2.562293
2627 0.765256
2640 3.039414
2667 1.376656
2680 1.507935
2684 4.522526
2752 1.483112
2762 3.290281
2801 1.200565
2806 1.035093
2892 1.520900
2909 3.039414
2954 1.871221
3171 1.471212
3239 9.118242
3243 1.001988
3259 2.085172
3271 3.039414
3287 1.641474
3322 1.395961
3432 1.471212
3433 9.749417
3454 2.194316
3535 4.023961
3541 3.039414
3599 1.158601
3621 0.899535
3667 2.562293
3754 1.863323
3780 1.483112
3807 4.158605
3943 1.592256
3951 0.704960
4110 0.971228
4145 4.731048
4205 20.850513
4213 1.254084
4217 1.147320
4443 2.437354
4451 0.878046
4584 2.261263
4618 1.998021
4738 0.572546
4855 2.085172
4939 3.039414
5009 1.376656
5054 1.925471
5066 2.340444
5083 1.349218
5085 1.863323
5141 3.248882
5143 0.902694
5178 3.330353
5227 1.291226
5394 0.995670
5496 0.978716
5692 0.753857
5734 0.562293
5743 1.498759
5750 1.925471
5795 1.170182
5833 0.998169
6071 1.238917
6097 1.094931
6219 1.784142
6227 1.158601
6282 3.670588
6436 1.824619
6512 5.124586
6514 7.671321
6833 1.960233
6837 1.240074
6864 0.872539
6925 1.738384
7044 1.893286
7061 0.478313
7062 0.343932
7111 0.499085
7126 0.769901
7188 1.376656
7220 3.039414
7305 1.677686
7435 1.960233
7530 3.992086
7534 1.608050
7594 1.507935
7641 1.293434
7694 1.553926
7709 0.679579
7753 1.998021
7788 0.530212
7847 0.932204
7859 0.904280
7862 0.960233
7915 2.087558
8083 1.422069
8258 3.039414
8271 0.925471
8455 0.436270
8463 4.801164
8498 1.340444
8499 0.796376
8512 0.875061
8513 1.577016
8605 1.476768
8629 1.426630
8767 0.704960
8784 1.864408
8785 0.849082
8826 3.191089
8905 8.215152
8919 2.281982
8971 3.921061
9075 1.520900
9115 1.104916
9352 2.340444
9357 1.376656
9444 0.939044
9542 3.039414
9579 1.315138
9618 1.920466
9747 2.837977
9863 2.439740
9895 3.476768
9896 2.194316
9950 1.315138
10015 1.066286
10036 0.736218
10058 0.606445
10067 1.018225
10163 1.784142
10297 2.437354
10337 2.123381
10430 2.039414
10619 1.586607
10627 1.562293
10639 1.120336
10677 0.824570
10701 0.786561
11146 1.085172
11210 0.849082
11278 1.893286
11306 0.589165
11375 0.791441
11376 0.928453
11423 0.816698
11489 12.157656
11568 1.349218
11570 1.426630
11637 1.857649
