153

79 0.039214
114 0.103647
131 0.076925
210 0.147847
401 0.068381
404 0.023187
447 0.102646
549 0.062070
553 0.033345
579 0.129249
633 0.051323
665 0.080738
697 0.069681
791 0.051323
806 0.058541
981 0.064675
1006 0.116448
1044 0.054909
1050 0.063589
1074 0.095283
1333 0.172548
1334 0.096159
1343 0.069803
1452 0.108960
1487 0.035636
1576 0.108960
1686 0.084965
1798 0.050012
1826 0.096159
1835 0.054909
1872 0.027131
1947 0.093972
1983 0.093312
2021 0.061123
2054 0.062070
2062 0.056636
2071 0.041301
2131 0.043299
2134 0.066435
2213 0.079237
2301 0.379347
2304 0.047202
2421 0.041943
2507 0.016178
2518 0.035064
2530 0.060996
2536 0.058144
2575 0.040680
2734 0.129249
3130 0.212201
3179 0.065678
3286 0.059362
3289 0.057001
3328 0.093312
3344 0.065830
3351 0.139684
3374 0.049761
3417 0.045740
3542 0.071342
3691 0.031585
3751 0.071342
3868 0.116448
3914 0.073924
4215 0.063670
4355 0.123180
4450 0.129249
4473 0.081879
4536 0.084965
4573 0.046255
4677 0.022952
4708 0.029306
4734 0.052684
4966 0.102646
5012 0.035177
5154 0.076925
5491 0.017220
5753 0.027651
5826 0.096184
5833 0.021223
5870 0.067710
5900 0.044200
5926 0.029723
5948 0.036712
6097 0.046561
6112 0.042660
6119 0.079237
6203 0.084965
6283 0.045740
6291 0.034292
6348 0.065244
6421 0.025119
6456 0.068585
6659 0.088671
6704 0.076925
6828 0.091495
6839 0.111160
7061 0.040680
7062 0.029251
7120 0.035405
7150 0.041619
7338 0.080511
7353 0.146045
7419 0.173449
7498 0.136044
7704 0.030323
7730 0.070556
7816 0.103647
7904 0.054260
8016 0.039932
8059 0.092705
8227 0.034730
8240 0.065244
8272 0.037595
8474 0.208903
8482 0.133158
8667 0.069803
8741 0.159086
8780 0.054909
8826 0.052772
8919 0.032347
9104 0.037986
9166 0.103647
9366 0.057001
9404 0.158473
9457 0.103647
9568 0.045343
9623 0.042273
9624 0.073023
9748 0.151739
9767 0.060287
9832 0.075869
9942 0.117895
9944 0.050267
10085 0.044200
10086 0.045740
10235 0.059787
10258 0.060221
10397 0.071976
10491 0.048789
10516 0.084965
10548 0.042273
10561 0.057755
10589 0.055925
10591 0.255266
10943 0.116448
11015 0.045740
11017 0.083358
11051 0.387747
11096 0.058541
11150 0.043476
11287 0.044386
11526 0.037855
11600 0.014964
