331

63 0.945992
158 1.577016
180 2.811891
200 1.863323
213 2.522271
217 2.426896
228 1.349218
232 2.562293
236 5.124586
292 2.230270
409 2.261263
418 0.824570
447 1.206905
457 1.061691
483 1.254084
508 2.323789
553 0.784142
586 0.747158
591 2.261263
599 1.158601
614 3.850942
653 2.340444
665 0.632874
697 0.819306
716 1.893286
737 2.340444
789 2.562293
830 4.680888
831 0.819306
873 1.784142
883 1.520900
973 2.562293
975 2.340444
981 18.250802
996 4.078828
1050 2.990692
1112 2.295769
1261 2.562293
1296 0.974956
1333 4.057637
1343 1.641474
1366 2.194316
1370 2.219990
1455 1.349218
1510 1.960233
1533 3.476768
1544 1.696991
1592 1.120336
1605 0.893286
1636 1.115135
1652 1.548052
1666 2.261570
1725 2.401130
1730 1.548052
1735 2.136324
1741 2.437354
1797 2.108863
1853 1.696991
1947 1.104916
1981 0.935610
1995 1.141787
2000 0.986336
2024 1.022381
2025 1.426630
2064 1.206905
2071 0.971228
2080 2.340444
2140 1.459631
2161 1.367316
2236 2.437354
2282 2.194316
2301 1.784142
2378 1.696991
2424 2.194316
2455 1.703787
2507 0.760899
2518 4.122851
2530 1.434390
2536 1.367316
2554 1.358173
2601 1.507935
2658 1.696991
2693 2.039414
2696 0.683388
2697 1.608050
2718 1.275986
2720 1.052642
2763 0.756113
2772 2.698436
2824 1.158601
2865 2.340444
2956 3.068528
3045 1.925471
3095 0.590708
3130 2.994064
3179 0.772242
3243 1.001988
3344 1.548052
3351 1.094931
3386 1.240074
3417 1.075626
3473 0.767573
3482 0.967532
3521 1.254084
3540 1.738384
3548 2.261263
3559 1.608050
3567 0.711035
3621 0.899535
3751 1.677686
3760 1.483112
3818 0.704960
3823 2.537124
3836 2.437354
3841 0.954243
3850 2.275142
3926 0.986336
3927 3.393983
3951 2.114881
3984 1.323411
4121 1.240074
4145 3.154032
4148 0.978716
4215 1.996339
4355 4.345049
4413 1.005990
4467 1.835294
4473 1.925471
4476 2.562293
4537 1.109995
4538 1.120336
4566 0.827227
4573 2.175479
4614 1.426630
4637 2.562293
4670 3.248882
4677 1.619181
4722 1.094931
4734 1.238917
4738 1.145093
4943 0.572546
4966 6.034526
4967 9.444526
5025 0.840757
5050 0.945992
5063 1.863323
5100 1.401915
5231 2.562293
5242 2.466468
5284 1.760661
5384 2.085172
5394 0.497835
5491 1.214811
5526 1.592256
5529 0.646717
5532 0.887126
5638 2.562293
5651 1.315138
5681 1.147320
5692 0.753857
5701 1.331844
5722 2.562293
5756 1.471212
5833 0.499085
5840 2.437354
5885 0.706976
5976 1.738384
6034 2.437354
6046 1.437354
6056 7.686879
6073 1.835294
6112 1.504785
6144 1.268562
6203 1.998021
6220 1.416165
6227 1.158601
6283 1.075626
6291 0.806418
6317 0.702954
6415 2.786473
6433 0.758381
6456 3.225672
6457 1.495346
6466 1.075626
6504 0.872097
6529 1.624441
6569 1.925471
6570 0.998021
6616 0.899535
6635 2.466468
6648 1.998021
6725 1.275986
6757 2.340444
6768 2.340444
6779 3.184512
6792 1.039172
6799 1.358173
6813 0.786561
6816 0.978716
6828 1.434390
6864 0.436270
6871 1.507935
6874 0.500338
6967 2.261263
6974 1.893286
6980 1.194316
7008 1.756092
7060 3.728817
7061 0.478313
7062 0.687865
7082 3.441959
7111 0.499085
7118 0.611279
7120 0.832588
7146 1.835294
7338 3.786572
7353 3.434390
7385 0.769901
7387 1.261263
7498 2.132802
7601 2.340444
7604 1.659203
7635 1.409921
7643 0.942504
7664 1.206905
7704 0.713078
7707 1.066286
7749 1.925471
7759 1.808965
7760 0.666502
7782 1.641474
7788 0.530212
7847 0.932204
7859 0.301427
7876 1.548052
7887 1.942457
7904 1.275986
8016 0.939044
8018 2.261263
8044 1.483112
8059 4.360096
8066 2.340444
8227 0.816698
8294 0.925471
8315 1.608050
8343 0.986336
8376 2.136324
8394 3.699702
8455 1.745079
8462 1.226501
8474 5.895056
8475 4.047654
8482 1.043779
8741 4.988090
8759 1.483112
8773 2.194316
8780 1.291226
8784 0.932204
8804 2.738384
8826 3.191089
8919 0.760661
9031 1.768156
9095 2.388632
9104 0.893286
9107 1.291226
9138 0.673926
9215 1.696991
9255 1.405946
9261 1.376656
9305 2.562293
9373 2.261263
9379 1.471212
9380 2.272648
9461 0.721351
9472 2.194316
9503 1.925471
9538 3.157927
9587 3.873678
9594 2.990692
9643 1.170182
9767 1.134157
9860 1.784142
9903 1.587803
9907 1.520900
9919 1.109995
9923 1.893286
10011 1.835294
10036 3.681090
10057 2.598103
10085 1.039414
10086 1.075626
10132 1.835294
10182 2.085172
10195 0.846290
10248 1.835294
10282 3.850942
10305 1.448350
10311 1.863323
10352 0.971228
10397 2.538869
10477 2.562293
10486 1.641474
10491 3.441959
10515 1.624441
10530 1.164353
10548 1.988182
10589 1.315138
10591 1.200565
10614 1.677686
10646 2.426679
10698 1.808965
10843 2.437354
10867 1.808965
10890 0.465383
10939 2.340444
11017 1.960233
11050 2.562293
11053 3.850942
11096 1.376656
11129 2.340444
11150 1.022381
11238 1.495346
11270 2.562293
11288 2.194316
11324 1.835294
11340 1.972671
11355 1.592256
11397 0.974956
11526 2.670585
11532 0.652024
11543 1.261263
