339

63 0.023959
74 0.023870
158 0.039940
173 0.040326
180 0.071216
200 0.047192
213 0.042587
217 0.061465
228 0.034171
232 0.064894
236 0.064894
292 0.056485
409 0.057270
418 0.020884
447 0.030567
457 0.026889
483 0.031762
508 0.058854
586 0.037846
591 0.057270
599 0.029343
614 0.097531
653 0.059275
697 0.020750
716 0.047951
737 0.059275
789 0.064894
830 0.118551
831 0.020750
873 0.045186
883 0.038519
973 0.064894
975 0.059275
981 0.423712
996 0.103303
1050 0.037872
1112 0.038763
1261 0.064894
1333 0.082213
1366 0.055575
1370 0.084337
1455 0.034171
1510 0.049646
1533 0.088055
1544 0.042979
1592 0.028374
1605 0.022624
1636 0.028243
1652 0.039207
1666 0.057278
1721 0.037846
1725 0.091219
1730 0.039207
1735 0.054106
1741 0.061730
1797 0.053410
1853 0.042979
1947 0.027984
1981 0.023696
1995 0.028918
2000 0.024981
2024 0.025893
2025 0.036132
2064 0.061134
2071 0.024598
2077 0.042979
2080 0.059275
2140 0.036967
2161 0.034629
2236 0.061730
2248 0.028918
2282 0.055575
2363 0.025893
2378 0.042979
2455 0.043151
2507 0.019271
2518 0.083534
2530 0.036328
2536 0.034629
2554 0.034398
2601 0.038191
2658 0.042979
2677 0.039207
2693 0.051651
2697 0.040726
2718 0.032316
2720 0.026660
2763 0.019150
2772 0.068342
2824 0.029343
2865 0.059275
2956 0.077715
2976 0.044592
3095 0.014961
3130 0.075829
3179 0.019558
3243 0.025377
3344 0.078414
3386 0.031407
3417 0.027242
3468 0.064894
3473 0.019440
3482 0.024504
3521 0.031762
3548 0.057270
3559 0.040726
3567 0.018008
3621 0.022782
3657 0.054106
3683 0.054246
3751 0.042490
3818 0.017854
3823 0.096385
3836 0.061730
3841 0.024168
3850 0.057622
3926 0.049961
3927 0.085958
3951 0.053563
3984 0.033517
4121 0.031407
4130 0.050603
4145 0.079881
4148 0.024788
4215 0.050560
4355 0.183409
4413 0.025478
4473 0.048766
4537 0.028112
4566 0.020951
4573 0.055097
4614 0.036132
4632 0.054106
4637 0.064894
4670 0.082283
4677 0.041008
4722 0.027731
4734 0.031378
4738 0.014501
4943 0.014501
4966 0.183401
4967 0.239198
5025 0.021294
5050 0.023959
5063 0.047192
5100 0.017753
5231 0.064894
5242 0.062467
5284 0.044592
5394 0.025217
5465 0.061730
5491 0.030767
5509 0.050603
5526 0.040326
5532 0.022468
5596 0.064894
5638 0.064894
5651 0.033308
5681 0.029058
5692 0.019093
5701 0.033731
5722 0.064894
5734 0.014241
5756 0.037261
5833 0.012640
5840 0.061730
5976 0.044027
6034 0.061730
6046 0.036403
6056 0.194683
6073 0.046482
6112 0.038111
6144 0.032128
6203 0.050603
6220 0.035867
6227 0.029343
6291 0.020424
6298 0.064894
6317 0.017803
6415 0.070572
6433 0.019207
6456 0.122543
6457 0.037872
6466 0.027242
6504 0.044174
6529 0.041142
6568 0.018322
6569 0.048766
6570 0.025276
6616 0.022782
6635 0.062467
6648 0.050603
6725 0.032316
6757 0.059275
6768 0.059275
6779 0.080653
6792 0.013159
6799 0.034398
6813 0.019921
6816 0.024788
6864 0.011049
6871 0.038191
6874 0.025344
6967 0.057270
6968 0.032128
6974 0.047951
6980 0.030248
7008 0.044476
7060 0.118048
7062 0.034843
7082 0.087173
7111 0.025280
7118 0.015482
7120 0.021087
7146 0.046482
7338 0.047951
7353 0.086981
7385 0.019499
7387 0.031944
7419 0.154954
7498 0.063019
7573 0.076978
7601 0.059275
7604 0.042022
7635 0.035709
7643 0.023870
7664 0.030567
7704 0.018060
7707 0.027005
7749 0.048766
7759 0.045815
7760 0.016880
7782 0.041573
7788 0.013428
7847 0.023610
7859 0.007634
7876 0.039207
7887 0.049196
7904 0.032316
8016 0.023783
8018 0.057270
8044 0.037562
8059 0.220853
8227 0.041368
8294 0.023439
8315 0.040726
8343 0.024981
8376 0.054106
8394 0.093701
8396 0.040726
8404 0.013226
8455 0.044197
8462 0.031063
8474 0.149302
8475 0.102513
8482 0.026435
8641 0.031762
8741 0.157914
8759 0.037562
8773 0.055575
8780 0.032702
8784 0.023610
8826 0.076329
8919 0.019265
8931 0.006746
9031 0.044781
9095 0.060496
9104 0.022624
9107 0.032702
9138 0.017068
9215 0.042979
9255 0.035608
9261 0.034866
9305 0.064894
9306 0.040726
9373 0.057270
9379 0.037261
9380 0.086338
9461 0.018269
9472 0.055575
9503 0.048766
9538 0.079980
9587 0.065405
9594 0.037872
9618 0.024319
9643 0.029637
9767 0.035905
9783 0.022013
9860 0.045186
9903 0.040214
9907 0.038519
9919 0.028112
9923 0.047951
10011 0.046482
10036 0.093230
10057 0.065801
10085 0.052650
10086 0.027242
10132 0.046482
10182 0.052810
10185 0.023610
10195 0.021434
10248 0.046482
10282 0.097531
10305 0.073364
10311 0.047192
10352 0.024598
10397 0.064301
10477 0.064894
10486 0.041573
10491 0.116231
10515 0.041142
10530 0.029489
10541 0.035108
10548 0.050354
10589 0.033308
10591 0.030406
10614 0.042490
10619 0.013394
10646 0.061460
10698 0.045815
10843 0.061730
10867 0.045815
10890 0.011787
10939 0.059275
11050 0.064894
11053 0.097531
11129 0.059275
11150 0.051787
11238 0.037872
11288 0.055575
11340 0.024981
11355 0.040326
11397 0.024692
11459 0.042022
11526 0.045091
11532 0.016514
11542 0.076978
11543 0.031944
