150

108 1.170182
180 1.405946
194 0.723444
210 1.738384
213 0.840757
367 1.960233
536 2.717626
599 1.158601
839 1.405946
926 9.361776
981 6.083601
1009 5.124586
1141 1.323411
1370 2.219990
1487 0.838017
1542 0.814105
1723 2.772403
1725 3.601695
1797 1.405909
1896 1.349218
1989 1.459631
2056 3.039414
2071 0.971228
2301 1.784142
2378 1.696991
2499 1.307020
2507 1.141348
2518 0.824570
2524 1.048188
2530 1.434390
2548 1.026577
2630 4.874708
2686 2.261263
2697 1.608050
2763 1.512226
2804 1.164353
2948 2.663688
3029 1.520900
3130 0.998021
3179 1.544485
3243 1.001988
3255 1.367316
3292 2.738384
3351 1.094931
3473 0.767573
3546 0.978716
3573 0.788994
3691 0.742749
3823 2.537124
3898 2.085172
3943 1.592256
3951 0.704960
4070 3.039414
4091 0.693061
4215 0.998169
4467 1.835294
4677 0.539727
4708 0.689166
4722 3.284794
4734 1.238917
4796 1.182082
4966 2.413810
4967 5.396872
5025 2.522271
5026 1.240074
5285 3.039414
5324 0.971228
5394 0.497835
5529 0.646717
5631 3.039414
5753 0.650248
5756 1.471212
5768 3.039414
5839 1.960233
5885 0.706976
5926 0.698970
6060 0.971228
6073 1.835294
6112 1.003190
6283 3.226879
6385 2.194316
6535 1.608050
6934 1.448350
7008 0.878046
7062 0.687865
7111 0.998169
7118 1.222559
7120 1.665176
7411 0.893286
7498 1.421868
7511 3.184512
7830 1.808965
7896 1.437354
7989 1.048188
8016 2.817131
8059 5.450121
8160 12.157656
8227 0.816698
8394 2.466468
8455 0.872539
8474 2.947528
8539 0.668346
8619 1.275986
8741 2.494045
8780 2.582452
8913 5.124586
8931 1.331797
8956 1.080373
9095 1.194316
9255 1.405946
9401 2.562293
9424 1.483112
9538 1.052642
9568 1.066286
9786 2.437354
9872 1.141787
9900 1.893286
10015 1.066286
10071 4.170343
10072 1.925471
10085 2.078828
10086 5.378131
10185 0.932204
10249 0.963867
10279 1.005990
10321 2.085172
10352 0.971228
10396 1.014108
10397 0.846290
10475 0.539727
10491 1.147320
10501 1.471212
10509 0.704960
10534 1.471212
10548 1.988182
10561 1.358173
10591 1.200565
10594 3.039414
10604 1.448350
10619 1.057738
10646 1.213339
10794 1.893286
11019 3.039414
11306 0.589165
11340 2.959007
11397 1.949912
11526 1.780390
11543 1.261263
11600 0.351885
11671 1.592256
