263

106 0.050810
179 0.036127
182 0.259675
198 0.032834
213 0.023944
292 0.031757
367 0.167474
404 0.015528
424 0.038679
443 0.053918
536 0.051596
553 0.022331
586 0.021278
784 0.060839
870 0.164504
894 0.069412
895 0.072303
898 0.044086
960 0.030366
1026 0.072970
1041 0.173116
1080 0.044086
1112 0.043587
1223 0.077985
1240 0.064398
1269 0.053485
1295 0.034740
1296 0.083296
1343 0.046747
1353 0.066653
1370 0.031611
1572 0.039205
1576 0.072970
1797 0.020019
1809 0.066653
1947 0.062933
2054 0.041568
2259 0.012150
2290 0.043694
2301 0.050810
2413 0.072970
2421 0.056179
2429 0.086558
2486 0.091590
2507 0.021669
2518 0.046965
2603 0.154550
2762 0.013386
2763 0.150731
2768 0.028764
2810 0.056901
2948 0.606865
2954 0.026645
3086 0.173116
3130 0.113689
3156 0.039205
3205 0.040330
3275 0.017408
3351 0.031182
3382 0.072970
3515 0.077985
3531 0.022469
3548 0.064398
3558 0.034371
3559 0.045795
3567 0.020249
3599 0.032995
3637 0.032361
3683 0.030499
3691 0.021152
3696 0.066653
3700 0.036553
3746 0.086558
3751 0.047778
3780 0.042237
3783 0.041898
3842 0.086558
3849 0.077985
3885 0.036553
3951 0.020076
3968 0.040934
4071 0.028998
4098 0.086558
4122 0.086558
4145 0.044911
4197 0.066653
4245 0.066653
4255 0.051517
4290 0.060839
4310 0.029116
4434 0.072970
4520 0.020783
4550 0.073545
4573 0.046466
4677 0.046112
4708 0.019626
4722 0.124728
4734 0.052924
4738 0.065221
4744 0.064398
4764 0.065667
4780 0.055825
4784 0.047778
4791 0.069412
4796 0.100992
4853 0.086558
4936 0.055825
4966 0.034371
5012 0.023558
5064 0.033664
5067 0.033159
5071 0.056901
5184 0.062491
5224 0.054835
5260 0.113802
5307 0.058712
5394 0.014178
5523 0.133305
5632 0.052267
5678 0.028089
5756 0.209490
5792 0.027765
5817 0.157908
5826 0.032207
5827 0.078954
5833 0.014213
5843 0.066653
5869 0.029978
5885 0.020134
5926 0.039811
5953 0.054835
6015 0.128795
6051 0.086558
6070 0.042305
6073 0.052267
6083 0.865582
6097 0.031182
6283 0.030632
6317 0.020019
6380 0.026841
6421 0.033645
6616 0.025617
6635 0.175604
6652 0.048903
6813 0.022400
6828 0.061274
6854 0.069412
6864 0.037273
6927 0.086558
7047 0.034554
7052 0.058080
7082 0.032674
7111 0.113706
7120 0.023711
7163 0.173116
7291 0.086558
7404 0.032056
7425 0.050141
7482 0.069412
7498 0.010123
7511 0.045345
7515 0.040039
7588 0.066653
7604 0.047252
7758 0.028310
7783 0.041247
7847 0.026548
8059 0.031042
8152 0.086558
8156 0.072970
8227 0.093034
8240 0.043694
8249 0.064398
8412 0.045795
8419 0.032516
8452 0.099013
8474 0.027980
8482 0.029725
8493 0.058080
8533 0.086558
8594 0.051517
8702 0.037689
8741 0.106540
8759 0.042237
8780 0.036772
8819 0.036995
8826 0.035341
8841 0.086558
8924 0.069108
8930 0.149255
8936 0.086558
8944 0.069412
8982 0.053065
9019 0.030106
9031 0.025177
9138 0.019192
9193 0.054835
9238 0.049507
9241 0.077985
9261 0.039205
9275 0.072970
9370 0.043694
9374 0.266610
9404 0.053065
9452 0.041568
9461 0.041086
9535 0.259675
9538 0.149889
9562 0.055961
9568 0.030366
9605 0.100282
9659 0.086558
9844 0.086558
9858 0.064398
9872 0.032516
9909 0.054835
9933 0.030632
9943 0.050141
10036 0.083866
10057 0.036995
10067 0.028998
10071 0.178148
10072 0.109669
10073 0.072970
10077 0.037689
10115 0.064398
10160 0.086558
10179 0.056901
10249 0.027450
10328 0.077985
10352 0.027659
10377 0.077985
10396 0.028880
10429 0.072970
10453 0.086558
10454 0.047778
10487 0.034000
10502 0.104533
10509 0.020076
10516 0.056901
10534 0.041898
10563 0.039477
10591 0.068381
10614 0.047778
10619 0.075307
10622 0.086558
10701 0.022400
11017 0.055825
11150 0.058232
11220 0.066653
11238 0.042585
11252 0.090690
11298 0.033664
11306 0.016779
11340 0.028089
11394 0.069412
11474 0.077985
11501 0.107144
11505 0.040628
11523 0.015332
11536 0.113067
11600 0.010021
11625 0.031466
