124

7 2.698436
23 1.018225
194 0.723444
213 0.840757
292 3.345404
318 1.649141
447 2.413810
536 0.905875
553 0.784142
618 3.039414
917 0.574031
981 3.041800
1028 1.376656
1112 0.765256
1197 1.495346
1275 3.873678
1333 1.623055
1690 3.039414
1721 0.747158
1797 1.405909
1835 1.291226
1865 2.136324
2141 1.376656
2455 0.851893
2507 1.521797
2530 0.717195
2536 1.367316
2618 1.164353
2653 1.507935
3130 1.996043
3473 1.535145
3567 0.711035
3573 0.788994
3599 1.158601
3673 1.349218
3691 0.742749
3751 1.677686
3783 2.942425
3823 1.268562
4148 0.978716
4149 5.124586
4211 0.912309
4268 1.808965
4293 1.863323
4451 0.878046
4538 1.120336
4573 1.631609
4677 0.539727
4708 1.378332
4722 2.189863
4734 0.619458
4866 0.945992
4966 3.620716
4967 1.349218
5078 2.261263
5394 0.995670
5496 1.957433
5678 0.986336
5689 0.838017
5753 0.650248
5821 1.837680
5869 1.052642
5880 0.835294
5885 1.413951
5900 1.039414
5948 1.726646
5964 1.659203
6060 0.971228
6112 0.501595
6230 2.340444
6504 0.872097
6828 0.717195
6874 0.500338
7008 0.878046
7110 6.078828
7111 0.499085
7217 0.796376
7225 3.039414
7264 1.641474
7369 1.261263
7498 1.421868
7635 0.704960
7685 1.738384
7704 0.713078
8016 0.939044
8059 1.090024
8241 1.018225
8281 1.367316
8404 0.522218
8455 0.436270
8474 1.965019
8475 2.698436
8583 2.698436
8741 1.247022
8924 3.640018
8930 1.048188
8931 0.532719
9031 1.768156
9250 1.960233
9380 1.136324
9472 2.194316
9519 2.437354
9624 1.717195
9723 1.925471
9810 2.738384
9999 1.194316
10057 1.299051
10085 1.039414
10086 2.151253
10249 1.927734
10397 1.692579
10475 1.079454
10509 0.704960
10561 2.716346
10591 1.200565
10701 1.573122
10756 2.738384
10908 2.738384
11298 1.182082
11340 0.986336
11364 1.437354
11502 1.014108
11523 0.538355
11526 0.890195
