107

173 4.776768
180 1.405946
217 0.808965
292 3.345404
300 3.393983
508 1.549193
531 0.918840
553 0.784142
697 1.638612
917 1.148063
930 1.548052
980 3.039414
1333 0.811527
1532 0.779343
2000 1.972671
2054 1.459631
2154 0.677686
2327 2.437354
2378 1.696991
2455 1.703787
2507 0.760899
2519 1.315138
2687 1.448350
2696 0.683388
2718 2.551972
2768 1.010030
2824 1.158601
3130 0.998021
3179 1.544485
3201 2.340444
3500 1.608050
3542 1.677686
3567 0.711035
3592 3.393983
4063 1.094931
4196 0.734063
4325 2.340444
4413 1.005990
4573 0.543870
4677 1.079454
4708 2.067498
4722 1.094931
4738 0.572546
4966 2.413810
5026 1.240074
5050 0.945992
5491 0.404937
5689 0.838017
5880 0.835294
5885 0.706976
6046 2.874708
6112 1.504785
6211 1.226501
6433 0.758381
6616 0.899535
6652 1.717195
6812 2.453002
6874 1.000676
7062 0.343932
7111 0.499085
7118 0.611279
7199 3.039414
7217 0.796376
7308 1.562293
7425 1.760661
7498 1.421868
7604 1.659203
7760 0.666502
8059 4.360096
8087 1.158601
8227 0.816698
8241 1.018225
8474 3.930037
8475 1.349218
8645 1.960233
8741 1.247022
8767 0.704960
8821 1.416165
8956 1.080373
9017 3.039414
9031 0.884078
9104 0.893286
9261 1.376656
9796 1.592256
9903 1.587803
9935 2.039414
10086 2.151253
10249 0.963867
10305 1.448350
10397 0.846290
10475 1.079454
10507 1.022381
10548 1.988182
10591 1.200565
10604 1.448350
10614 1.677686
10865 1.960233
10898 1.459631
11084 1.677686
11121 1.200163
11150 1.022381
11177 1.507935
11208 1.471212
11295 1.213339
11501 2.508169
11532 0.652024
11671 3.184512
