200

71 0.878046
83 1.548052
98 1.066286
105 2.340444
158 1.577016
178 1.893286
186 0.971228
255 1.784142
297 1.182082
304 1.104916
346 0.506660
423 1.240074
452 1.784142
546 2.340444
627 2.039414
905 5.124586
913 3.118242
917 0.574031
1073 2.194316
1102 1.247022
1132 2.531496
1272 2.562293
1345 2.562293
1456 2.547247
1620 2.562293
1649 0.881052
1730 13.932472
1731 4.078828
1744 1.426630
1830 2.261263
1872 0.638014
1986 1.125600
1997 1.483112
2002 2.551972
2040 2.194316
2082 1.577016
2091 1.219870
2339 1.147320
2348 0.956629
2507 0.760899
2575 0.956629
2626 2.364163
2633 1.094931
2707 1.998021
2720 1.052642
2761 3.039414
2801 1.200565
2966 1.835294
3095 0.590708
3136 1.437354
3203 1.130396
3236 1.949912
3278 2.562293
3366 1.367316
3394 4.523806
3437 1.437354
3471 2.340444
3558 2.413810
3613 1.005990
3633 1.219870
3841 1.431364
3850 1.516762
3952 1.136324
4091 0.693061
4215 0.998169
4266 1.052642
4286 1.760661
4396 1.520900
4535 2.085172
4546 2.738384
4559 2.738384
4594 2.136324
4615 1.483112
4770 1.261263
4835 2.039414
4841 1.696991
4890 2.437354
4970 2.734633
5077 2.562293
5100 1.401915
5101 1.808965
5291 4.388632
5307 1.030814
5382 1.426630
5491 0.404937
5562 6.836581
5569 1.026577
5620 1.376656
5734 0.562293
5803 5.124586
5857 1.120336
5885 0.706976
5910 2.738384
6070 0.742749
6071 0.619458
6112 0.501595
6171 2.039414
6199 1.998021
6211 1.226501
6279 2.039414
6281 1.206905
6346 1.395961
6421 0.590708
6436 10.035403
6457 1.495346
6473 2.085172
6725 1.275986
6792 0.519586
6796 4.101949
6853 1.960233
6855 3.039414
6864 1.308809
6871 1.507935
6874 0.500338
7062 0.687865
7111 0.499085
7123 1.164353
7126 0.769901
7217 0.796376
7377 1.275986
7385 0.769901
7389 1.426630
7489 2.738384
7498 0.710934
7643 0.942504
7694 0.776963
7709 0.679579
7737 1.358173
7738 1.066286
7753 1.998021
7758 0.994091
7788 1.590635
7801 1.592256
7856 1.254084
7859 0.904280
7871 2.738384
7892 1.760661
7948 1.376656
7974 1.562293
8085 1.507935
8351 1.233234
8352 0.854723
8382 2.078828
8398 2.136324
8407 1.448350
8455 0.872539
8459 2.085172
8494 1.291226
8605 0.738384
8619 1.275986
8707 2.261263
8806 2.340444
8826 0.177283
8919 1.521321
8931 0.799078
8960 2.085172
9059 1.084969
9104 0.893286
9116 1.182082
9296 3.039414
9366 1.340444
9372 3.039414
9381 1.125600
9444 0.939044
9486 2.085172
9579 1.315138
9601 2.136324
9602 1.577016
9669 0.774596
9718 1.405946
9755 1.534264
9781 2.738384
9907 1.520900
9999 1.194316
10033 1.696991
10058 1.212890
10428 2.738384
10559 1.659203
10627 1.562293
10701 0.786561
10999 1.395961
11095 2.562293
11109 2.738384
11162 1.254084
11203 1.641474
11210 0.849082
11242 1.048188
11332 0.715132
11376 0.464226
11443 0.945992
11458 0.854723
11475 1.459631
11565 1.998021
11578 2.738384
11600 1.407541
11636 1.164353
11637 6.501771
11638 1.863323
11640 2.738384
11659 2.194316
