275

64 0.035800
71 0.066102
138 0.051178
151 0.096637
152 0.068718
186 0.024372
190 0.049191
194 0.018154
198 0.057864
204 0.033002
213 0.042196
297 0.059327
300 0.042585
404 0.041049
438 0.040764
457 0.079927
460 0.068718
514 0.044772
552 0.025144
600 0.024372
637 0.128080
642 0.044183
659 0.044772
798 0.065597
895 0.021237
903 0.051178
994 0.036345
1002 0.032799
1102 0.031293
1216 0.056745
1231 0.025656
1236 0.104652
1258 0.031119
1307 0.046055
1333 0.040729
1419 0.058732
1436 0.077003
1487 0.021029
1498 0.064040
1542 0.020429
1649 0.022109
1666 0.018917
1766 0.031470
1787 0.053610
1798 0.029513
1839 0.083273
1929 0.097207
1991 0.026758
1994 0.027353
2003 0.043623
2058 0.022573
2090 0.041637
2115 0.023141
2146 0.041192
2174 0.071482
2217 0.041637
2257 0.037525
2259 0.021412
2268 0.057265
2313 0.034082
2339 0.028791
2340 0.076655
2348 0.048012
2452 0.039205
2473 0.025761
2530 0.089987
2534 0.064299
2539 0.028380
2543 0.028652
2575 0.048012
2576 0.042897
2585 0.036919
2587 0.058732
2651 0.078710
2748 0.064299
2762 0.011795
2763 0.018974
2916 0.036628
2974 0.037525
3010 0.039574
3014 0.024848
3095 0.014823
3100 0.050139
3121 0.039355
3122 0.019204
3125 0.042585
3217 0.102355
3371 0.079913
3415 0.034786
3455 0.208711
3509 0.038166
3531 0.019799
3533 0.034786
3535 0.025245
3573 0.019799
3621 0.045146
3635 0.061164
3727 0.040353
3841 0.011973
3891 0.033002
3926 0.049503
4047 0.053610
4110 0.024372
4195 0.029365
4196 0.018421
4273 0.045395
4286 0.044183
4302 0.076272
4315 0.094871
4319 0.053610
4333 0.028515
4362 0.068624
4444 0.042100
4516 0.041192
4537 0.027855
4613 0.022652
4623 0.038501
4747 0.064040
4866 0.023739
4903 0.038847
4916 0.063667
4925 0.076272
4943 0.028735
5024 0.053610
5032 0.179001
5036 0.039205
5045 0.076272
5067 0.029219
5112 0.024096
5163 0.041637
5363 0.062238
5394 0.012493
5395 0.181824
5451 0.044183
5453 0.042585
5484 0.052326
5491 0.010162
5498 0.076272
5620 0.034546
5689 0.021029
5692 0.037835
5714 0.071601
5717 0.068718
5719 0.059327
5758 0.061224
5794 0.068718
5821 0.069173
5827 0.034786
5833 0.025048
5851 0.021237
5855 0.046055
5903 0.044183
5906 0.076272
5958 0.056745
6111 0.040353
6112 0.025174
6260 0.152544
6308 0.018805
6317 0.017640
6323 0.093517
6568 0.018154
6715 0.043092
6773 0.068718
6813 0.019738
6816 0.049120
6828 0.035995
6837 0.031119
6858 0.028380
6864 0.010948
6866 0.043092
6957 0.055065
6992 0.037841
7050 0.029219
7058 0.048318
7061 0.012003
7198 0.107219
7240 0.076272
7257 0.045395
7374 0.034082
7383 0.322388
7428 0.032599
7484 0.122327
7485 0.132548
7498 0.008920
7501 0.026415
7704 0.017894
7705 0.047511
7730 0.041637
7737 0.068165
7859 0.007564
7899 0.356189
7915 0.026193
7926 0.047511
7936 0.033422
7938 0.055065
7972 0.031470
7978 0.027601
7985 0.046759
8027 0.034082
8028 0.068718
8193 0.047511
8271 0.023224
8292 0.056228
8362 0.183491
8387 0.085795
8404 0.013105
8457 0.029971
8467 0.079148
8482 0.052386
8491 0.041637
8499 0.039969
8524 0.076272
8605 0.074117
8609 0.049191
8628 0.084201
8640 0.068718
8647 0.045395
8650 0.032599
8761 0.018749
8767 0.035381
8826 0.044488
8871 0.029816
8931 0.020052
8934 0.044183
9014 0.055065
9047 0.041651
9059 0.027227
9105 0.106569
9130 0.019262
9138 0.033823
9144 0.046448
9263 0.064299
9280 0.029074
9422 0.098381
9569 0.058732
9642 0.032209
9669 0.019438
9677 0.031834
9755 0.038501
9767 0.064037
9770 0.025656
9814 0.055065
9841 0.061164
9855 0.041192
9865 0.019984
9871 0.030448
9903 0.019922
9942 0.034786
9951 0.036628
10017 0.023308
10063 0.034312
10080 0.037841
10092 0.022262
10126 0.050139
10276 0.020300
10337 0.479562
10397 0.021237
10425 0.058732
10537 0.038501
10555 0.034312
10619 0.013272
10621 0.028246
10890 0.011678
11015 0.026992
11150 0.102624
11166 0.051178
11193 0.038847
11306 0.014785
11324 0.046055
11376 0.023299
11396 0.023651
11502 0.025448
11512 0.047511
11600 0.035321
11630 0.046759
