316

74 0.025464
173 0.043018
180 0.037985
200 0.050342
213 0.022715
292 0.120511
340 0.053981
352 0.035983
404 0.014731
409 0.061093
457 0.057368
483 0.033882
508 0.041855
553 0.021185
591 0.061093
596 0.036694
614 0.052021
629 0.050342
653 0.063232
665 0.051295
697 0.022135
716 0.102302
737 0.063232
790 0.063232
806 0.037193
830 0.063232
831 0.022135
873 0.048202
883 0.041090
887 0.061093
888 0.082116
898 0.041824
917 0.015509
975 0.063232
981 0.246542
996 0.055099
1026 0.069226
1050 0.040400
1072 0.065850
1074 0.030268
1090 0.044348
1112 0.082700
1261 0.069226
1295 0.032957
1304 0.065850
1343 0.044348
1370 0.089967
1451 0.044348
1455 0.036452
1532 0.021056
1652 0.041824
1666 0.020367
1694 0.040740
1721 0.020186
1735 0.057717
1741 0.065850
1788 0.057717
1797 0.037984
1826 0.061093
1831 0.020738
1981 0.025278
2000 0.026648
2054 0.039435
2071 0.026240
2077 0.045848
2080 0.063232
2161 0.036941
2214 0.052021
2236 0.065850
2282 0.059284
2301 0.048202
2363 0.055244
2371 0.069226
2376 0.069226
2378 0.045848
2421 0.026648
2437 0.073983
2455 0.023016
2499 0.035312
2507 0.020557
2518 0.111388
2530 0.058130
2536 0.036941
2554 0.036694
2677 0.041824
2697 0.086890
2720 0.028439
2763 0.020428
2772 0.072904
2865 0.063232
2948 0.035983
2956 0.165806
2983 0.036941
3014 0.026752
3054 0.071965
3082 0.046394
3128 0.042606
3130 0.053927
3137 0.050342
3179 0.020864
3243 0.027071
3260 0.059284
3344 0.041824
3351 0.029582
3386 0.100510
3460 0.087776
3468 0.069226
3473 0.020738
3481 0.057717
3531 0.021316
3567 0.019210
3573 0.021316
3598 0.041451
3621 0.024303
3637 0.030700
3683 0.057867
3700 0.034678
3823 0.034273
3836 0.065850
3850 0.020489
3914 0.046966
3926 0.053296
3951 0.057138
3984 0.035755
4071 0.027510
4091 0.018725
4145 0.085213
4215 0.026968
4355 0.273912
4413 0.027179
4473 0.052021
4520 0.019717
4534 0.031936
4536 0.107962
4573 0.029388
4614 0.115630
4670 0.043888
4677 0.043746
4708 0.018619
4722 0.029582
4734 0.066944
4738 0.030937
4796 0.031936
4834 0.028561
4966 0.163036
4967 0.182260
5023 0.028934
5025 0.022715
5050 0.025558
5351 0.052960
5394 0.026900
5465 0.065850
5491 0.021880
5500 0.069226
5529 0.017472
5620 0.037193
5681 0.030997
5692 0.020367
5732 0.021251
5743 0.020246
5821 0.049649
5840 0.065850
5855 0.049584
5902 0.036452
6034 0.065850
6046 0.038833
6056 0.138452
6073 0.049584
6112 0.040655
6203 0.053981
6211 0.033137
6227 0.031302
6283 0.029060
6329 0.061093
6415 0.075283
6456 0.130723
6504 0.023562
6529 0.043888
6568 0.039091
6574 0.050342
6616 0.024303
6635 0.066637
6648 0.107962
6655 0.065850
6725 0.034474
6768 0.063232
6779 0.043018
6792 0.028075
6799 0.036694
6828 0.038753
6849 0.057717
6871 0.040740
6874 0.013518
6967 0.061093
7008 0.047445
7062 0.027876
7082 0.061995
7111 0.040452
7118 0.016515
7315 0.046966
7318 0.042209
7338 0.153454
7387 0.034076
7419 0.110198
7498 0.067226
7595 0.036941
7601 0.063232
7635 0.038092
7650 0.042606
7703 0.059284
7749 0.052021
7759 0.048873
7760 0.018007
7779 0.073983
7783 0.039130
7788 0.014325
7887 0.052480
7939 0.043888
8018 0.061093
8040 0.065850
8059 0.235595
8066 0.063232
8104 0.037451
8227 0.066195
8292 0.030268
8315 0.043445
8343 0.026648
8387 0.023092
8419 0.061696
8455 0.011787
8462 0.033137
8474 0.132723
8475 0.182260
8641 0.033882
8741 0.303219
8780 0.034885
8826 0.071845
8931 0.014393
9032 0.059284
9071 0.069226
9104 0.024134
9138 0.018208
9261 0.074387
9284 0.042606
9328 0.049472
9378 0.037451
9379 0.039748
9380 0.030700
9455 0.043888
9461 0.019489
9472 0.059284
9473 0.040069
9503 0.156062
9538 0.085318
9574 0.045848
9594 0.040400
9618 0.025943
9643 0.031615
9767 0.038302
9783 0.023482
9903 0.021449
9919 0.029989
9923 0.051151
9935 0.055099
9942 0.037451
9944 0.031936
10036 0.079562
10040 0.044348
10057 0.035097
10086 0.029060
10133 0.046966
10134 0.044348
10185 0.025186
10195 0.045729
10249 0.026041
10282 0.052021
10305 0.078261
10397 0.022864
10477 0.069226
10491 0.154987
10509 0.038092
10510 0.092787
10530 0.031458
10541 0.037451
10548 0.107430
10561 0.036694
10591 0.032436
10614 0.045326
10619 0.014289
10698 0.048873
10718 0.046394
10745 0.044827
10794 0.051151
10843 0.065850
10867 0.048873
10890 0.025147
10939 0.063232
10950 0.061093
10958 0.056335
11017 0.052960
11048 0.082116
11053 0.104042
11076 0.059284
11129 0.063232
11150 0.027622
11208 0.039748
11298 0.031936
11340 0.053296
11355 0.086036
11397 0.052681
11437 0.032781
11438 0.059284
11501 0.033882
11526 0.072152
11600 0.009507
11625 0.029852
