174

186 0.050698
292 0.058210
409 0.354111
483 0.130925
536 0.047286
600 0.050698
697 0.042767
883 0.079390
1074 0.058481
1112 0.039946
1149 0.084795
1333 0.042361
1370 0.057941
1532 0.040681
1557 0.158656
1576 0.133751
1652 0.080808
1694 0.078714
1721 0.039001
1725 0.250676
1735 0.111515
1797 0.073388
1807 0.048484
2054 0.076192
2205 0.078714
2217 0.086610
2264 0.075029
2304 0.057941
2363 0.053368
2376 0.133751
2507 0.059578
2530 0.037437
2536 0.071373
2763 0.039469
2772 0.140857
2824 0.060478
2956 0.160176
3054 0.139043
3122 0.039946
3130 0.104193
3455 0.062021
3460 0.084795
3531 0.041185
3590 0.114542
3691 0.038771
3751 0.087575
3823 0.066218
3885 0.067000
3926 0.051486
3927 0.088582
4133 0.142942
4145 0.164639
4165 0.133751
4179 0.077418
4310 0.053368
4355 0.075603
4536 0.104296
4538 0.058481
4566 0.043181
4632 0.111515
4669 0.088582
4677 0.028174
4734 0.161677
4834 0.055182
4866 0.049380
4901 0.047120
4966 0.189000
5168 0.063336
5216 0.158656
5465 0.127229
5529 0.033758
5532 0.046308
5612 0.087575
5664 0.095802
5692 0.078702
5734 0.029351
5749 0.050505
5821 0.047963
5833 0.026052
5880 0.043602
5902 0.140857
5926 0.036486
6034 0.254458
6060 0.050698
6073 0.095802
6112 0.026183
6144 0.132437
6167 0.057941
6203 0.104296
6648 0.104296
6655 0.127229
6779 0.083115
6799 0.070896
6909 0.039001
7061 0.024968
7082 0.059890
7111 0.078156
7285 0.158656
7353 0.089637
7385 0.040189
7419 0.106457
7498 0.018555
7518 0.108845
7520 0.158656
7595 0.071373
7650 0.082320
7655 0.048135
7709 0.035474
7774 0.133751
7779 0.142942
7808 0.087575
7862 0.050124
7911 0.064731
8016 0.147053
8059 0.056899
8159 0.217690
8227 0.042631
8326 0.066218
8343 0.051486
8381 0.060779
8387 0.044616
8394 0.064374
8397 0.111515
8419 0.119202
8455 0.022773
8462 0.064023
8474 0.153860
8475 0.140857
8684 0.066218
8741 0.195282
8826 0.037016
8931 0.027808
9003 0.142942
9215 0.177164
9284 0.082320
9328 0.047792
9338 0.091906
9385 0.158656
9404 0.097265
9455 0.084795
9461 0.037654
9473 0.077418
9503 0.100509
9538 0.219790
9618 0.050124
9767 0.014801
9903 0.082883
9909 0.100509
9942 0.144718
10036 0.038430
10085 0.054257
10086 0.056147
10103 0.127229
10147 0.080808
10248 0.191603
10487 0.031160
10524 0.158656
10530 0.060779
10548 0.051891
10558 0.072359
10561 0.070896
10718 0.089637
10745 0.086610
10939 0.122170
10950 0.118037
10958 0.108845
11208 0.076797
11238 0.234169
11326 0.122170
11340 0.102973
11355 0.083115
11397 0.050892
11526 0.046468
11600 0.018368
