186

23 0.043536
213 0.035948
217 0.172944
292 0.095359
313 0.061927
340 0.085429
352 0.113891
447 0.051604
508 0.033119
536 0.038732
653 0.200140
716 0.242853
737 0.200140
784 0.091343
831 0.035031
883 0.065029
887 0.096685
981 0.130058
1026 0.109556
1072 0.104214
1080 0.066190
1112 0.032720
1157 0.056231
1231 0.043714
1333 0.242889
1506 0.047680
1542 0.034809
1694 0.128949
1713 0.129956
1788 0.091343
1804 0.056585
1858 0.129956
1880 0.059687
1947 0.047243
2000 0.042173
2054 0.374456
2082 0.067428
2140 0.062409
2214 0.082327
2278 0.052158
2290 0.065600
2307 0.089156
2375 0.073422
2378 0.072558
2421 0.084345
2437 0.234170
2474 0.117085
2499 0.111768
2507 0.016267
2530 0.030665
2596 0.071733
2763 0.032329
2772 0.115377
2844 0.083814
2983 0.058462
3035 0.077346
3082 0.146844
3095 0.050514
3099 0.082327
3137 0.079670
3344 0.066190
3354 0.187644
3521 0.053621
3542 0.071733
3691 0.031758
3783 0.125809
3818 0.030142
3826 0.060114
3841 0.102001
3951 0.030142
4069 0.129956
4071 0.043536
4129 0.104214
4148 0.041847
4172 0.129956
4286 0.075280
4520 0.124813
4536 0.085429
4537 0.047460
4538 0.143706
4614 0.060998
4708 0.029467
4722 0.046816
4734 0.105945
4796 0.050542
4966 0.051604
5000 0.091343
5154 0.077346
5249 0.129956
5324 0.041527
5394 0.042572
5620 0.058862
5689 0.035831
5738 0.093822
5743 0.032041
5821 0.039287
5826 0.048355
5902 0.057688
5926 0.029886
6107 0.129956
6112 0.021447
6283 0.045990
6317 0.120225
6348 0.131201
6415 0.079427
6559 0.042672
6635 0.158188
6648 0.085429
6657 0.062904
6697 0.093822
6757 0.100070
6768 0.400281
6814 0.052158
6909 0.031946
7111 0.021339
7120 0.035599
7315 0.074328
7318 0.066799
7404 0.048127
7416 0.082327
7683 0.117085
7685 0.074328
7703 0.093822
7704 0.091467
8016 0.080301
8018 0.096685
8023 0.083814
8040 0.104214
8059 0.139818
8175 0.123854
8215 0.087199
8272 0.037800
8372 0.076284
8381 0.049784
8394 0.052729
8474 0.084018
8475 0.115377
8741 0.053319
8821 0.060551
8826 0.007580
8892 0.117085
8924 0.051879
8930 0.044817
9002 0.104214
9031 0.037800
9138 0.028815
9250 0.083814
9328 0.039147
9338 0.150561
9618 0.041057
9623 0.085009
9643 0.050033
9679 0.065029
9865 0.068101
9903 0.033945
9944 0.101084
10036 0.094435
10040 0.070184
10086 0.091981
10195 0.072369
10249 0.041212
10396 0.043360
10445 0.100070
10509 0.030142
10510 0.146844
10548 0.042504
10591 0.102665
10646 0.051879
10647 0.400281
10692 0.129956
10718 0.073422
10890 0.039797
11238 0.063936
11298 0.101084
11340 0.042173
11355 0.068080
11365 0.080951
11397 0.041686
11438 0.093822
11439 0.089156
11501 0.160862
11523 0.046037
11526 0.076124
11543 0.053928
11551 0.077346
11625 0.047243
