37

213 0.840757
583 1.696991
665 0.632874
791 2.413810
806 1.376656
1112 0.765256
1605 0.893286
1826 2.261263
2421 0.986336
2530 0.717195
2720 1.052642
2762 0.470040
2824 1.158601
3130 0.998021
3460 1.624441
3951 0.704960
4355 1.448350
4708 0.689166
4966 2.413810
5100 0.700958
5894 1.696991
6211 2.453002
8059 1.090024
8227 0.816698
8469 1.291226
8662 1.188156
8741 1.247022
8931 0.266359
9032 2.194316
9574 1.696991
9767 0.283539
10036 0.736218
10086 1.075626
10491 1.147320
10510 1.717195
11397 0.974956
11532 0.652024
