260

23 2.036450
108 1.170182
158 3.154032
180 2.811891
186 3.884913
205 3.039414
213 5.885299
268 1.247022
318 2.473711
345 0.932204
404 0.545260
408 6.078828
457 1.061691
508 3.098385
531 0.918840
553 0.784142
584 1.863323
614 1.925471
665 1.265748
678 1.395961
734 1.448350
791 2.413810
901 2.562293
981 1.520900
1002 2.614041
1050 4.486038
1112 0.765256
1143 2.562293
1157 1.315138
1182 2.039414
1296 0.974956
1343 1.641474
1370 1.109995
1464 1.459631
1485 1.863323
1592 2.240672
1605 1.786572
1607 3.039414
1609 1.115135
1613 1.323411
1617 1.291226
1721 0.747158
1725 1.200565
1797 1.405909
1804 1.323411
1865 2.136324
1872 0.638014
2000 1.972671
2046 1.018225
2154 0.677686
2161 1.367316
2188 2.085172
2230 1.426630
2259 3.839672
2301 1.784142
2356 2.340444
2424 2.194316
2507 1.141348
2530 0.717195
2536 1.367316
2539 1.130929
2596 3.355373
2603 3.617930
2609 1.483112
2696 0.683388
2718 3.827958
2720 2.105285
2824 1.158601
2915 1.624441
2962 2.942425
3095 0.590708
3121 1.568283
3130 8.982193
3177 1.158601
3179 2.316727
3275 0.611279
3344 1.548052
3351 2.189863
3417 1.075626
3479 1.717195
3480 1.376656
3482 0.967532
3542 1.677686
3553 1.835294
3567 0.711035
3625 1.893286
3626 0.967532
3633 1.219870
3653 2.437354
3683 1.070931
3693 1.437354
3694 1.240074
3751 1.677686
3823 5.074248
3841 0.477121
3951 1.409921
4145 1.577016
4148 0.978716
4310 2.044762
4333 1.136324
4355 2.896699
4413 1.005990
4475 3.039414
4519 3.039414
4534 1.182082
4573 2.175479
4614 1.426630
4677 2.698635
4681 1.677686
4691 2.085172
4708 0.689166
4729 1.200565
4734 0.619458
4738 1.717639
4792 2.261263
4866 1.891985
4904 1.471212
4943 1.145093
4966 6.034526
4967 2.698436
5023 1.070931
5100 2.102873
5324 0.971228
5394 0.995670
5455 2.437354
5465 2.437354
5515 2.738384
5529 5.173737
5532 0.887126
5678 0.986336
5681 2.294639
5723 1.659203
5743 0.749380
5857 1.120336
5873 2.194316
5894 1.696991
5900 2.078828
5920 1.233234
5949 1.837680
6097 1.094931
6112 0.501595
6167 1.109995
6211 4.906003
6227 1.158601
6239 1.738384
6274 1.200565
6283 2.151253
6291 0.806418
6385 2.194316
6421 0.590708
6456 3.225672
6466 1.075626
6504 0.872097
6522 2.340444
6568 0.723444
6792 0.519586
6799 1.358173
6828 10.040728
6864 0.872539
6874 1.000676
6909 2.241474
7008 0.878046
7062 0.687865
7109 1.893286
7118 0.611279
7120 1.665176
7283 1.608050
7338 1.893286
7343 2.136324
7403 6.078828
7419 2.039414
7498 2.488269
7635 1.409921
7643 0.942504
7650 1.577016
7788 0.530212
7847 0.932204
7876 1.548052
7887 0.971228
7904 2.551972
7939 1.624441
7989 5.240940
8030 1.696991
8059 2.180048
8215 4.078828
8294 0.925471
8352 0.854723
8394 4.932937
8410 1.307020
8419 1.141787
8455 0.872539
8462 2.453002
8469 1.291226
8474 2.947528
8482 1.043779
8508 1.283539
8588 2.194316
8619 1.275986
8662 1.188156
8741 1.247022
8930 1.048188
8931 0.799078
8934 1.760661
8956 1.080373
8971 2.614041
9035 2.039414
9056 1.760661
9062 2.151253
9138 0.673926
9184 1.608050
9215 1.696991
9234 6.078828
9264 1.315138
9270 2.151253
9369 3.039414
9461 0.721351
9568 1.066286
9592 1.070931
9618 0.960233
9642 1.283539
9671 3.184512
9725 3.640018
9767 0.850618
9811 0.909080
9942 2.772403
9944 1.182082
10086 2.151253
10092 0.887126
10195 1.692579
10233 2.562293
10249 0.963867
10305 1.448350
10309 3.976365
10397 2.538869
10487 0.596934
10491 1.147320
10548 0.994091
10558 1.386202
10614 1.677686
10619 0.528869
11011 2.738384
11017 1.960233
11053 1.925471
11084 1.677686
11096 1.376656
11121 1.200163
11150 3.067142
11209 6.118242
11233 3.827958
11318 2.738384
11320 1.001988
11332 1.430263
11340 0.986336
11347 6.078828
11397 1.949912
11523 1.076710
11526 1.780390
11532 2.608097
11543 2.522526
11594 3.039414
