88

183 6.836581
346 1.013319
391 1.358173
544 2.562293
660 1.677686
661 3.546245
833 1.835294
857 1.158601
875 2.283574
965 0.963867
1492 1.520900
1583 2.194316
1617 1.291226
1839 4.977609
2067 1.261263
2507 0.380449
2572 0.884078
2575 1.913257
2762 0.940080
2967 1.459631
2995 2.990692
3414 2.219990
3626 1.935064
3678 3.039414
3904 1.507935
4033 3.850618
4196 1.468125
4237 2.439740
4413 1.005990
4614 1.426630
4734 0.619458
4904 2.942425
4943 0.572546
5270 1.395961
5321 3.039414
5394 0.995670
5833 0.499085
5880 0.835294
6070 1.485498
6217 2.413810
6291 0.806418
6300 1.592256
6317 0.702954
6853 1.960233
7047 1.213339
7118 1.222559
7283 1.608050
7411 0.893286
7587 1.562293
7655 0.922143
7758 0.994091
8073 1.624441
8234 1.275986
8241 2.036450
8826 0.531848
9061 2.630276
9118 1.548052
9138 0.673926
9146 1.562293
9366 1.340444
9378 1.386202
9383 1.534264
9407 2.551972
9543 1.863323
9623 0.994091
9755 1.534264
9767 0.283539
9881 1.677686
9933 2.151253
9999 1.194316
10117 2.340444
10302 2.896699
10465 2.680888
10475 1.619181
10509 0.704960
10544 2.663688
10890 0.465383
11115 1.483112
11121 1.200163
11152 0.893286
11376 0.928453
11451 0.884078
11458 2.564168
11466 1.109995
11502 2.028217
11503 1.768156
11514 3.039414
11622 3.039414
