48

292 0.120953
583 0.184065
665 0.068645
791 0.261814
981 0.329930
1002 0.141766
1197 0.162193
1611 0.179966
1616 0.160866
1797 0.152492
2024 0.110893
2154 0.073505
2530 0.077791
2536 0.148306
2696 0.074124
2718 0.138400
2720 0.114175
2824 0.125668
2962 0.159575
3130 0.216501
3386 0.134505
3951 0.076464
4355 0.157096
4413 0.109115
4734 0.067190
4966 0.392722
5491 0.043922
5894 0.184065
6112 0.054406
6504 0.094592
6635 0.133763
7082 0.124444
7498 0.115667
8016 0.101854
8352 0.092708
8455 0.094640
8474 0.213136
8544 0.277920
8619 0.138400
8931 0.057781
9062 0.116668
9767 0.030754
10036 0.079854
10491 0.124444
11298 0.128215
11526 0.096555
11532 0.070722
11543 0.136803
