218

183 25.979009
185 1.495346
204 2.630276
308 1.831125
391 1.358173
404 0.545260
444 2.085172
447 1.206905
455 0.753857
479 1.213339
541 1.808965
553 0.784142
596 1.358173
661 3.546245
721 3.039414
806 1.376656
833 5.505882
835 3.039414
875 1.141787
876 1.548052
882 6.078828
897 1.720874
917 0.574031
960 3.198859
965 0.963867
1023 2.261263
1036 3.039414
1088 3.039414
1159 3.039414
1160 2.194316
1207 2.261263
1284 1.080373
1333 0.811527
1503 1.717195
1507 1.358173
1592 2.240672
1641 3.897154
1839 6.636812
1886 1.863323
1897 1.863323
1950 1.534264
1974 1.738384
2099 3.039414
2165 0.808965
2266 5.124586
2413 2.562293
2473 1.026577
2507 0.380449
2601 1.507935
2762 1.410121
2799 2.738384
2921 1.717195
2927 1.624441
2967 1.459631
3093 3.039414
3122 0.765256
3131 3.015870
3155 6.078828
3275 0.611279
3299 1.760661
3364 2.136324
3432 1.471212
3450 1.738384
3480 2.753313
3539 1.677686
3567 0.711035
3606 1.893286
3621 0.899535
3627 1.254084
3637 1.136324
3691 1.485498
3692 2.340444
3727 1.608050
3841 0.477121
3872 2.738384
3915 6.078828
3938 1.233234
4033 2.567079
4053 3.039414
4091 1.386122
4131 1.784142
4136 9.118242
4237 8.539091
4266 1.052642
4374 1.808965
4451 0.878046
4469 1.863323
4601 2.194316
4645 2.123381
4729 2.401130
4734 0.619458
4901 0.902694
4908 1.784142
4912 2.738384
4916 1.268562
4956 1.760661
5026 1.240074
5100 1.401915
5191 2.437354
5232 2.085172
5297 1.331844
5300 2.039414
5320 1.818161
5324 0.971228
5394 0.497835
5448 2.194316
5529 0.646717
5591 1.835294
5689 1.676034
5772 3.039414
5796 3.039414
5869 1.052642
5880 0.835294
5889 2.194316
5926 2.096910
6047 1.893286
6070 2.970996
6071 1.238917
6136 1.608050
6167 1.109995
6216 3.039414
6217 1.206905
6262 5.476768
6300 1.592256
6317 1.405909
6416 2.738384
6497 3.039414
6587 0.622774
6799 1.358173
6814 1.219870
6828 0.717195
6864 0.436270
6867 3.039414
6934 1.448350
6964 1.760661
7111 0.499085
7118 3.056397
7123 1.164353
7374 1.358173
7428 1.299051
7450 1.376656
7583 1.659203
7587 1.562293
7655 1.844286
7694 0.776963
7788 0.530212
7801 1.592256
7881 1.548052
7904 1.275986
7939 1.624441
8137 1.608050
8198 3.039414
8227 1.633395
8241 1.018225
8278 2.340444
8332 1.483112
8457 1.194316
8529 1.066286
8539 0.668346
8605 0.738384
8616 1.367316
8632 3.850942
8683 2.562293
8715 3.039414
8767 0.704960
8822 1.577016
8826 1.595545
8931 0.532719
9087 1.562293
9144 1.850942
9250 1.960233
9270 1.075626
9280 1.158601
9328 0.915562
9394 1.925471
9396 2.194316
9407 8.931903
9458 2.261263
9466 2.738384
9473 1.483112
9514 5.476768
9573 3.039414
9657 3.039414
9761 1.670588
9800 3.039414
9816 3.039414
9944 1.182082
10036 1.472436
10113 2.437354
10128 2.340444
10192 2.136324
10302 5.793398
10378 2.050165
10384 3.039414
10412 1.808965
10433 1.052642
10461 1.577016
10465 12.063997
10475 0.539727
10487 0.596934
10509 0.704960
10539 2.738384
10544 3.995532
10648 2.738384
10701 2.359683
10917 1.608050
11121 1.200163
11364 1.437354
11400 2.562293
11444 9.118242
11457 1.677686
11458 5.128336
11503 7.072625
11523 1.076710
11532 0.652024
11593 3.039414
11600 2.463196
11627 1.738384
