216

22 0.106001
79 0.031855
85 0.044875
99 0.075309
292 0.038522
304 0.152675
373 0.050422
404 0.037671
458 0.077430
552 0.034613
592 0.059320
600 0.033551
666 0.055549
668 0.111098
736 0.050032
771 0.040834
889 0.078114
913 0.035906
1074 0.077403
1203 0.094596
1333 0.028034
1605 0.030858
1636 0.038522
1653 0.051233
1726 0.073798
1875 0.053000
1883 0.084197
1900 0.104182
1947 0.038169
2042 0.046608
2043 0.072031
2082 0.054477
2121 0.066514
2161 0.047233
2165 0.111781
2176 0.055549
2224 0.039633
2244 0.048568
2259 0.029475
2313 0.046917
2339 0.039633
2340 0.070348
2353 0.061632
2572 0.091620
2627 0.052871
2633 0.037824
2653 0.104182
2661 0.075801
2677 0.053477
2690 0.033679
2763 0.026119
2804 0.040222
2856 0.067715
2936 0.062490
2967 0.050422
3056 0.058622
3095 0.020406
3140 0.080849
3179 0.026677
3203 0.039049
3204 0.039254
3275 0.021116
3374 0.040423
3401 0.046305
3500 0.055549
3509 0.157616
3531 0.027255
3567 0.024562
3598 0.053000
3621 0.155370
3683 0.036995
3841 0.032964
3951 0.024352
4005 0.037824
4215 0.034481
4246 0.066514
4320 0.094596
4396 0.105077
4520 0.025210
4573 0.018788
4610 0.045431
4677 0.018645
4943 0.019778
4970 0.094466
4980 0.072031
5023 0.073989
5083 0.046608
5100 0.024214
5395 0.035757
5553 0.084197
5569 0.212775
5689 0.028949
5734 0.058272
5743 0.025887
5749 0.033423
5754 0.060051
5757 0.067715
5763 0.060821
5797 0.036834
5833 0.017241
5880 0.028855
5900 0.035906
5948 0.029823
5966 0.063399
6070 0.025658
6097 0.037824
6170 0.069021
6211 0.084738
6281 0.041692
6308 0.025887
6409 0.070450
6436 0.472728
6441 0.144062
6583 0.057955
6587 0.021513
6656 0.088513
6859 0.064367
6864 0.030141
6871 0.052091
7046 0.063399
7082 0.039633
7126 0.079787
7141 0.084197
7238 0.066514
7377 0.088156
7385 0.186171
7641 0.022340
7655 0.031855
7664 0.041692
7704 0.073899
7709 0.093903
7713 0.048921
7758 0.034340
7760 0.023024
7761 0.082946
7788 0.091579
7830 0.062490
7847 0.032202
7856 0.043322
7859 0.041650
7861 0.048154
7862 0.033171
7955 0.060821
7971 0.052539
7974 0.053969
7981 0.031970
7998 0.084197
8087 0.040023
8126 0.057316
8157 0.032439
8334 0.095112
8351 0.085203
8375 0.080849
8404 0.054119
8455 0.015071
8462 0.084738
8484 0.073798
8520 0.124979
8621 0.044339
8684 0.043822
8761 0.051620
8767 0.024352
8802 0.078114
8826 0.018372
9034 0.042601
9097 0.032439
9115 0.114506
9116 0.040834
9172 0.138041
9313 0.069021
9333 0.049282
9444 0.032439
9462 0.056704
9521 0.102466
9617 0.088513
9632 0.048223
9639 0.072031
9642 0.044339
9716 0.072031
9767 0.029384
9778 0.084197
9783 0.090073
9873 0.047556
9933 0.037157
9957 0.049653
9988 0.062490
10085 0.035906
10093 0.056704
10118 0.059320
10276 0.027945
10308 0.072031
10378 0.023607
10423 0.024146
10487 0.020621
10627 0.053969
10651 0.042601
10653 0.094596
10711 0.043822
10735 0.053477
10740 0.088513
10830 0.088513
10904 0.094596
10966 0.094596
11120 0.075801
11121 0.020729
11152 0.092574
11195 0.053000
11208 0.050822
11242 0.036209
11256 0.026922
11267 0.051656
11532 0.022524
11600 0.012156
11637 0.160429
11649 0.078114
11672 0.060051
