312

22 1.534264
23 2.036450
46 2.085172
156 3.039414
183 38.284855
185 1.495346
217 0.808965
332 2.039414
391 1.358173
399 1.960233
404 1.090519
475 1.349218
541 1.808965
560 2.437354
575 2.437354
626 2.562293
634 2.466468
651 1.534264
661 2.364163
697 0.819306
698 2.562293
833 1.835294
857 1.158601
897 0.860437
917 0.574031
960 1.066286
965 1.927734
992 1.158601
1051 2.738384
1079 2.437354
1090 1.641474
1167 1.459631
1170 2.738384
1239 2.437354
1284 1.080373
1297 2.738384
1298 1.863323
1316 1.925471
1378 1.386202
1389 3.039414
1455 1.349218
1465 1.386202
1507 1.358173
1613 2.646822
1677 1.696991
1752 3.039414
1766 1.254084
1774 2.738384
1839 23.228840
1897 1.863323
2024 1.022381
2044 1.738384
2058 0.899535
2128 2.039414
2154 1.355373
2188 2.085172
2205 1.507935
2254 3.039414
2265 1.998021
2268 3.042642
2300 2.136324
2348 0.956629
2363 1.022381
2421 0.986336
2507 1.521797
2524 1.048188
2543 1.141787
2555 2.738384
2562 2.085172
2585 2.942425
2618 1.164353
2708 1.035093
2762 1.410121
2769 1.115135
2823 3.039414
2886 1.577016
2912 2.136324
3018 1.863323
3026 2.136324
3037 1.738384
3054 1.331844
3121 0.784142
3122 0.765256
3220 2.194316
3255 2.734633
3268 2.039414
3275 2.445117
3293 1.925471
3318 2.340444
3351 1.094931
3366 1.367316
3374 1.170182
3417 1.075626
3498 1.459631
3521 5.016337
3531 0.788994
3567 2.844138
3568 1.808965
3626 1.935064
3637 1.136324
3681 2.317201
3691 1.485498
3761 1.188156
3770 1.349218
3806 2.791923
3939 4.272648
3944 1.784142
3952 1.136324
3968 1.437354
3997 2.738384
4033 1.283539
4134 3.039414
4196 0.734063
4237 2.439740
4278 1.534264
4307 1.808965
4318 1.835294
4373 3.039414
4437 1.471212
4455 3.039414
4462 1.141787
4466 2.039414
4535 2.085172
4598 2.261263
4623 3.068528
4677 0.539727
4727 1.925471
4729 1.200565
4734 1.238917
4744 2.261263
4763 1.893286
4774 2.562293
4780 1.960233
4782 5.124586
4858 1.592256
4871 2.738384
4885 3.039414
4901 2.708081
5050 0.945992
5084 4.731048
5125 3.039414
5178 0.832588
5394 0.995670
5399 1.577016
5482 1.893286
5521 1.307020
5529 0.646717
5689 0.838017
5699 2.261263
5756 2.942425
5821 0.918840
5833 0.998169
5851 0.846290
5925 1.624441
5991 2.085172
6070 0.742749
6167 1.109995
6217 1.206905
6227 1.158601
6323 1.863323
6354 1.863323
6374 2.738384
6415 0.928824
6445 2.966223
6466 1.075626
6559 0.998021
6587 1.868321
6620 3.039414
6635 3.699702
6718 2.437354
6816 0.978716
6828 0.717195
6852 2.340444
6853 1.960233
6858 1.130929
6909 1.494316
6926 2.738384
6981 2.738384
7008 0.878046
7043 1.760661
7077 1.893286
7111 0.998169
7118 2.445117
7217 0.796376
7350 3.318406
7411 1.786572
7428 1.299051
7515 1.405946
7530 0.998021
7533 2.039414
7539 3.039414
7587 3.124586
7589 1.261263
7635 0.704960
7655 1.844286
7656 2.630276
7685 1.738384
7694 3.107852
7758 0.994091
7783 1.448350
7847 0.932204
7854 2.039414
7864 1.170182
7896 1.437354
7943 2.136324
8016 0.939044
8046 1.219870
8079 2.562293
8085 3.015870
8137 3.216101
8157 0.939044
8227 1.633395
8234 2.551972
8272 0.884078
8356 1.925471
8410 1.307020
8455 0.436270
8539 1.336693
8567 4.874708
8605 1.476768
8731 4.078828
8826 1.595545
8902 2.738384
8931 0.799078
8956 1.080373
8959 1.136324
9000 3.039414
9040 1.835294
9047 1.659798
9075 1.520900
9087 1.562293
9099 1.315138
9137 1.448350
9138 0.673926
9144 0.925471
9184 1.608050
9215 1.696991
9280 1.158601
9312 2.136324
9357 1.376656
9378 4.158605
9381 2.251201
9387 3.521321
9394 1.925471
9395 2.136324
9397 2.136324
9407 2.551972
9473 2.966223
9492 2.085172
9497 2.136324
9515 3.039414
9618 0.960233
9634 3.741067
9635 1.548052
9653 3.568283
9677 1.268562
9693 2.340444
9723 1.925471
9747 1.891985
9756 2.194316
9761 0.835294
9798 1.863323
9908 1.562293
9933 2.151253
10036 2.944872
10037 5.476768
10147 1.548052
10192 2.136324
10204 6.078828
10251 1.182082
10279 1.005990
10284 2.437354
10302 5.793398
10352 0.971228
10378 2.050165
10396 1.014108
10405 1.835294
10408 2.261263
10462 3.039414
10465 4.021332
10475 0.539727
10509 1.409921
10541 1.386202
10544 1.331844
10565 1.340444
10606 1.507935
10619 0.528869
10648 2.738384
10701 0.786561
10723 2.261263
10859 2.738384
10866 1.960233
11003 1.437354
11068 2.261263
11093 2.437354
11121 0.600081
11152 0.893286
11208 1.471212
11306 3.534990
11335 1.043779
11364 1.437354
11376 1.392679
11458 0.854723
11466 1.109995
11470 1.835294
11503 3.536312
11523 1.076710
11535 2.136324
11552 3.039414
11600 2.463196
11611 1.608050
11625 1.104916
