451

104 2.136324
113 2.437354
122 4.893581
188 2.240672
198 1.152923
213 0.840757
404 1.635779
418 2.473711
424 2.716346
441 1.998021
451 3.039414
466 23.858824
475 1.349218
477 1.641474
526 1.592256
531 0.918840
550 2.340444
553 2.352425
586 2.241474
600 1.942457
601 3.039414
634 1.233234
635 2.738384
637 7.655917
693 1.624441
696 2.085172
697 0.819306
762 2.437354
895 3.385158
897 1.720874
899 4.272648
917 1.722094
972 21.275899
990 1.340444
1074 1.120336
1147 3.039414
1258 1.240074
1263 2.738384
1286 2.194316
1296 0.974956
1310 6.078828
1364 1.520900
1385 3.144564
1387 2.170343
1390 1.307020
1400 1.395961
1441 2.340444
1456 2.547247
1466 0.909080
1542 7.326944
1616 1.483112
1633 1.299051
1649 0.881052
1662 3.850942
1666 1.507714
1689 1.437354
1725 1.200565
1788 2.136324
1831 1.535145
1838 18.576629
1847 4.170343
1853 3.393983
1859 15.161121
1872 2.552054
1996 1.998021
2003 6.953536
2008 1.548052
2019 4.874708
2024 1.022381
2025 1.426630
2062 2.663688
2086 5.664659
2091 4.879481
2115 0.922143
2140 5.838522
2161 2.734633
2166 3.015870
2174 4.747545
2176 1.608050
2185 1.182082
2246 4.977609
2259 1.279891
2278 1.219870
2339 1.147320
2405 2.646822
2408 3.039414
2420 2.738384
2452 1.562293
2494 2.437354
2507 1.521797
2513 2.437354
2548 3.079731
2550 3.205472
2554 2.716346
2569 1.677686
2575 0.956629
2627 1.530513
2638 1.061691
2651 6.273133
2667 2.753313
2690 1.949912
2762 2.350201
2768 2.020061
2804 1.164353
2805 1.437354
2851 1.170182
2918 2.085172
2923 2.136324
3014 1.980392
3060 4.279891
3115 1.784142
3177 1.158601
3179 0.772242
3243 1.001988
3275 0.611279
3287 1.641474
3349 1.738384
3384 1.349218
3409 1.893286
3415 1.386202
3437 1.437354
3455 2.376312
3482 0.967532
3499 1.507935
3535 2.011981
3550 1.386202
3558 2.413810
3561 6.078828
3567 1.422069
3598 1.534264
3611 2.959007
3621 1.799070
3624 7.021332
3635 14.624125
3636 1.925471
3673 1.349218
3691 0.742749
3694 2.480147
3715 3.068528
3719 2.562293
3758 1.182082
3807 1.386202
3818 2.819841
3841 0.477121
3864 4.388632
3917 4.827621
3951 0.704960
3952 4.545297
3975 2.364163
4052 2.738384
4091 2.079183
4110 1.942457
4142 2.738384
4205 1.226501
4215 5.989016
4249 10.865383
4315 1.512226
4317 1.254084
4437 1.471212
4451 0.878046
4466 2.039414
4469 1.863323
4495 2.562293
4520 2.919136
4553 2.261263
4573 3.807088
4613 1.805387
4624 8.879935
4677 0.539727
4708 1.378332
4734 3.097292
4738 9.160744
4745 1.893286
4752 2.136324
4791 2.437354
4796 5.910408
4830 1.426630
4834 1.057143
4844 2.085172
4910 3.920466
4928 3.248882
4943 0.572546
4954 2.832330
4970 1.367316
5009 1.376656
5012 2.481680
5042 1.562293
5050 0.945992
5064 1.182082
5112 1.920466
5135 2.375240
5143 0.902694
5178 1.665176
5204 1.738384
5308 18.236485
5311 6.078828
5320 0.909080
5323 1.893286
5324 0.971228
5376 3.783789
5394 1.493505
5395 9.315835
5436 3.039414
5452 1.696991
5453 1.696991
5496 0.978716
5521 1.307020
5529 0.646717
5531 1.835294
5532 0.887126
5689 2.514051
5692 0.753857
5712 1.935064
5719 21.277469
5758 2.439740
5795 2.340365
5801 2.562293
5807 1.577016
5833 1.497254
5851 0.846290
5869 5.263212
5880 0.835294
5892 1.340444
5894 1.696991
5897 2.194316
5898 3.039414
5925 3.248882
5962 1.349218
6005 2.136324
6071 0.619458
6104 2.194316
6112 1.504785
6131 2.136324
6141 1.677686
6150 2.437354
6167 1.109995
6190 6.078828
6211 1.226501
6220 1.416165
6227 1.158601
6235 6.078828
6308 0.749380
6317 0.702954
6324 1.471212
6331 1.808965
6336 1.925471
6367 1.405946
6382 3.521321
6428 1.808965
6433 0.758381
6434 1.863323
6455 1.925471
6511 3.039414
6570 0.998021
6572 1.534264
6587 3.113868
6654 3.039414
6740 1.808965
6792 0.519586
6793 1.863323
6816 2.936149
6864 0.872539
6896 2.738384
6909 1.494316
6978 2.039414
6981 2.738384
6985 2.437354
6992 1.507935
7008 0.878046
7039 2.508169
7050 1.164353
7052 2.039414
7060 0.932204
7061 6.218066
7062 5.502919
7103 2.738384
7111 1.996339
7125 1.416165
7143 2.766428
7188 1.376656
7234 2.261263
7305 1.677686
7368 45.375655
7389 2.853261
7394 1.426630
7400 2.039414
7404 3.376801
7450 1.376656
7453 1.893286
7498 2.843736
7501 1.052642
7530 0.998021
7580 2.508169
7635 1.409921
7655 2.766428
7713 1.416165
7758 0.994091
7760 0.666502
7775 1.340444
7783 1.448350
7788 1.590635
7823 4.388632
7859 3.617122
7861 2.090974
7862 0.960233
7881 1.548052
7896 1.437354
7899 0.887126
7918 1.548052
7920 5.197071
7928 3.726646
7932 1.925471
7936 1.331844
7966 1.608050
7972 1.254084
7973 1.696991
8007 0.838017
8009 1.608050
8013 2.738384
8046 2.439740
8083 0.711035
8096 3.996043
8104 1.386202
8117 1.577016
8175 1.448350
8183 1.405946
8192 5.776412
8203 1.863323
8227 0.816698
8234 1.275986
8236 2.085172
8240 1.534264
8271 0.925471
8273 2.261263
8276 8.215152
8284 2.853261
8292 1.120336
8381 2.328706
8387 0.854723
8390 2.261263
8404 1.044436
8410 1.307020
8445 1.592256
8457 4.777264
8458 2.562293
8463 0.960233
8469 3.873678
8470 1.152923
8473 3.039414
8494 1.291226
8512 1.750123
8539 0.668346
8552 3.995532
8579 2.738384
8582 6.308064
8671 1.367316
8677 1.358173
8684 2.537124
8694 1.925471
8702 1.323411
8728 1.233234
8729 1.738384
8761 0.747158
8780 2.582452
8826 5.495765
8931 1.065438
8939 1.213339
8959 1.136324
9013 2.738384
9014 2.194316
9031 1.768156
9059 0.542484
9062 2.151253
9093 4.747545
9095 1.194316
9104 0.893286
9105 5.308453
9107 1.291226
9130 0.767573
9132 0.731918
9215 5.090974
9328 1.831125
9329 1.507935
9366 1.340444
9439 6.078828
9584 2.680888
9587 1.291226
9632 1.395961
9669 0.774596
9682 2.194316
9725 2.426679
9730 2.085172
9748 1.784142
9753 2.437354
9761 0.835294
9779 2.340444
9783 0.869152
9788 1.608050
9798 1.863323
9811 0.909080
9831 2.738384
9901 3.039414
9915 2.194316
9977 1.641474
9999 1.194316
10058 1.212890
10059 1.760661
10067 1.018225
10242 1.437354
10309 1.988182
10337 2.123381
10396 2.028217
10397 0.846290
10487 0.596934
10530 2.328706
10556 1.182082
10558 1.386202
10596 1.194316
10651 1.233234
10701 0.786561
10720 1.677686
10735 3.096105
10851 2.085172
10897 3.039414
10902 3.039414
10917 1.608050
10934 3.039414
10953 3.039414
10992 3.039414
11031 1.448350
11079 1.659203
11193 3.096105
11203 1.641474
11287 2.087558
11295 1.213339
11305 2.085172
11306 1.767495
11332 0.715132
11372 2.136324
11422 3.039414
11423 13.067162
11443 0.945992
11451 0.884078
11500 2.437354
11502 1.014108
11503 0.884078
11521 2.151253
11523 4.845194
11551 1.808965
11600 1.055655
11620 1.085172
