101

109 1.233234
508 1.549193
689 1.268562
857 1.158601
1074 1.120336
1112 1.530513
1333 0.811527
1370 2.219990
1487 1.676034
1725 1.200565
1797 0.702954
1828 1.696991
1944 1.677686
2024 1.022381
2259 0.426630
2363 1.022381
2455 2.555680
2519 1.315138
2647 2.437354
2651 0.784142
2696 0.683388
2772 1.349218
2809 1.520900
2874 3.039414
3014 0.990196
3089 1.960233
3130 1.996043
3345 2.738384
3374 1.170182
3534 2.437354
3573 0.788994
3784 3.726646
3850 0.758381
3908 1.471212
4120 1.677686
4296 2.437354
4338 2.738384
4534 1.182082
4573 0.543870
4620 1.760661
4677 1.079454
4708 0.689166
4793 1.471212
5001 2.261263
5025 0.840757
5178 0.832588
5491 0.404937
5657 1.416165
5770 1.998021
5885 0.706976
5900 2.078828
5949 0.918840
5985 2.562293
6046 1.437354
6112 0.501595
6277 2.039414
6415 0.928824
6433 1.516762
6504 0.872097
6649 1.471212
6792 0.519586
6839 1.307020
7047 1.213339
7062 0.343932
7111 0.499085
7498 1.066401
7704 0.713078
7737 1.358173
7859 0.301427
8007 0.838017
8059 1.090024
8128 1.182082
8482 1.043779
8496 2.738384
8549 3.039414
8826 0.354565
8857 2.734633
8858 1.659203
8871 1.188156
8895 1.717195
8931 0.266359
8965 3.039414
9002 2.437354
9224 1.696991
9261 1.376656
9286 1.960233
9452 1.459631
9993 1.624441
10010 1.061691
10036 0.736218
10260 1.998021
10397 0.846290
10658 1.240074
11150 1.022381
11252 1.592256
11376 0.464226
11396 0.942504
11523 1.615065
11526 0.890195
11543 1.261263
11671 1.592256
