105

213 0.840757
463 4.272648
536 0.905875
553 1.568283
716 1.893286
917 0.574031
981 1.520900
1167 1.459631
1277 1.998021
1296 0.974956
1333 1.623055
1611 1.659203
1643 1.043779
1807 0.928824
1831 0.767573
1950 1.534264
2077 1.696991
2154 0.677686
2259 0.426630
2307 2.085172
2518 0.824570
2524 1.048188
2718 1.275986
2762 0.470040
2772 1.349218
2824 2.317201
3050 1.659203
3128 1.577016
3130 1.996043
3179 0.772242
3243 1.001988
3351 1.094931
3414 1.109995
3613 1.005990
3926 0.986336
3951 0.704960
4145 3.154032
4215 0.499085
4278 1.534264
4413 1.005990
4426 1.863323
4573 1.087740
4677 1.079454
4681 1.677686
4708 0.689166
4716 2.340444
4722 1.094931
4734 0.619458
4834 1.057143
4966 2.413810
4967 1.349218
5023 1.070931
5100 0.700958
5351 1.960233
5491 0.404937
5620 1.376656
5753 0.650248
5817 2.772403
5880 0.835294
6285 1.784142
6466 1.075626
6468 2.039414
6504 0.872097
6506 1.299051
6570 0.998021
6909 0.747158
7283 1.608050
7369 3.783789
7404 1.125600
7498 1.066401
7896 1.437354
8059 1.090024
8245 1.039414
8294 0.925471
8404 0.522218
8407 1.448350
8474 1.965019
8475 2.698436
8662 1.188156
8741 1.247022
8759 1.483112
8826 0.177283
8934 1.760661
8971 1.307020
9009 3.039414
9473 1.483112
9767 0.283539
9872 2.283574
9903 0.793901
10086 1.075626
10397 0.846290
10509 0.704960
10591 2.401130
10614 1.677686
11150 1.022381
11177 3.015870
11306 0.589165
11501 1.254084
11523 0.538355
11526 0.890195
11532 0.652024
11543 1.261263
11558 1.659203
11567 3.039414
11625 1.104916
