85

71 0.047136
85 0.069737
98 0.057241
122 0.052540
198 0.061892
404 0.087813
515 0.163164
586 0.040110
637 0.068499
665 0.067949
895 0.045431
1385 0.393888
1542 0.043703
1666 0.040469
1859 0.130223
2131 0.109322
2154 0.036380
2162 0.125642
2246 0.089071
2548 0.055110
2550 0.043020
2627 0.041081
2641 0.101637
2651 0.042095
2762 0.025233
3404 0.117797
3491 0.206729
3621 0.048290
3694 0.133141
3762 0.652657
3869 0.076024
3975 0.063457
4007 0.163164
4237 0.065486
4249 0.145821
4738 0.092208
4945 0.103365
4970 0.073401
5010 0.114684
5178 0.044696
5204 0.093321
5389 0.105231
5394 0.026725
5395 0.055567
5719 0.380745
5758 0.065486
5885 0.037952
5926 0.112568
6070 0.039873
6071 0.033254
6141 0.090063
6433 0.040712
6568 0.038836
7118 0.032815
7131 0.155503
7143 0.049503
7368 0.289987
7385 0.041330
7389 0.076586
7635 0.037844
7758 0.053366
7760 0.035780
7823 0.353391
7851 0.147004
7856 0.067323
7859 0.097089
7862 0.103096
8083 0.114511
8096 0.107259
8455 0.023420
8557 0.130844
8582 0.338635
8826 0.019034
9052 0.090564
9669 0.041583
9761 0.044841
10131 0.147004
10134 0.088119
10242 0.077161
10378 0.036686
10433 0.056509
10619 0.028391
10861 0.111938
11359 0.100028
11423 0.131528
