47

250 0.267137
505 0.235753
549 0.152177
1385 0.218562
1436 0.159958
1666 0.078595
1704 0.161396
1859 0.063226
2344 0.136266
2524 0.109281
2752 0.154625
2966 0.191343
3044 0.222727
3095 0.061586
3285 0.164415
3621 0.093783
3841 0.049743
4738 0.059692
4943 0.059692
4954 0.147645
5800 0.316881
5806 0.285496
6141 0.174911
7072 0.293160
7118 0.063730
7368 0.225273
7707 0.111168
7788 0.055278
7851 0.285496
7859 0.125704
7861 0.072666
7896 0.149855
7926 0.197389
8339 0.228773
8457 0.124516
8557 0.254112
8582 0.328831
8826 0.036966
8931 0.027770
10235 0.146580
10507 0.106591
10619 0.220554
10701 0.082005
10838 0.316881
11146 0.113137
11423 0.085147
11449 0.316881
