219

63 0.037870
103 0.146502
127 0.057540
217 0.032385
292 0.133923
300 0.135868
346 0.020283
404 0.021828
447 0.096630
697 0.032798
839 0.056283
883 0.060885
970 0.097572
981 0.243539
1112 0.030635
1132 0.025335
1197 0.119724
1275 0.051690
1295 0.048834
1333 0.097461
1592 0.044849
1600 0.090523
1643 0.041785
1725 0.048061
1747 0.121674
1797 0.084422
1857 0.085521
1862 0.109623
1865 0.085521
1874 0.063131
1880 0.055883
1947 0.044232
2058 0.036010
2161 0.054736
2248 0.045708
2259 0.017079
2327 0.097572
2354 0.087843
2375 0.068743
2455 0.034103
2473 0.041096
2507 0.060921
2518 0.033009
2696 0.082072
2697 0.064374
2718 0.204321
2762 0.037633
2763 0.030269
2769 0.133923
2824 0.046381
2948 0.106633
2954 0.037454
3014 0.039640
3039 0.121674
3128 0.063131
3130 0.079906
3156 0.055110
3179 0.061829
3344 0.061972
3351 0.131497
3417 0.043060
3432 0.058896
3473 0.030727
3500 0.064374
3542 0.067161
3558 0.048315
3567 0.028464
3573 0.031585
3599 0.092762
3613 0.040272
3673 0.054012
3691 0.029734
3751 0.067161
3850 0.030360
3914 0.069591
3952 0.045489
3988 0.070483
4148 0.039180
4179 0.059372
4215 0.019979
4300 0.121674
4310 0.040928
4315 0.030269
4437 0.058896
4444 0.067161
4451 0.070300
4467 0.073471
4537 0.044435
4573 0.021772
4663 0.071273
4670 0.065030
4681 0.067161
4708 0.082766
4722 0.043832
4738 0.022920
4770 0.050491
4956 0.070483
4966 0.144945
5025 0.033657
5307 0.041266
5345 0.058896
5394 0.059788
5491 0.032421
5529 0.129447
5679 0.061972
5689 0.033548
5698 0.109623
5723 0.066421
5743 0.029999
5753 0.026031
5821 0.073566
5826 0.045273
5833 0.079918
5869 0.042139
5885 0.028302
5926 0.111925
5947 0.149763
5949 0.036783
5962 0.054012
6046 0.057540
6073 0.073471
6112 0.060240
6167 0.088871
6241 0.102574
6283 0.043060
6456 0.032283
6468 0.081642
6559 0.039953
6635 0.148107
6769 0.205148
6792 0.041600
6812 0.098199
6814 0.048834
6839 0.104645
6874 0.020030
7008 0.035150
7062 0.013768
7082 0.045930
7111 0.099897
7120 0.033330
7185 0.090523
7353 0.068743
7384 0.109623
7498 0.042690
7594 0.120731
7604 0.066421
7622 0.090523
7635 0.028221
7760 0.026681
7808 0.067161
7887 0.038880
8054 0.083474
8059 0.174544
8111 0.041437
8175 0.057980
8394 0.049369
8412 0.064374
8455 0.017465
8474 0.157327
8475 0.054012
8482 0.083569
8525 0.243348
8605 0.029559
8646 0.074593
8728 0.049369
8741 0.099842
8767 0.028221
8924 0.097145
8931 0.031989
8956 0.086499
9008 0.077081
9138 0.026979
9144 0.037048
9315 0.243348
9326 0.065712
9387 0.070483
9436 0.081642
9452 0.116864
9562 0.117996
9747 0.037870
9863 0.048834
9872 0.091416
9942 0.055492
9943 0.140966
9950 0.052648
10007 0.144833
10085 0.041610
10249 0.038586
10279 0.040272
10378 0.027357
10397 0.101636
10431 0.109623
10475 0.021606
10507 0.163712
10530 0.046611
10548 0.119386
10591 0.048061
10613 0.085521
10619 0.021172
10711 0.050783
10722 0.121674
10890 0.018630
11038 0.075792
11084 0.067161
11121 0.024022
11150 0.040928
11165 0.067161
11177 0.060366
11252 0.063741
11335 0.041785
11340 0.078970
11349 0.051383
11376 0.018584
11397 0.039029
11521 0.086119
11526 0.071273
11600 0.014087
11625 0.044232
11661 0.090523
