201

77 1.893286
108 1.170182
148 2.240672
163 2.194316
175 2.453002
188 6.722016
345 0.932204
346 0.506660
418 0.824570
458 0.747158
466 1.835294
512 1.386202
514 1.784142
586 0.747158
630 1.107385
665 0.632874
690 3.039414
831 0.819306
897 0.860437
917 0.574031
927 2.437354
960 1.066286
1007 1.099895
1053 1.001988
1132 1.265748
1532 0.779343
1542 3.256419
1643 1.043779
1666 0.753857
1789 1.534264
1795 2.738384
1807 0.928824
1821 2.194316
1831 0.767573
1847 6.255515
1940 0.578516
1967 1.893286
2026 2.340444
2027 5.476768
2065 4.078828
2076 1.448350
2110 1.784142
2131 1.018225
2246 1.659203
2259 0.426630
2268 1.521321
2319 1.416165
2480 3.039414
2482 2.340444
2550 1.602736
2575 4.783144
2638 1.061691
2653 1.507935
2682 1.863323
2762 0.940080
2805 1.437354
2835 2.194316
2916 1.459631
2949 3.039414
2950 1.395961
2954 1.871221
3014 0.990196
3095 1.181416
3122 0.765256
3179 0.772242
3236 1.949912
3282 1.376656
3322 1.395961
3423 2.776412
3437 2.874708
3464 1.426630
3482 1.935064
3495 1.170182
3562 1.562293
3573 0.788994
3611 1.972671
3613 1.005990
3615 4.874708
3621 0.899535
3685 1.437354
3818 0.704960
3850 0.758381
3975 1.182082
4005 1.094931
4148 2.936149
4215 1.497254
4573 0.543870
4610 1.315138
4875 1.520900
4901 0.902694
4943 1.717639
5104 12.847059
5112 0.960233
5135 1.187620
5178 1.665176
5363 7.440441
5409 3.039414
5457 1.448350
5458 5.476768
5491 0.404937
5624 1.099895
5692 0.753857
5712 2.902596
5719 8.274571
5732 0.786561
5753 0.650248
5758 4.879481
5781 2.039414
6070 0.742749
6071 0.619458
6110 2.039414
6371 1.784142
6470 17.936050
6516 2.437354
6544 2.261263
6547 3.355373
6568 2.893775
6759 4.522526
6813 0.786561
6816 0.978716
6864 0.872539
7043 1.760661
7053 3.039414
7060 0.932204
7062 0.343932
7111 0.499085
7122 5.033059
7134 3.039414
7165 1.115135
7264 4.924422
7498 0.355467
7536 3.039414
7760 0.666502
7814 2.039414
7818 1.760661
7856 1.254084
7920 2.078828
7929 3.041800
7971 1.520900
7972 3.762253
7989 1.048188
8083 1.422069
8199 3.039414
8457 1.194316
8470 2.305847
8550 1.659203
8583 1.349218
8605 2.215152
8761 5.977264
8815 3.039414
8826 2.304676
8835 2.437354
8874 1.323411
8876 14.275899
8915 2.738384
8916 1.863323
8920 2.180048
8931 0.532719
9051 2.251201
9333 1.426630
9359 2.136324
9381 1.125600
9435 1.608050
9533 2.194316
9579 1.315138
9770 5.111904
9860 1.784142
9933 1.075626
10062 1.960233
10063 1.367316
10092 4.435629
10195 1.692579
10222 1.471212
10279 1.005990
10325 2.061628
10331 3.521321
10397 0.846290
10403 2.753313
10487 0.596934
10528 1.893286
10555 1.367316
10578 2.261263
10619 1.057738
10621 1.125600
10813 1.893286
10892 2.453002
11025 0.681479
11040 3.039414
11084 1.677686
11121 0.600081
11152 0.893286
11193 1.548052
11194 2.028217
11306 0.589165
11320 1.001988
11482 1.835294
11547 1.039414
11566 1.405946
11568 1.349218
11585 3.039414
11605 0.659203
