69

186 0.105970
409 0.246724
508 0.084515
614 0.210086
697 0.089394
901 0.279569
953 0.331627
1074 0.122239
1231 0.111551
1343 0.179100
1425 0.255363
1735 0.233092
1737 0.331627
1986 0.122813
2054 0.159259
2259 0.046549
2772 0.147212
2824 0.126414
2948 0.145316
3130 0.108893
3285 0.172067
3386 0.135303
3432 0.160522
3806 0.152312
3823 0.276823
3951 0.076917
4148 0.106787
4355 0.158028
4423 0.213879
4437 0.160522
4573 0.059341
4966 0.131684
4967 0.147212
5320 0.099189
5491 0.044182
5756 0.160522
5797 0.116341
6285 0.194666
6456 0.087987
6568 0.078934
6792 0.056691
6874 0.054591
7012 0.233092
7498 0.077569
7530 0.217786
7847 0.101712
7887 0.105970
8059 0.118931
8227 0.089109
8381 0.127041
8394 0.134557
8455 0.047601
8474 0.107201
8826 0.019343
8931 0.029062
9224 0.185157
9238 0.189673
9242 0.082253
9623 0.108464
9860 0.194666
10279 0.109763
10541 0.151247
10548 0.108464
10565 0.146254
10591 0.261985
11053 0.420172
11233 0.139222
11252 0.173729
11397 0.106376
