53

186 0.971228
292 2.230270
318 0.824570
367 3.920466
404 0.545260
553 0.784142
586 0.747158
1197 2.990692
1275 1.291226
1295 1.219870
1370 1.109995
1939 1.405946
2107 1.608050
2507 0.380449
2518 0.824570
2519 1.315138
2763 0.756113
3542 1.677686
3613 1.005990
3951 0.704960
4708 0.689166
4966 1.206905
5693 1.261263
5753 0.650248
5839 1.960233
5976 1.738384
6308 0.749380
6635 1.233234
6874 1.000676
6909 0.747158
7044 1.893286
7082 1.147320
7498 0.355467
7511 1.592256
8059 1.090024
8455 0.436270
8474 1.965019
8475 1.349218
8544 2.562293
8604 2.437354
8741 2.494045
8931 0.266359
9568 1.066286
9872 1.141787
10071 2.085172
10086 1.075626
10249 0.963867
10487 0.596934
10505 1.507935
11233 1.275986
11332 0.715132
11526 0.890195
11600 0.351885
