62

63 0.094599
99 0.109002
127 0.143735
198 0.115292
585 0.156229
1028 0.137666
2110 0.178414
2259 0.042663
2507 0.038045
2572 0.088408
2618 0.116435
2626 0.118208
2768 0.202006
3037 0.173838
3203 0.056520
3274 0.152090
3621 0.089954
4196 0.073406
4451 0.087805
5057 0.303941
5569 0.102658
5656 0.256229
5692 0.075386
5743 0.074938
5833 0.049908
5880 0.083529
5926 0.069897
6308 0.074938
6436 0.091231
6864 0.087254
7018 0.192547
7040 0.196023
7061 0.095663
7377 0.510394
7498 0.035547
7709 0.203874
7859 0.060285
7861 0.069699
8239 0.178414
8240 0.153426
8404 0.052222
8605 0.073838
8826 0.017728
8919 0.076066
9110 0.124702
9444 0.093904
9634 0.124702
9873 0.137666
10077 0.132341
10141 0.157702
10378 0.136678
10397 0.084629
10423 0.069897
10475 0.053973
10509 0.070496
11242 0.104819
11258 0.138620
11290 0.154805
11523 0.053835
11609 0.121334
11637 0.092882
11638 0.186332
