139

157 1.358173
346 0.506660
418 0.824570
458 0.747158
632 0.990196
1003 2.085172
1295 1.219870
1385 5.240940
1456 1.698165
1542 0.814105
1666 0.753857
1859 4.851559
1986 1.125600
2003 1.738384
2085 1.448350
2091 2.439740
2112 1.760661
2115 0.922143
2116 1.592256
2154 0.677686
2166 1.507935
2340 1.018225
2348 2.869886
2504 2.551972
2507 0.380449
2550 4.808208
2627 1.530513
2678 1.863323
2762 0.940080
2962 1.471212
2976 3.521321
3035 1.808965
3048 1.254084
3060 1.426630
3121 0.784142
3385 1.784142
3402 1.323411
3409 1.893286
3455 1.188156
3464 1.426630
3498 1.459631
3531 0.788994
3683 1.070931
3691 0.742749
3693 1.437354
3694 2.480147
3975 1.182082
4005 1.094931
4027 5.124586
4148 1.957433
4249 2.716346
4624 1.268562
4734 1.238917
4738 1.717639
4892 2.738384
4943 0.572546
4944 2.437354
4978 1.495346
5036 1.562293
5083 1.349218
5135 1.187620
5140 3.039414
5320 0.909080
5625 1.534264
5734 0.562293
5753 0.650248
5758 1.219870
5869 1.052642
5885 0.706976
5926 1.397940
6071 0.619458
6167 1.109995
6249 2.340444
6258 2.562293
6433 0.758381
6466 1.075626
6639 1.760661
6816 0.978716
6874 0.500338
7057 3.039414
7061 0.478313
7062 0.343932
7111 0.499085
7125 1.416165
7212 1.717195
7282 3.670588
7368 8.642982
7385 0.769901
7530 1.996043
7694 0.776963
7709 0.679579
7760 1.333004
7788 0.530212
7794 1.448350
7857 1.925471
7859 2.109988
7861 0.696991
7899 0.887126
7906 2.085172
7978 1.099895
8237 1.170182
8272 1.768156
8334 1.376656
8455 1.308809
8463 1.920466
8582 7.885081
8605 1.476768
8671 1.367316
8677 1.358173
8826 0.531848
8931 1.065438
8939 1.213339
9034 1.233234
9093 1.899018
9105 1.061691
9767 0.283539
9811 0.909080
9873 1.376656
9999 1.194316
10000 1.448350
10088 1.520900
10195 0.846290
10242 1.437354
10254 1.659203
10309 0.994091
10487 0.596934
10606 1.507935
10619 0.528869
10621 1.125600
10635 1.677686
10651 1.233234
10714 2.194316
10890 0.465383
11233 2.551972
11340 0.986336
11423 3.266791
11443 0.945992
11569 2.136324
11600 0.703770
