64

292 0.100142
404 0.048966
734 0.130066
865 0.141620
1112 0.068722
1197 0.268572
1301 0.197055
2576 0.076756
2763 0.067901
3045 0.172912
3082 0.154209
3130 0.089625
3531 0.070854
3645 0.272947
3806 0.125361
3823 0.113920
3951 0.063307
4071 0.091439
4110 0.087219
4215 0.044819
4355 0.390197
4708 0.061889
4966 0.108383
4967 0.121163
5025 0.075502
5112 0.086231
5460 0.111986
5689 0.075256
5880 0.075012
5976 0.156112
6112 0.045045
6283 0.096594
6456 0.072418
6568 0.129934
6874 0.044932
7082 0.103032
7498 0.095766
8250 0.272947
8394 0.221495
8474 0.264696
8741 0.111986
8892 0.245914
8924 0.108961
8931 0.119599
9076 0.272947
9104 0.080219
9224 0.152394
9238 0.156112
9242 0.067698
9623 0.089272
9767 0.025463
9942 0.124485
10010 0.095343
10057 0.116658
10086 0.096594
10352 0.087219
10505 0.135417
10565 0.120375
10593 0.197055
10991 0.160221
11340 0.088576
11526 0.159884
11532 0.058554
11600 0.031600
