299

71 0.024965
85 0.036935
186 0.027614
194 0.020569
200 0.052979
210 0.049427
212 0.086418
213 0.095619
282 0.039691
292 0.031706
295 0.086418
355 0.086418
418 0.023445
457 0.030187
586 0.021244
599 0.032942
614 0.054746
716 0.269154
758 0.172836
788 0.086418
830 0.133089
832 0.069300
883 0.043243
895 0.048124
917 0.016321
975 0.066545
981 0.259458
996 0.057986
1002 0.111486
1055 0.064293
1080 0.044015
1112 0.174065
1157 0.037393
1197 0.042516
1274 0.041830
1295 0.104052
1296 0.027720
1333 0.115369
1343 0.046671
1397 0.086418
1483 0.050060
1498 0.036279
1542 0.046294
1548 0.038876
1605 0.050797
1637 0.052182
1723 0.039413
1804 0.037628
1814 0.072852
1880 0.039691
1947 0.062831
1981 0.026602
1988 0.057986
2021 0.040868
2077 0.048250
2105 0.069300
2115 0.026219
2259 0.024260
2278 0.034684
2290 0.043623
2292 0.077859
2293 0.086418
2301 0.101455
2327 0.069300
2328 0.086418
2329 0.172836
2428 0.086418
2444 0.044839
2455 0.072664
2460 0.172836
2507 0.021634
2518 0.046889
2603 0.051433
2690 0.027720
2762 0.013364
2763 0.042996
2824 0.098826
2844 0.055734
2915 0.046187
2948 0.037868
2976 0.100120
3107 0.056809
3130 0.056753
3136 0.040868
3149 0.031854
3179 0.043914
3243 0.056978
3275 0.017380
3289 0.038112
3304 0.045721
3313 0.042874
3344 0.044015
3351 0.062263
3386 0.070517
3417 0.030583
3495 0.033271
3531 0.067299
3573 0.022433
3621 0.051152
3627 0.035657
3673 0.038362
3683 0.030449
3818 0.080175
3823 0.036068
3841 0.013566
3850 0.043125
3944 0.050728
3951 0.040088
3988 0.100120
4037 0.051433
4091 0.039411
4128 0.086418
4215 0.028380
4249 0.038616
4289 0.057986
4315 0.021498
4355 0.123541
4426 0.052979
4452 0.042169
4544 0.077859
4547 0.045272
4550 0.036713
4573 0.046391
4613 0.051332
4630 0.086418
4632 0.182223
4669 0.048250
4708 0.058784
4722 0.062263
4734 0.052838
4750 0.069300
4784 0.047701
4866 0.026897
4904 0.041830
4943 0.016279
4966 0.240207
4967 0.076723
4987 0.045272
5084 0.044839
5100 0.019930
5224 0.054746
5305 0.086418
5307 0.029309
5394 0.014155
5413 0.086418
5491 0.034540
5492 0.048824
5532 0.025223
5620 0.078284
5669 0.155718
5678 0.028044
5821 0.026125
5827 0.078826
5885 0.020101
5902 0.038362
5912 0.128587
5916 0.345673
5947 0.070912
5985 0.072852
6046 0.081735
6071 0.017613
6097 0.031132
6112 0.057046
6168 0.043243
6283 0.030583
6356 0.086418
6415 0.026409
6433 0.086251
6456 0.091714
6463 0.041180
6468 0.115971
6469 0.064293
6526 0.086418
6568 0.164555
6635 0.105192
6655 0.069300
6657 0.041830
6717 0.086418
6792 0.014773
6864 0.012404
6909 0.021244
6962 0.068270
6980 0.033957
7012 0.121482
7014 0.172836
7060 0.026505
7062 0.029337
7111 0.014190
7155 0.086418
7217 0.045286
7343 0.060741
7393 0.057986
7498 0.040427
7635 0.100219
7707 0.030317
7783 0.041180
7847 0.026505
7887 0.082843
7904 0.036279
7915 0.029677
7920 0.029553
7926 0.053831
7985 0.052979
8054 0.355720
8059 0.154961
8091 0.054746
8155 0.172836
8196 0.037162
8202 0.086418
8234 0.036279
8272 0.025137
8353 0.044015
8381 0.099316
8382 0.029553
8394 0.035064
8455 0.024808
8457 0.033957
8474 0.083806
8475 0.038362
8482 0.029677
8494 0.036713
8498 0.038112
8499 0.022643
8632 0.054746
8646 0.052979
8759 0.042169
8767 0.020044
8780 0.036713
8826 0.060487
8868 0.086418
8888 0.086418
8894 0.086418
8909 0.044839
8930 0.059605
8952 0.086418
9052 0.023983
9059 0.015424
9069 0.086418
9095 0.033957
9180 0.259254
9189 0.041180
9215 0.048250
9351 0.038876
9366 0.038112
9367 0.086418
9380 0.032309
9473 0.042169
9538 0.029929
9544 0.064293
9587 0.036713
9594 0.042516
9722 0.121482
9747 0.026897
9761 0.023750
9767 0.032247
9852 0.069300
9865 0.022643
9903 0.022573
9909 0.054746
10033 0.048250
10036 0.020933
10057 0.073871
10085 0.059106
10086 0.091748
10132 0.052182
10235 0.039975
10247 0.060741
10249 0.027405
10251 0.033610
10287 0.060741
10305 0.041180
10349 0.138600
10350 0.172836
10352 0.027614
10487 0.016972
10501 0.041830
10509 0.040088
10530 0.033105
10541 0.039413
10558 0.078826
10609 0.054746
10614 0.047701
10651 0.035064
10658 0.105775
10890 0.026464
10905 0.056809
11053 0.164238
11121 0.017062
11150 0.058138
11252 0.045272
11318 0.077859
11364 0.040868
11380 0.053831
11397 0.055441
11508 0.156546
11523 0.045920
11526 0.050621
11551 0.051433
11600 0.010005
