248

63 0.120884
198 0.029465
404 0.041806
453 0.077679
458 0.038190
512 0.035427
522 0.056080
526 0.040694
577 0.033000
586 0.019095
637 0.065221
665 0.016174
781 0.084809
802 0.042404
838 0.047621
875 0.029181
1333 0.020740
1385 0.053577
1489 0.040694
1529 0.065485
1542 0.020806
1632 0.138696
1646 0.069985
1666 0.038533
1730 0.039564
1757 0.048387
1760 0.038539
1791 0.065485
1835 0.033000
1859 0.216986
1924 0.041951
1986 0.028767
1995 0.029181
1996 0.051064
2005 0.029611
2026 0.119630
2064 0.030845
2071 0.024822
2084 0.050613
2085 0.037016
2091 0.031176
2115 0.023567
2123 0.069985
2131 0.026023
2161 0.069889
2165 0.020675
2166 0.077077
2246 0.042404
2339 0.029322
2348 0.048897
2446 0.044997
2493 0.051064
2524 0.026789
2550 0.102403
2575 0.024449
2627 0.039116
2641 0.048387
2752 0.037904
2762 0.060064
2835 0.056080
2851 0.119626
2962 0.037600
3095 0.045290
3131 0.038539
3177 0.029611
3203 0.028890
3233 0.039564
3287 0.041951
3392 0.056080
3404 0.056080
3409 0.048387
3436 0.034945
3464 0.036461
3473 0.019617
3479 0.043887
3498 0.037304
3535 0.025710
3562 0.039928
3567 0.018172
3630 0.155358
3750 0.077679
3753 0.077679
3801 0.062292
3818 0.018017
3917 0.030845
3975 0.060421
4005 0.027983
4091 0.017713
4115 0.069985
4131 0.547171
4148 0.025013
4196 0.018761
4211 0.023316
4249 0.069422
4327 0.069985
4352 0.036461
4416 0.045598
4451 0.022440
4463 0.077679
4623 0.039211
4624 0.032421
4724 0.043370
4734 0.031663
4738 0.058531
4796 0.030211
4915 0.077679
4943 0.029265
4945 0.049210
4962 0.077679
5086 0.038870
5135 0.030352
5148 0.047621
5178 0.042557
5204 0.044428
5320 0.046467
5395 0.026454
5509 0.051064
5529 0.049585
5625 0.039211
5647 0.069985
5678 0.025208
5714 0.036461
5734 0.028741
5758 0.031176
5762 0.037904
5773 0.054598
5795 0.029907
5797 0.027251
5885 0.018068
5920 0.031518
5950 0.173374
6058 0.048387
6070 0.018983
6071 0.031663
6141 0.085754
6228 0.109197
6249 0.119630
6291 0.020610
6336 0.049210
6345 0.046232
6433 0.019382
6463 0.037016
6568 0.055467
6570 0.076520
6639 0.089995
6668 0.130970
6864 0.044599
6874 0.012787
7008 0.022440
7061 0.048897
7072 0.035932
7111 0.025510
7122 0.171508
7125 0.036193
7212 0.043887
7231 0.062292
7313 0.051064
7368 0.358946
7385 0.019676
7389 0.036461
7583 0.042404
7641 0.016528
7656 0.033611
7660 0.039564
7709 0.034736
7758 0.025406
7788 0.013551
7859 0.100147
7861 0.017813
7904 0.032611
7906 0.053291
7923 0.069985
7932 0.049210
7978 0.028110
8083 0.018172
8087 0.029611
8096 0.051064
8117 0.040304
8343 0.050416
8455 0.011150
8463 0.049082
8511 0.193548
8550 0.042404
8582 0.322432
8605 0.018871
8671 0.034945
8761 0.019095
8782 0.077679
8806 0.059815
8826 0.049839
8931 0.013615
8960 0.053291
9093 0.169867
9107 0.033000
9137 0.037016
9351 0.034945
9527 0.069985
9528 0.156365
9529 0.062292
9568 0.027251
9593 0.024267
9614 0.045598
9618 0.024541
9625 0.033200
9653 0.045598
9667 0.059221
9761 0.042695
9770 0.026129
9873 0.035183
9898 0.069985
10015 0.054502
10036 0.018816
10058 0.015499
10134 0.041951
10141 0.080608
10163 0.091195
10195 0.021629
10242 0.073469
10276 0.020675
10309 0.025406
10318 0.040694
10461 0.040304
10487 0.015256
10548 0.025406
10556 0.060421
10557 0.051064
10576 0.057791
10581 0.035427
10618 0.056080
10619 0.027033
10651 0.063036
10901 0.048387
10928 0.065485
10996 0.065485
11121 0.015336
11154 0.077679
11193 0.039564
11256 0.019918
11289 0.059815
11306 0.030115
11376 0.011864
11423 0.083490
11443 0.048354
11521 0.027490
11523 0.013759
11600 0.026980
11601 0.077679
11620 0.027734
