56

1002 0.156219
1385 0.125282
1669 0.279737
1704 0.185028
1798 0.140570
1859 0.072484
2000 0.117890
2016 0.219360
2084 0.118351
2085 0.173111
2279 0.210439
2507 0.090945
2752 0.177266
2851 0.139864
2962 0.175844
3060 0.170515
3274 0.181782
3285 0.188489
3694 0.148217
3841 0.057027
3975 0.141286
4215 0.059652
4315 0.090373
4520 0.087226
4573 0.065005
4738 0.068432
5023 0.128001
5178 0.099513
5734 0.067207
6141 0.200522
6284 0.230138
6568 0.086468
6792 0.062102
6829 0.363279
7061 0.114339
7202 0.255340
7368 0.129129
7854 0.243757
7859 0.108082
7966 0.192199
8396 0.192199
8557 0.291320
8582 0.188489
9097 0.112237
9132 0.087481
9189 0.173111
9520 0.181782
9642 0.153412
9767 0.033889
9895 0.207777
9982 0.291320
10235 0.168043
10242 0.171797
10619 0.063212
11146 0.129703
11423 0.097614
