75

63 0.945992
97 0.909080
210 1.738384
213 1.681514
217 0.808965
404 0.545260
423 1.240074
581 3.039414
1050 1.495346
1275 1.291226
1487 0.838017
1532 0.779343
1963 1.738384
1989 1.459631
1993 1.863323
2058 0.899535
2118 1.893286
2253 2.340444
2259 0.853261
2264 1.437354
2314 2.340444
2507 0.380449
2603 3.617930
2638 1.061691
2718 1.275986
3130 2.994064
3841 0.477121
3887 1.386202
3951 0.704960
4196 0.734063
4355 1.448350
4467 1.835294
4573 0.543870
4613 0.902694
4771 1.548052
4966 8.448336
4967 1.349218
5265 3.039414
5491 0.404937
5651 1.315138
5743 0.749380
5914 1.960233
5925 1.624441
6220 1.416165
6568 0.723444
6766 3.039414
6864 0.872539
7060 1.864408
7062 0.687865
7318 4.686879
7319 4.272648
7392 2.738384
7643 3.770016
8058 3.039414
8059 1.090024
8196 1.307020
8220 3.039414
8352 0.854723
8394 3.699702
8629 1.426630
8826 0.531848
8931 0.266359
9104 0.893286
9568 1.066286
9767 0.283539
9942 1.386202
10305 1.448350
10397 0.846290
10501 1.471212
10589 1.315138
10677 0.824570
10701 0.786561
11150 1.022381
11168 3.039414
11523 0.538355
