271

63 0.028640
69 0.070858
74 0.028535
79 0.027918
97 0.027523
148 0.033918
194 0.021902
258 0.073864
297 0.107363
304 0.033452
455 0.091293
458 0.045241
479 0.036734
531 0.055636
532 0.082905
552 0.030335
586 0.045241
600 0.058808
637 0.038631
697 0.049609
782 0.092019
791 0.036539
1037 0.038859
1039 0.070858
1102 0.037754
1251 0.174065
1294 0.092019
1295 0.036932
1456 0.025706
1466 0.110091
1467 0.056413
1544 0.051377
1548 0.041396
1653 0.044902
1666 0.045646
1721 0.045241
1811 0.082905
1991 0.032282
2024 0.030953
2038 0.055564
2084 0.089935
2085 0.043849
2086 0.128624
2107 0.048684
2125 0.054015
2131 0.030827
2161 0.041396
2165 0.024492
2189 0.053304
2224 0.069471
2244 0.042565
2259 0.025833
2268 0.092117
2319 0.042875
2340 0.061654
2353 0.054015
2377 0.073791
2398 0.073791
2405 0.040067
2455 0.051583
2524 0.095202
2626 0.035788
2690 0.029517
2762 0.028461
2811 0.092019
2817 0.100466
2875 0.046450
2906 0.055564
2911 0.068460
2916 0.044191
2962 0.044541
3151 0.059347
3203 0.119781
3204 0.034402
3275 0.018507
3289 0.040582
3321 0.073791
3359 0.073791
3415 0.041968
3444 0.082905
3485 0.045272
3509 0.046046
3531 0.047774
3558 0.036539
3573 0.023887
3605 0.081696
3611 0.029862
3613 0.030457
3646 0.070858
3693 0.043516
3694 0.075087
3700 0.038859
3758 0.035788
3914 0.052630
3917 0.036539
3919 0.077574
3952 0.034402
3975 0.035788
3976 0.188770
3984 0.040067
4031 0.460095
4091 0.041965
4215 0.015110
4233 0.092019
4255 0.054767
4297 0.054015
4315 0.022892
4331 0.051988
4342 0.054015
4592 0.077574
4645 0.032143
4766 0.092019
4849 0.042263
4851 0.061744
4859 0.048206
4958 0.232722
4964 0.032005
4969 0.034568
5004 0.061744
5009 0.083357
5053 0.032709
5067 0.035251
5095 0.049696
5135 0.053933
5143 0.054659
5154 0.109534
5157 0.054767
5337 0.055564
5345 0.044541
5363 0.075087
5368 0.050233
5369 0.059347
5394 0.030144
5483 0.068460
5529 0.039159
5532 0.026858
5657 0.042875
5689 0.025371
5692 0.022823
5702 0.050792
5714 0.086383
5731 0.092019
5734 0.017024
5749 0.058585
5797 0.032282
5827 0.041968
5851 0.025622
5869 0.031869
5902 0.040848
5948 0.026137
6039 0.077574
6071 0.018754
6106 0.048684
6112 0.030372
6117 0.048684
6242 0.047299
6291 0.024415
6308 0.022688
6363 0.058294
6421 0.035768
6433 0.022960
6456 0.024415
6542 0.050233
6568 0.021902
6570 0.030215
6584 0.691065
6605 0.088381
6748 0.092019
6792 0.031461
6823 0.047299
7050 0.035251
7060 0.028223
7061 0.014481
7090 0.212573
7111 0.015110
7123 0.035251
7126 0.023309
7341 0.045272
7385 0.069927
7469 0.061744
7494 0.077574
7498 0.010762
7537 0.188770
7540 0.162329
7641 0.019580
7655 0.027918
7685 0.052630
7709 0.041149
7760 0.040357
7788 0.016052
7859 0.036503
7861 0.021102
7867 0.045272
7881 0.046868
7920 0.062937
7938 0.066433
7946 0.031080
8007 0.050742
8183 0.042565
8326 0.038406
8387 0.025877
8455 0.013208
8468 0.073791
8508 0.038859
8537 0.049696
8545 0.091306
8552 0.080644
8819 0.039329
8826 0.016102
8939 0.036734
8956 0.032709
8960 0.063129
8999 0.055564
9059 0.016424
9065 0.055438
9083 0.057320
9110 0.037754
9138 0.040807
9162 0.054767
9290 0.052630
9438 0.047299
9575 0.092019
9582 0.077574
9584 0.040582
9623 0.030096
9698 0.053304
9761 0.025289
9767 0.008584
9788 0.048684
9799 0.064678
9811 0.027523
9950 0.039816
9987 0.092019
10057 0.039329
10058 0.018360
10063 0.082792
10077 0.040067
10092 0.026858
10093 0.049696
10118 0.051988
10147 0.046868
10185 0.028223
10191 0.070858
10224 0.263150
10238 0.073791
10309 0.030096
10318 0.048206
10363 0.047745
10396 0.030702
10465 0.040582
10515 0.049180
10667 0.049180
10732 0.155148
10898 0.044191
10975 0.082905
10990 0.061744
11015 0.032565
11055 0.044541
11105 0.092019
11151 0.057320
11153 0.478679
11194 0.030702
11229 0.042875
11256 0.047190
11257 0.037133
11273 0.092019
11376 0.042164
11423 0.024726
11445 0.052630
11448 0.068460
11600 0.031960
