252

12 2.340444
63 0.945992
77 1.893286
85 1.299051
180 1.405946
210 1.738384
213 2.522271
217 0.808965
292 3.345404
346 0.506660
404 0.545260
409 6.783789
457 1.061691
508 1.549193
536 0.905875
553 0.784142
596 2.716346
600 0.971228
634 1.233234
839 1.405946
895 0.846290
897 0.860437
981 6.083601
1002 1.307020
1050 4.486038
1112 1.530513
1275 1.291226
1296 0.974956
1333 1.623055
1485 1.863323
1487 0.838017
1510 1.960233
1555 1.696991
1572 2.753313
1605 0.893286
1721 0.747158
1796 1.459631
1797 0.702954
1831 0.767573
1947 1.104916
1952 1.507935
1963 1.738384
1989 1.459631
2054 2.919261
2112 1.760661
2154 0.677686
2185 1.182082
2248 2.283574
2259 1.279891
2301 1.784142
2314 2.340444
2331 3.039414
2455 1.703787
2507 0.380449
2518 3.298281
2530 1.434390
2536 2.734633
2576 1.709445
2598 2.562293
2603 3.617930
2638 2.123381
2696 0.683388
2718 1.275986
2763 0.756113
2770 1.717195
2772 2.698436
3084 2.738384
3107 1.998021
3130 3.992086
3236 0.974956
3243 2.003975
3344 1.548052
3351 4.379726
3386 6.200368
3482 0.967532
3567 0.711035
3573 0.788994
3613 1.005990
3621 0.899535
3627 1.254084
3644 4.680888
3653 2.437354
3673 2.698436
3674 1.835294
3691 0.742749
3751 1.677686
3841 0.477121
3850 1.516762
3887 1.386202
3951 0.704960
3952 1.136324
4004 2.437354
4110 0.971228
4126 1.717195
4148 0.978716
4196 1.468125
4204 2.194316
4215 0.998169
4245 4.680888
4266 1.052642
4289 2.039414
4293 1.863323
4310 2.044762
4355 5.793398
4473 1.925471
4512 2.562293
4538 2.240672
4550 2.582452
4573 2.719349
4613 1.805387
4615 1.483112
4677 0.539727
4708 1.378332
4722 1.094931
4734 0.619458
4738 1.145093
4936 1.960233
4943 0.572546
4955 1.562293
4966 9.655242
4967 2.698436
5018 2.194316
5025 2.522271
5026 1.240074
5100 0.700958
5324 0.971228
5394 0.497835
5460 1.247022
5466 12.157656
5651 3.945415
5701 1.331844
5869 1.052642
5892 1.340444
5920 1.233234
6046 1.437354
6060 0.971228
6071 0.619458
6112 1.003190
6211 2.453002
6251 3.039414
6283 1.075626
6291 0.806418
6433 2.275142
6456 3.225672
6457 1.495346
6568 0.723444
6587 0.622774
6616 0.899535
6635 1.233234
6757 2.340444
6776 3.039414
6813 1.573122
6828 1.434390
6864 1.308809
6909 0.747158
7008 0.878046
7060 2.796612
7062 1.375730
7111 0.998169
7120 1.665176
7217 0.796376
7283 1.608050
7318 7.811464
7319 4.272648
7338 1.893286
7369 1.261263
7392 2.738384
7498 1.066401
7530 0.998021
7607 1.835294
7643 5.655025
7664 1.206905
7737 1.358173
7783 1.448350
7862 0.960233
7911 1.240074
8016 1.878087
8035 2.562293
8059 3.270072
8183 1.405946
8196 1.307020
8204 3.039414
8352 0.854723
8394 4.932937
8404 0.522218
8419 2.283574
8444 1.608050
8455 0.436270
8474 0.982509
8475 1.349218
8498 1.340444
8619 1.275986
8629 2.853261
8662 1.188156
8741 1.247022
8759 4.449335
8808 1.696991
8826 1.950110
8918 3.039414
8931 0.266359
9031 1.768156
9047 0.829899
9065 0.915562
9099 1.315138
9104 0.893286
9138 0.673926
9144 0.925471
9284 3.154032
9328 0.915562
9387 1.760661
9404 1.863323
9424 1.483112
9519 2.437354
9522 1.507935
9538 2.105285
9568 1.066286
9669 1.549193
9761 2.505882
9767 1.134157
9862 2.562293
9911 1.998021
9999 1.194316
10010 1.061691
10086 4.302505
10235 1.405946
10276 0.808965
10305 2.896699
10318 3.184512
10396 1.014108
10423 0.698970
10487 1.193869
10491 2.294639
10501 1.471212
10548 2.982273
10561 2.716346
10589 1.315138
10591 2.401130
10604 1.448350
10677 5.771992
10701 1.573122
10715 1.416165
10890 0.465383
11150 1.022381
11340 1.972671
11375 0.791441
11397 0.974956
11475 1.459631
11526 1.780390
11536 1.323411
11558 3.318406
11571 3.039414
11661 2.261263
