100

208 5.476768
213 0.840757
228 1.349218
292 4.460539
333 3.039414
385 2.437354
508 1.549193
553 1.568283
716 1.893286
736 1.448350
897 0.860437
1050 1.495346
1112 0.765256
1197 1.495346
1275 1.291226
1296 0.974956
1370 1.109995
1555 1.696991
1643 1.043779
1797 0.702954
1831 0.767573
1853 1.696991
1896 1.349218
2024 1.022381
2154 1.355373
2230 1.426630
2248 1.141787
2363 1.022381
2455 0.851893
2507 0.380449
2518 0.824570
2530 0.717195
2539 1.130929
2556 3.039414
2603 1.808965
2696 0.683388
2718 1.275986
2824 1.158601
2865 2.340444
3122 0.765256
3130 1.996043
3179 0.772242
3500 1.608050
3542 1.677686
3661 3.617930
3807 1.386202
3823 1.268562
4126 1.717195
4196 0.734063
4573 0.543870
4645 1.061691
4708 0.689166
4726 1.863323
4966 2.413810
5100 1.401915
5429 6.078828
5743 0.749380
6112 2.006380
6285 1.784142
6594 2.562293
6628 1.893286
6721 2.194316
6762 6.078828
6828 1.434390
6864 0.436270
7318 1.562293
7498 0.355467
7643 0.942504
8016 1.878087
8059 1.090024
8294 0.925471
8381 1.164353
8455 0.436270
8474 4.912546
8741 2.494045
8742 3.039414
8785 0.849082
9031 0.884078
9436 2.039414
9538 1.052642
9687 2.261263
10086 3.226879
10152 2.136324
10217 3.039414
10249 2.891601
10287 2.136324
10305 1.448350
10397 0.846290
10475 1.079454
10491 1.147320
10548 0.994091
10577 3.039414
10875 3.039414
11121 0.600081
11340 0.986336
11376 0.464226
11501 2.508169
11523 0.538355
11526 1.780390
11625 1.104916
