111

7 2.698436
111 1.623055
186 0.971228
194 0.723444
199 1.349218
346 3.039958
424 1.358173
429 1.608050
455 0.753857
552 1.001988
630 3.322156
651 1.534264
665 0.632874
897 0.860437
1007 3.299685
1132 1.898622
1464 1.459631
1596 1.677686
1779 5.033059
1822 1.483112
1831 0.767573
1835 1.291226
1940 1.157033
2000 0.986336
2062 1.331844
2115 0.922143
2189 1.760661
2220 1.624441
2264 1.437354
2507 0.380449
2762 1.410121
2804 1.164353
2806 1.035093
3236 1.949912
3611 7.890685
3691 0.742749
3929 1.641474
3985 1.925471
4091 0.693061
4196 0.734063
4211 0.912309
4215 0.499085
4451 0.878046
4830 1.426630
4908 1.784142
5050 0.945992
5104 1.835294
5320 1.818161
5457 1.448350
5458 2.738384
5624 3.299685
5734 0.562293
5740 1.268562
5753 0.650248
5885 0.706976
5926 0.698970
5957 1.226501
6071 0.619458
6324 1.471212
6346 5.583846
6547 1.677686
6587 0.622774
6616 0.899535
6759 2.261263
6792 0.519586
6806 0.677686
6864 0.436270
6874 1.000676
7062 1.031797
7131 1.448350
7150 0.978716
7165 1.115135
7387 1.261263
7497 3.770016
7641 0.646717
7668 3.282948
7745 1.612836
7989 1.048188
8083 3.555173
8150 1.099895
8271 0.925471
8338 0.953054
8512 0.875061
8663 1.925471
8826 0.177283
8924 1.213339
8931 1.065438
9104 0.893286
9242 2.261570
9592 1.070931
9625 2.598103
10326 2.195754
10329 1.641474
10401 2.044762
10487 1.790803
10507 1.022381
10621 1.125600
10735 1.548052
10820 1.998021
11017 1.960233
11025 1.362959
11210 0.849082
11320 4.007950
11328 2.305847
11359 1.863323
11401 2.039414
11600 0.351885
11605 2.636812
11606 0.932204
11620 1.085172
11667 3.568283
