230

23 0.030617
45 0.042276
97 0.027335
216 0.044964
297 0.035544
304 0.033224
458 0.022466
467 0.036880
478 0.058943
586 0.022466
632 0.029774
668 0.048353
723 0.113859
763 0.049358
895 0.025447
897 0.025873
913 0.031254
1044 0.038826
1074 0.033688
1085 0.062700
1231 0.030742
1258 0.037288
1269 0.056473
1284 0.032486
1306 0.067994
1370 0.033377
1455 0.040570
1456 0.025531
1643 0.031386
1653 0.044596
1666 0.022668
1804 0.039794
1828 0.051027
2013 0.061324
2042 0.081140
2064 0.036291
2071 0.029204
2073 0.082790
2104 0.077046
2116 0.047878
2131 0.030617
2149 0.041975
2165 0.024325
2259 0.025657
2339 0.034499
2353 0.053648
2524 0.031518
2539 0.068012
2572 0.053167
2578 0.070375
2601 0.045342
2618 0.140045
2626 0.035544
2627 0.046021
2638 0.031924
2718 0.038368
2769 0.033531
2796 0.231139
2838 0.091393
2839 0.082341
2936 0.163183
2980 0.060079
3006 0.052942
3121 0.023579
3149 0.033688
3150 0.035364
3151 0.058943
3179 0.023221
3203 0.050985
3234 0.073289
3275 0.018381
3303 0.082341
3394 0.045342
3402 0.039794
3449 0.052272
3473 0.023080
3482 0.029093
3531 0.047449
3567 0.021380
3605 0.040570
3818 0.021198
3841 0.043040
3850 0.045608
3938 0.037082
3951 0.021198
3984 0.039794
4215 0.135064
4315 0.045471
4396 0.045732
4520 0.021944
4557 0.073289
4573 0.016354
4715 0.067994
4738 0.017216
4755 0.070375
4770 0.037925
4771 0.046549
4901 0.027143
4903 0.046549
4928 0.048846
4943 0.017216
4964 0.031787
4970 0.082228
4974 0.073289
5010 0.064238
5024 0.064238
5100 0.021077
5174 0.090685
5178 0.025035
5215 0.077046
5324 0.029204
5569 0.370421
5712 0.029093
5714 0.042898
5732 0.023651
5734 0.050723
5749 0.029093
5758 0.036681
5797 0.032062
5826 0.102019
5833 0.015007
5869 0.031652
5880 0.025117
5945 0.034333
6060 0.029204
6070 0.022334
6097 0.032924
6112 0.015083
6167 0.066753
6272 0.051027
6409 0.061324
6433 0.022804
6436 0.411487
6441 0.125399
6456 0.096994
6484 0.082341
6532 0.077046
6568 0.021753
6582 0.065981
6583 0.050447
6792 0.031247
6828 0.021566
6864 0.039355
6950 0.067994
6974 0.056930
7061 0.028765
7082 0.034499
7126 0.069451
7182 0.040048
7193 0.062700
7206 0.077046
7377 0.153472
7385 0.046301
7386 0.060079
7411 0.026860
7460 0.029774
7498 0.010689
7634 0.082341
7635 0.021198
7664 0.036291
7706 0.056930
7709 0.020434
7760 0.020041
7775 0.040306
7788 0.031886
7859 0.045318
7861 0.020958
7887 0.058408
7946 0.030868
7948 0.041395
7972 0.037709
8027 0.081678
8404 0.015703
8445 0.047878
8462 0.147520
8515 0.070375
8539 0.020097
8558 0.056029
8605 0.022203
8619 0.038368
8761 0.022466
8767 0.021198
8826 0.042646
8874 0.198970
8919 0.022872
8931 0.016018
8969 0.067994
8989 0.044238
9062 0.064687
9065 0.027530
9115 0.099672
9116 0.071089
9137 0.043551
9270 0.032343
9444 0.056473
9462 0.049358
9521 0.044596
9614 0.053648
9667 0.034838
9761 0.025117
9767 0.017052
9957 0.043220
10036 0.066413
10080 0.045342
10235 0.084551
10249 0.028983
10387 0.082341
10509 0.021198
10619 0.015903
10627 0.093954
10887 0.038145
10890 0.013994
10999 0.041975
11003 0.043220
11015 0.032343
11090 0.073289
11152 0.026860
11194 0.030493
11242 0.031518
11245 0.053648
11256 0.023434
11332 0.021503
11396 0.028340
11397 0.058632
11442 0.065981
11464 0.065981
11600 0.021162
11636 0.105034
11637 0.251361
11672 0.052272
