108

7 0.168324
195 0.282107
292 0.139120
318 0.051435
367 0.122276
586 0.046606
981 0.094871
1112 0.095471
1178 0.145993
1269 0.058576
1343 0.102392
1370 0.069240
1643 0.065109
1725 0.074889
1744 0.177982
1797 0.043849
1807 0.057938
2071 0.121167
2073 0.085873
2154 0.042273
2348 0.059673
2486 0.100307
2540 0.170816
2550 0.149964
2576 0.053316
2763 0.094330
2769 0.069560
2853 0.130069
2948 0.083078
2954 0.058362
3130 0.124510
3179 0.048171
3415 0.086469
3417 0.134191
3423 0.057729
3531 0.049216
3567 0.133059
3573 0.049216
3841 0.029762
3951 0.043974
4149 0.319663
4195 0.072994
4310 0.063774
4317 0.078228
4538 0.069885
4573 0.033926
4677 0.033667
4722 0.068300
4734 0.077282
4966 0.225854
4967 0.168324
5023 0.066803
5143 0.056308
5394 0.062108
5496 0.061051
5529 0.040341
5743 0.046745
5753 0.040561
5756 0.183543
5823 0.189593
5885 0.132300
5962 0.084162
6071 0.115922
6112 0.062577
6283 0.067096
6456 0.050303
6466 0.134191
6563 0.189593
6874 0.031210
7498 0.088694
7612 0.130069
8087 0.072272
8239 0.111292
8294 0.115459
8343 0.061526
8388 0.189593
8474 0.122574
8475 0.084162
8583 0.168324
8621 0.080065
8741 0.077787
8785 0.052964
8826 0.022117
8924 0.227058
8931 0.016615
9031 0.055147
9060 0.189593
9261 0.085873
9299 0.141054
9366 0.083615
9380 0.070882
9568 0.066513
10085 0.064837
10249 0.060124
10279 0.062752
10396 0.063258
10397 0.105580
10475 0.134669
10495 0.170816
10507 0.063774
10591 0.074889
10811 0.136878
11121 0.037432
11306 0.036751
11340 0.184578
11381 0.120108
11526 0.055529
11625 0.068923
