233

63 0.945992
103 1.219870
127 1.437354
180 1.405946
213 0.840757
292 1.115135
300 3.393983
346 1.013319
367 1.960233
398 1.376656
495 2.738384
508 1.549193
553 0.784142
575 2.437354
586 0.747158
630 0.553693
749 6.078828
787 2.194316
883 3.041800
981 4.562701
992 1.158601
1002 1.307020
1050 2.990692
1178 2.340444
1235 2.261263
1333 2.434582
1350 2.738384
1378 1.386202
1487 0.838017
1510 1.960233
1605 0.893286
1669 2.340444
1721 0.747158
1723 1.386202
1744 2.853261
1777 1.405946
1797 0.702954
1880 1.395961
1947 3.314747
2034 3.039414
2058 0.899535
2128 2.039414
2161 1.367316
2259 0.426630
2290 1.534264
2344 1.307020
2378 1.696991
2452 1.562293
2455 0.851893
2473 1.026577
2499 1.307020
2518 0.824570
2530 0.717195
2576 0.854723
2585 1.471212
2630 2.437354
2677 1.548052
2687 1.448350
2718 3.827958
2762 0.470040
2824 1.158601
2948 3.995532
2983 1.367316
3038 1.659203
3095 0.590708
3130 3.992086
3137 1.863323
3535 1.005990
3558 1.206905
3567 1.422069
3613 1.005990
3626 1.935064
3637 1.136324
3661 3.617930
3783 1.471212
3823 3.805686
3826 1.405946
3877 2.437354
3968 1.437354
3988 1.760661
4035 2.194316
4037 1.808965
4211 0.912309
4215 0.499085
4219 1.863323
4293 1.863323
4310 1.022381
4315 1.512226
4317 2.508169
4542 1.416165
4573 0.543870
4613 0.902694
4663 0.890195
4669 1.696991
4677 0.539727
4687 1.835294
4722 1.094931
4729 2.401130
4734 0.619458
4783 1.998021
4859 1.592256
4904 2.942425
4956 1.760661
4966 6.034526
4967 2.698436
5001 2.261263
5394 5.974019
5496 5.872298
5497 2.738384
5509 1.998021
5529 0.646717
5577 3.039414
5723 1.659203
5734 0.562293
5797 5.331431
5806 5.476768
5833 3.493593
5839 1.960233
5851 0.846290
5869 1.052642
5880 0.835294
5885 1.413951
5926 0.698970
5931 1.677686
5947 1.247022
6046 1.437354
6050 3.039414
6060 0.971228
6285 1.784142
6308 0.749380
6559 0.998021
6635 1.233234
6652 1.717195
6812 2.453002
6813 0.786561
6828 2.151584
6874 0.500338
7111 0.499085
7118 0.611279
7120 1.665176
7206 2.562293
7217 1.592752
7316 3.039414
7318 1.562293
7425 1.760661
7498 0.710934
7511 1.592256
7643 0.942504
7730 1.659203
7737 1.358173
7783 2.896699
7808 1.677686
7809 1.738384
7826 1.299051
7847 0.932204
7864 1.170182
7974 1.562293
8016 0.939044
8054 2.085172
8059 3.270072
8099 3.039414
8227 1.633395
8240 3.068528
8241 2.036450
8394 2.466468
8410 1.307020
8411 2.738384
8455 0.436270
8475 2.698436
8582 1.577016
8629 1.426630
8632 1.925471
8702 3.970232
8741 2.494045
8763 2.136324
8767 0.704960
8819 1.299051
8881 3.039414
8909 1.577016
8924 2.426679
8931 0.532719
8957 3.039414
9031 0.884078
9107 1.291226
9135 3.039414
9228 3.039414
9238 1.738384
9271 1.835294
9379 1.471212
9455 1.624441
9461 0.721351
9654 2.562293
9683 6.078828
9688 1.315138
9720 6.078828
9721 3.039414
9761 2.505882
9767 0.283539
9783 0.869152
9872 1.141787
9919 1.109995
9944 1.182082
9949 2.085172
10006 1.738384
10057 1.299051
10072 1.925471
10086 2.151253
10279 1.005990
10305 2.896699
10397 0.846290
10475 1.619181
10491 1.147320
10495 2.738384
10501 1.471212
10507 5.111904
10548 0.994091
10591 2.401130
10658 1.240074
10717 2.261263
11121 0.600081
11150 3.067142
11177 1.507935
11221 2.738384
11252 1.592256
11298 1.182082
11335 1.043779
11340 4.931678
11471 1.808965
11501 1.254084
11521 2.151253
11532 0.652024
11625 1.104916
11671 1.592256
