130

178 0.091946
186 0.188668
198 0.055991
213 0.040831
318 0.040045
346 0.024606
476 0.086646
604 0.072620
614 0.093509
831 0.039789
838 0.090491
996 0.099043
1050 0.145241
1112 0.037164
1385 0.254523
1532 0.075696
1569 0.106565
1798 0.057116
1799 0.132988
1872 0.030985
1947 0.053659
2046 0.049449
2059 0.090491
2085 0.070338
2140 0.070886
2141 0.133713
2154 0.032911
2171 0.173291
2248 0.055450
2259 0.041438
2348 0.046458
2444 0.076587
2530 0.034830
2569 0.081476
2576 0.041509
2653 0.073232
2708 0.050269
2720 0.102242
2763 0.036720
2800 0.207498
2824 0.056267
2851 0.056829
2915 0.236669
3130 0.048468
3179 0.037503
3243 0.048661
3386 0.120447
3495 0.056829
3691 0.036071
3772 0.065524
3823 0.061607
3984 0.064271
4091 0.067316
4148 0.047531
4196 0.071298
4215 0.024238
4943 0.027805
4966 0.351675
5025 0.040831
5100 0.068083
5124 0.147607
5178 0.040434
5181 0.097032
5491 0.019665
5508 0.190395
5734 0.054615
5753 0.031579
5885 0.034334
5948 0.041927
5949 0.089246
6071 0.030084
6112 0.024360
6421 0.028687
6433 0.110491
6456 0.117489
6568 0.035134
6570 0.048468
6792 0.050467
6828 0.034830
6864 0.021187
6980 0.058001
7062 0.016703
7498 0.034526
7530 0.048468
7643 0.137316
7650 0.153173
7664 0.058612
7707 0.051783
7847 0.045272
7859 0.029277
7887 0.094334
7989 0.050905
8035 0.248872
8059 0.052936
8207 0.118368
8227 0.039662
8241 0.049449
8359 0.091946
8382 0.050478
8394 0.299456
8463 0.046633
8499 0.038675
8619 0.061967
8826 0.060267
9047 0.040303
9095 0.174003
9104 0.043382
9132 0.035545
9137 0.070338
9215 0.164826
9767 0.041310
9770 0.049651
10057 0.189263
10215 0.079717
10249 0.046810
10275 0.057407
10397 0.041099
10475 0.026211
10491 0.055719
10677 0.080089
10715 0.068775
10890 0.067803
11021 0.132988
11053 0.187018
11332 0.034730
11340 0.191603
11375 0.038436
11523 0.026145
11532 0.031665
11544 0.078890
