216

17 0.130554
197 0.130554
210 0.074670
213 0.144454
217 0.034748
292 0.143697
346 0.021763
367 0.084199
404 0.023421
508 0.066544
536 0.038911
553 0.067364
806 0.059132
817 0.130554
828 0.084199
910 0.110060
981 0.195985
1028 0.059132
1050 0.064231
1112 0.098612
1197 0.128461
1258 0.053266
1269 0.040335
1275 0.166389
1276 0.110060
1295 0.052398
1333 0.034858
1487 0.035996
1572 0.059132
1654 0.094254
1669 0.100531
1721 0.032093
1776 0.104693
1797 0.090583
1914 0.130554
1952 0.064771
1989 0.062696
2024 0.043915
2054 0.062696
2070 0.097130
2186 0.138143
2214 0.082706
2259 0.018325
2267 0.053564
2304 0.047678
2378 0.072892
2421 0.042367
2507 0.032683
2518 0.035418
2536 0.058731
2540 0.117624
2603 0.077702
2824 0.049766
2915 0.069776
2956 0.065902
3084 0.117624
3130 0.085737
3179 0.066341
3236 0.041878
3243 0.129117
3344 0.066495
3351 0.094063
3542 0.072063
3567 0.030542
3653 0.104693
3723 0.117624
3783 0.063194
3798 0.117624
3841 0.020494
3887 0.059542
3926 0.084733
3951 0.030281
4196 0.094592
4204 0.094254
4211 0.039187
4310 0.043915
4315 0.162389
4355 0.124424
4426 0.080037
4573 0.046722
4644 0.067106
4677 0.023183
4708 0.059204
4734 0.026608
4738 0.049186
4877 0.097130
4943 0.024593
4966 0.051841
4967 0.115908
5100 0.060217
5324 0.041718
5340 0.261108
5491 0.034787
5604 0.110060
5620 0.059132
5651 0.056490
5664 0.078833
5734 0.024153
5753 0.027931
5756 0.126388
5821 0.039468
5833 0.042875
5869 0.090430
5885 0.030367
5892 0.057577
5900 0.089293
5902 0.057954
6046 0.061740
6060 0.041718
6097 0.047031
6112 0.021545
6243 0.117624
6401 0.072892
6433 0.032575
6468 0.087600
6559 0.085737
6635 0.052972
6664 0.117624
6691 0.130554
6790 0.130554
6808 0.130554
6813 0.033786
6864 0.018739
6874 0.021491
6897 0.104693
7044 0.081324
7060 0.040042
7082 0.049282
7111 0.042875
7217 0.034207
7318 0.067106
7361 0.117624
7384 0.117624
7498 0.030537
7589 0.054176
7596 0.130554
7643 0.121452
7664 0.051841
7685 0.074670
7694 0.033373
7703 0.094254
7796 0.130554
7920 0.044647
7925 0.065328
8016 0.080671
8035 0.110060
8059 0.046821
8191 0.089566
8196 0.056141
8227 0.035080
8271 0.039752
8352 0.036713
8394 0.264860
8474 0.168810
8475 0.115908
8482 0.044834
8607 0.130554
8629 0.061279
8641 0.053868
8685 0.069776
8741 0.107128
8759 0.191115
8826 0.030460
8857 0.058731
8860 0.082706
8930 0.090047
8931 0.011441
9031 0.075949
9047 0.035647
9104 0.038370
9242 0.032381
9265 0.117624
9328 0.039327
9370 0.065902
9452 0.062696
9461 0.030985
9503 0.082706
9605 0.075627
9611 0.130554
9640 0.330180
9669 0.033272
9767 0.024358
9872 0.049044
9942 0.059542
9950 0.056490
10085 0.089293
10086 0.092404
10098 0.130554
10182 0.089566
10249 0.124205
10250 0.117624
10385 0.076635
10397 0.036351
10501 0.063194
10510 0.073760
10548 0.042700
10565 0.057577
10582 0.073760
10589 0.056490
10591 0.051569
10619 0.022717
10677 0.106255
10698 0.077702
10699 0.235247
10890 0.019990
10998 0.091763
11023 0.130554
11150 0.043915
11239 0.094254
11252 0.205180
11287 0.044834
11340 0.084733
11509 0.087600
11523 0.115622
11526 0.076474
11671 0.068393
