304

6 0.087997
108 0.033879
157 0.039322
179 0.036728
180 0.040705
186 0.028119
210 0.251649
213 0.048683
217 0.023421
228 0.039063
292 0.096856
367 0.056753
418 0.023873
434 0.052373
447 0.104827
536 0.052454
553 0.022703
596 0.078644
599 0.033544
634 0.035705
665 0.018323
678 0.040416
697 0.071162
757 0.050330
806 0.039857
831 0.023721
870 0.055746
895 0.073506
897 0.024911
970 0.070566
974 0.074184
981 0.176133
1002 0.037841
1050 0.043293
1074 0.064872
1112 0.110779
1284 0.031279
1333 0.211459
1343 0.237620
1506 0.032285
1510 0.056753
1532 0.022564
1636 0.032285
1643 0.060439
1725 0.034759
1797 0.020352
1831 0.066668
1875 0.088840
1880 0.040416
1881 0.049716
1919 0.063530
1927 0.054815
1947 0.063979
2000 0.028556
2054 0.126778
2058 0.078130
2064 0.034942
2161 0.039587
2165 0.023421
2186 0.046556
2212 0.055746
2259 0.012352
2301 0.051655
2335 0.026507
2344 0.037841
2348 0.027696
2362 0.065468
2363 0.029600
2378 0.049131
2455 0.123320
2473 0.029722
2507 0.033044
2518 0.023873
2524 0.030347
2530 0.020764
2536 0.039587
2576 0.024746
2606 0.063530
2631 0.203282
2651 0.022703
2690 0.028227
2696 0.019786
2762 0.013609
2763 0.043782
2824 0.067088
2843 0.085189
2948 0.038560
2956 0.044420
3029 0.044033
3042 0.053136
3045 0.055746
3099 0.055746
3112 0.070566
3121 0.022703
3128 0.045658
3130 0.086684
3179 0.022358
3243 0.029010
3289 0.077617
3344 0.044819
3386 0.143611
3436 0.039587
3470 0.051655
3482 0.028012
3492 0.040131
3531 0.022843
3567 0.020586
3613 0.029126
3625 0.054815
3644 0.067761
3683 0.031006
3717 0.057847
3751 0.048573
3760 0.042939
3772 0.078125
3806 0.040416
3823 0.146910
3850 0.021957
3887 0.040133
3926 0.028556
3927 0.049131
3988 0.050975
4005 0.031701
4035 0.127060
4063 0.031701
4091 0.040131
4110 0.028119
4145 0.045658
4148 0.028336
4215 0.043349
4293 0.053947
4315 0.043782
4355 0.125798
4423 0.056753
4437 0.042595
4473 0.055746
4520 0.021129
4534 0.034224
4538 0.032436
4566 0.023950
4572 0.057847
4613 0.026135
4614 0.041304
4677 0.046879
4681 0.097145
4708 0.039906
4722 0.031701
4734 0.017935
4757 0.063530
4771 0.044819
4796 0.068447
4866 0.027388
4943 0.016576
4954 0.041001
4966 0.174712
4967 0.117188
5100 0.040588
5328 0.061851
5355 0.074184
5394 0.043240
5459 0.074184
5487 0.065468
5508 0.056753
5509 0.057847
5526 0.046099
5529 0.018724
5598 0.074184
5632 0.053136
5678 0.057113
5743 0.021696
5753 0.018826
5756 0.042595
5817 0.040133
5833 0.014450
5885 0.020468
5892 0.038809
5926 0.020237
5964 0.048037
5978 0.074184
6046 0.041614
6065 0.039322
6421 0.017102
6456 0.046695
6504 0.025249
6644 0.065468
6697 0.063530
6792 0.015043
6828 0.062293
6838 0.064872
6864 0.012631
6874 0.014486
7008 0.101685
7062 0.009958
7120 0.024105
7150 0.028336
7167 0.148367
7210 0.067761
7318 0.045232
7338 0.164444
7369 0.036516
7498 0.051458
7604 0.048037
7635 0.020410
7643 0.027287
7650 0.045658
7783 0.041933
7856 0.036308
7867 0.043293
7936 0.038560
7944 0.074184
7978 0.031844
8016 0.081562
8054 0.060370
8059 0.157792
8065 0.063530
8138 0.074184
8150 0.031844
8154 0.074184
8176 0.074184
8227 0.023645
8294 0.053589
8352 0.024746
8394 0.035705
8440 0.040133
8455 0.025262
8470 0.033380
8474 0.170674
8475 0.039063
8641 0.036308
8702 0.038315
8711 0.044033
8741 0.072208
8759 0.042939
8773 0.063530
8780 0.037384
8785 0.049165
8826 0.056460
8891 0.070566
8959 0.032899
9006 0.053947
9047 0.024027
9072 0.067761
9104 0.025862
9138 0.019512
9215 0.049131
9220 0.065468
9224 0.049131
9373 0.065468
9404 0.107894
9423 0.074184
9436 0.059045
9461 0.020885
9469 0.095048
9562 0.056891
9623 0.028781
9688 0.038076
9747 0.027388
9767 0.041045
9783 0.025164
9903 0.022985
10058 0.017558
10085 0.030093
10086 0.186850
10133 0.050330
10228 0.035129
10246 0.060370
10249 0.195342
10305 0.167731
10329 0.047524
10349 0.141133
10357 0.067761
10378 0.019786
10397 0.024502
10423 0.020237
10475 0.015626
10487 0.017282
10491 0.033217
10501 0.042595
10515 0.047031
10517 0.041304
10530 0.033710
10548 0.057562
10565 0.077617
10589 0.038076
10651 0.035705
10658 0.035903
10669 0.049716
10677 0.047746
10890 0.013474
11121 0.017374
11193 0.044819
11222 0.079282
11298 0.068447
11364 0.041614
11375 0.137483
11397 0.056454
11501 0.108925
11508 0.053136
11523 0.015586
11526 0.051546
11532 0.018877
11558 0.096075
11620 0.031418
11671 0.046099
