295

157 1.358173
179 1.268562
180 2.811891
186 0.971228
210 6.953536
213 1.681514
217 0.808965
228 1.349218
292 3.345404
367 1.960233
418 0.824570
434 1.808965
447 2.413810
536 1.811750
553 0.784142
596 2.716346
599 1.158601
678 1.395961
697 2.457918
757 1.738384
806 1.376656
831 0.819306
870 1.925471
883 1.520900
895 2.538869
897 0.860437
912 2.261263
970 2.437354
974 2.562293
981 6.083601
1002 1.307020
1050 1.495346
1074 1.120336
1112 3.826281
1284 1.080373
1333 4.869164
1343 8.207371
1485 1.863323
1506 1.115135
1510 1.960233
1532 0.779343
1636 1.115135
1643 2.087558
1725 1.200565
1797 0.702954
1831 2.302718
1875 3.068528
1880 1.395961
1881 1.717195
1927 1.893286
1947 1.104916
2054 4.378892
2058 2.698605
2165 0.808965
2186 1.608050
2212 1.925471
2259 0.426630
2301 1.784142
2335 0.915562
2348 0.956629
2362 2.261263
2363 1.022381
2378 1.696991
2455 4.259467
2473 1.026577
2507 1.521797
2518 0.824570
2524 1.048188
2530 0.717195
2536 1.367316
2576 0.854723
2606 2.194316
2631 4.680888
2651 1.568283
2690 0.974956
2696 0.683388
2762 0.470040
2763 0.756113
2824 1.158601
2843 2.942425
2948 1.331844
2956 1.534264
3029 1.520900
3042 1.835294
3045 1.925471
3099 1.925471
3112 2.437354
3121 0.784142
3128 1.577016
3130 2.994064
3179 0.772242
3243 1.001988
3289 2.680888
3344 1.548052
3386 4.960294
3470 1.784142
3482 0.967532
3492 1.386122
3531 0.788994
3567 0.711035
3613 1.005990
3625 1.893286
3644 2.340444
3673 1.349218
3683 1.070931
3703 2.738384
3717 1.998021
3751 1.677686
3760 1.483112
3772 2.698436
3806 1.395961
3823 5.074248
3850 0.758381
3887 1.386202
3926 0.986336
3927 1.696991
3988 1.760661
4005 1.094931
4035 4.388632
4063 1.094931
4091 0.693061
4110 0.971228
4121 1.240074
4145 1.577016
4148 0.978716
4215 1.497254
4293 1.863323
4315 1.512226
4355 4.345049
4423 1.960233
4437 1.471212
4473 1.925471
4520 0.729784
4534 1.182082
4538 1.120336
4566 0.827227
4572 1.998021
4613 0.902694
4614 1.426630
4677 1.619181
4681 3.355373
4708 1.378332
4722 2.189863
4734 0.619458
4757 2.194316
4764 1.152923
4771 1.548052
4796 1.182082
4943 0.572546
4954 1.416165
4966 8.448336
4967 4.047654
5026 1.240074
5100 0.700958
5328 2.136324
5355 2.562293
5394 1.493505
5459 2.562293
5487 2.261263
5508 1.960233
5509 1.998021
5526 1.592256
5529 0.646717
5598 2.562293
5632 1.835294
5678 1.972671
5743 0.749380
5753 0.650248
5756 1.471212
5817 1.386202
5833 0.499085
5885 0.706976
5892 1.340444
5964 1.659203
5978 2.562293
6046 1.437354
6065 1.358173
6351 2.261263
6421 0.590708
6456 1.612836
6504 0.872097
6644 2.261263
6792 0.519586
6828 2.151584
6838 2.240672
6864 0.872539
7008 3.512184
7120 0.832588
7150 0.978716
7167 2.562293
7318 1.562293
7338 5.679858
7369 1.261263
7425 1.760661
7498 1.777335
7604 1.659203
7635 0.704960
7643 0.942504
7650 1.577016
7783 1.448350
7837 1.659203
7856 1.254084
7867 1.495346
7936 1.331844
7944 2.562293
7978 1.099895
8016 2.817131
8054 2.085172
8059 4.360096
8065 2.194316
8138 2.562293
8150 1.099895
8154 2.562293
8176 2.562293
8227 0.816698
8294 1.850942
8352 0.854723
8394 1.233234
8455 1.745079
8474 5.895056
8475 1.349218
8641 1.254084
8702 1.323411
8711 1.520900
8741 2.494045
8759 1.483112
8773 2.194316
8780 1.291226
8785 1.698165
8826 1.950110
8891 2.437354
8959 1.136324
9006 1.863323
9047 0.829899
9072 2.340444
9104 0.893286
9138 0.673926
9215 1.696991
9220 2.261263
9224 1.696991
9373 2.261263
9404 3.726646
9423 2.562293
9436 2.039414
9461 0.721351
9469 3.282948
9562 1.965019
9623 0.994091
9688 1.315138
9767 1.701236
9783 0.869152
9903 0.793901
9935 2.039414
10085 1.039414
10086 6.453758
10133 1.738384
10246 2.085172
10249 6.747070
10305 5.793398
10329 1.641474
10349 4.874708
10357 2.340444
10378 0.683388
10397 0.846290
10423 0.698970
10475 0.539727
10491 1.147320
10501 1.471212
10515 1.624441
10517 1.426630
10530 1.164353
10548 1.988182
10565 2.680888
10589 1.315138
10604 1.448350
10651 1.233234
10658 1.240074
10669 1.717195
10677 1.649141
10890 0.930766
11121 0.600081
11222 2.738384
11252 1.592256
11298 2.364163
11364 1.437354
11375 4.748645
11397 1.949912
11501 3.762253
11508 1.835294
11523 1.076710
11526 1.780390
11532 0.652024
11558 3.318406
11620 1.085172
11671 1.592256
