335

42 2.437354
103 1.219870
135 3.039414
179 5.074248
180 1.405946
292 1.115135
340 3.996043
387 14.624125
404 1.090519
447 3.620716
458 0.747158
463 2.136324
475 1.349218
508 0.774596
516 2.340444
534 2.738384
561 2.340444
586 1.494316
594 1.784142
644 1.835294
697 2.457918
752 2.738384
883 1.520900
897 2.581312
981 1.520900
1028 1.376656
1037 1.283539
1093 4.217837
1112 2.295769
1240 2.261263
1262 2.039414
1274 2.942425
1275 1.291226
1276 2.562293
1295 3.659611
1296 0.974956
1333 3.246110
1343 1.641474
1350 2.738384
1370 1.109995
1378 1.386202
1382 2.039414
1400 1.395961
1424 2.340444
1455 1.349218
1499 2.105285
1507 1.358173
1532 0.779343
1556 2.738384
1572 1.376656
1596 1.677686
1601 2.136324
1643 1.043779
1689 1.437354
1692 2.562293
1733 3.039414
1735 2.136324
1781 2.738384
1826 2.261263
1880 1.395961
1947 1.104916
1950 1.534264
2005 1.158601
2054 2.919261
2212 3.850942
2275 2.437354
2278 1.219870
2304 1.109995
2311 2.562293
2363 1.022381
2421 2.959007
2424 2.194316
2449 60.788282
2501 1.784142
2507 0.380449
2530 1.434390
2565 1.416165
2596 1.677686
2708 1.035093
2753 3.039414
2762 0.940080
2773 3.039414
2805 1.437354
3050 1.659203
3082 1.717195
3099 1.925471
3100 3.996043
3128 1.577016
3130 4.990107
3231 3.039414
3273 1.863323
3275 1.833838
3289 1.340444
3351 1.094931
3455 1.188156
3480 1.376656
3485 2.990692
3510 1.960233
3531 2.366982
3549 3.039414
3552 3.039414
3558 1.206905
3567 2.844138
3592 1.696991
3599 1.158601
3627 1.254084
3633 1.219870
3647 3.039414
3691 0.742749
3695 2.811891
3741 2.085172
3783 2.942425
3791 2.738384
3793 2.039414
3795 1.395961
3823 1.268562
3826 1.405946
3841 0.477121
3868 2.738384
3904 1.507935
3951 0.704960
4063 1.094931
4100 2.261263
4130 1.998021
4169 2.437354
4211 0.912309
4215 0.499085
4258 1.696991
4315 0.756113
4355 1.448350
4356 2.738384
4377 1.520900
4394 3.039414
4423 1.960233
4451 0.878046
4520 2.189352
4525 3.039414
4537 2.219990
4538 1.120336
4547 1.592256
4572 1.998021
4677 0.539727
4722 1.094931
4734 1.858375
4763 1.893286
4830 1.426630
4966 1.206905
4967 1.349218
5026 1.240074
5053 2.160745
5084 1.577016
5100 0.700958
5106 2.437354
5154 1.808965
5224 1.925471
5242 2.466468
5256 1.340444
5320 0.909080
5379 5.426896
5394 2.987009
5462 3.039414
5526 1.592256
5529 0.646717
5534 3.039414
5692 0.753857
5734 0.562293
5743 0.749380
5753 0.650248
5756 1.471212
5792 0.974956
5817 2.772403
5821 1.837680
5826 1.130929
5827 1.386202
5833 0.499085
5834 2.562293
5880 2.505882
5885 1.413951
5926 0.698970
5976 1.738384
6016 1.677686
6022 15.197071
6066 1.760661
6102 3.039414
6167 1.109995
6202 2.340444
6213 2.039414
6240 1.448350
6308 3.746898
6317 2.108863
6348 1.534264
6449 1.738384
6469 2.261263
6506 2.598103
6542 1.659203
6616 0.899535
6635 2.466468
6649 2.942425
6828 1.434390
6850 2.340444
6965 1.147320
7062 0.343932
7077 3.786572
7111 0.998169
7120 0.832588
7131 8.690097
7135 2.085172
7369 1.261263
7416 1.925471
7439 1.641474
7498 0.355467
7510 5.476768
7548 2.738384
7580 1.254084
7595 1.367316
7604 3.318406
7615 2.437354
7635 0.704960
7720 3.039414
7826 1.299051
8014 3.039414
8016 2.817131
8040 2.437354
8059 1.090024
8175 1.448350
8227 0.816698
8233 2.738384
8352 0.854723
8394 1.233234
8404 0.522218
8407 1.448350
8452 1.738384
8470 1.152923
8474 5.895056
8619 1.275986
8667 1.641474
8685 1.624441
8702 1.323411
8716 3.039414
8721 2.437354
8741 11.223202
8759 1.483112
8780 1.291226
8826 1.595545
8845 1.893286
8909 1.577016
8924 3.640018
8931 0.266359
8956 2.160745
8982 1.863323
8991 2.340444
9003 2.738384
9047 0.829899
9138 0.673926
9142 1.520900
9250 3.920466
9261 1.376656
9270 1.075626
9284 3.154032
9306 1.608050
9321 1.998021
9328 0.915562
9339 3.521321
9380 1.136324
9455 1.624441
9461 0.721351
9538 2.105285
9605 3.521321
9618 0.960233
9667 1.158601
9679 1.520900
9704 1.696991
9761 0.835294
9767 0.283539
9881 1.677686
9898 2.738384
9903 0.793901
9942 1.386202
9950 2.630276
9951 1.459631
10018 2.966223
10073 2.562293
10085 1.039414
10115 2.261263
10249 5.783203
10279 2.011981
10305 1.448350
10352 0.971228
10420 2.562293
10433 1.052642
10454 1.677686
10456 3.039414
10461 1.577016
10478 2.562293
10487 1.193869
10491 1.147320
10501 1.471212
10520 2.194316
10534 1.471212
10559 1.659203
10591 1.200565
10612 3.039414
10637 11.761397
10677 1.649141
10690 2.340444
10698 3.617930
10701 1.573122
10892 1.226501
10952 3.039414
11096 1.376656
11121 0.600081
11150 1.022381
11155 1.562293
11197 9.118242
11210 0.849082
11238 7.476730
11295 1.213339
11298 2.364163
11306 1.767495
11320 1.001988
11335 4.175116
11340 0.986336
11364 4.312062
11375 3.165763
11397 0.974956
11412 3.039414
11423 1.633395
11456 1.548052
11461 3.039414
11486 2.136324
11520 9.118242
11526 1.780390
11600 0.351885
11602 2.738384
11625 1.104916
