145

71 0.878046
98 2.132573
404 0.545260
410 3.039414
553 0.784142
599 1.158601
614 1.925471
665 0.632874
736 1.448350
755 3.039414
831 4.096530
981 4.562701
996 2.039414
1080 1.548052
1112 0.765256
1157 2.630276
1197 1.495346
1333 0.811527
1653 1.483112
1666 0.753857
1797 1.405909
1880 1.395961
1981 2.806831
2021 1.437354
2058 0.899535
2179 1.893286
2278 1.219870
2362 2.261263
2455 0.851893
2486 1.608050
2507 0.760899
2518 0.824570
2548 1.026577
2638 1.061691
2667 1.376656
2696 2.050165
2762 0.470040
2990 3.039414
3038 1.659203
3048 1.254084
3099 1.925471
3130 1.996043
3351 1.094931
3473 0.767573
3567 0.711035
3613 1.005990
3691 0.742749
3700 1.283539
3841 0.954243
3850 0.758381
3951 0.704960
4145 3.154032
4211 0.912309
4215 0.499085
4219 1.863323
4355 1.448350
4423 1.960233
4573 1.631609
4677 1.079454
4734 1.238917
4866 1.891985
4966 2.413810
5023 1.070931
5055 1.925471
5060 1.835294
5460 1.247022
5692 0.753857
5743 0.749380
5827 1.386202
5885 0.706976
5900 1.039414
6112 0.501595
6317 2.108863
6382 1.760661
6456 0.806418
6616 0.899535
6813 0.786561
6878 1.275986
7061 0.478313
7062 0.343932
7082 1.147320
7111 0.998169
7143 3.688571
7217 1.592752
7297 1.534264
7404 1.125600
7498 1.777335
7704 0.713078
7887 0.971228
7948 1.376656
7985 1.863323
8016 3.756174
8059 2.180048
8153 2.437354
8171 27.354727
8196 1.307020
8227 0.816698
8264 1.808965
8352 1.709445
8372 1.784142
8455 0.872539
8474 4.912546
8539 0.668346
8741 1.247022
8767 0.704960
8780 1.291226
8819 1.299051
8826 0.886414
8924 2.426679
8930 1.048188
9006 1.863323
9031 0.884078
9059 1.084969
9130 0.767573
9270 1.075626
9289 2.194316
9365 4.874708
9538 1.052642
9669 0.774596
9747 0.945992
9761 0.835294
9767 0.283539
9865 0.796376
9903 0.793901
9942 1.386202
10086 1.075626
10249 0.963867
10433 1.052642
10509 1.409921
10510 1.717195
10530 1.164353
10546 3.039414
10548 1.988182
10614 1.677686
10619 0.528869
10658 1.240074
11053 3.850942
11210 0.849082
11287 2.087558
11397 1.949912
11523 1.615065
11530 2.562293
11539 1.592256
11543 1.261263
11600 0.351885
