168

7 0.045928
23 0.034661
74 0.096250
122 0.033316
148 0.038137
213 0.028620
259 0.232720
304 0.037612
423 0.042213
549 0.049686
552 0.068216
604 0.050902
913 0.070764
917 0.019540
950 0.167629
965 0.032810
1269 0.031965
1275 0.043954
1296 0.033188
1385 0.071361
1532 0.053058
1643 0.035531
1666 0.025662
1831 0.026128
1859 0.020644
1874 0.053682
2048 0.062474
2058 0.030621
2073 0.046862
2121 0.065544
2154 0.046137
2165 0.027537
2181 0.118351
2339 0.195276
2340 0.069322
2348 0.065128
2350 0.064448
2421 0.033575
2524 0.071361
2530 0.024414
2532 0.041751
2550 0.027279
2554 0.046233
2627 0.026050
2679 0.093216
2762 0.032001
2805 0.048928
3034 0.046233
3177 0.039439
3203 0.038479
3204 0.038681
3402 0.090099
3509 0.103544
3531 0.026858
3850 0.051631
4005 0.037272
4091 0.023592
4110 0.033061
4205 0.083501
4213 0.042690
4215 0.050967
4396 0.155316
4555 0.093216
4663 0.030303
4734 0.042173
4842 0.055297
4964 0.035986
4970 0.046544
5053 0.036776
5178 0.028342
5193 0.059175
5562 0.046544
5569 0.314506
5628 0.087221
5712 0.032935
5743 0.025509
5758 0.041525
5821 0.031278
5833 0.016989
5919 0.055297
5949 0.031278
6023 0.048207
6227 0.039439
6282 0.124948
6291 0.054902
6436 0.403720
6456 0.027451
6792 0.035374
6812 0.041751
6828 0.024414
6864 0.014851
7061 0.016282
7062 0.023415
7111 0.016989
7534 0.054739
7655 0.031390
7707 0.036297
7758 0.033839
7788 0.072194
7856 0.042690
7859 0.051303
7861 0.023726
7862 0.032687
7864 0.039833
7896 0.048928
8048 0.040445
8083 0.024204
8240 0.052227
8281 0.186176
8332 0.050486
8375 0.079670
8463 0.032687
8485 0.037960
8494 0.043954
8498 0.045629
8512 0.029787
8605 0.050270
8656 0.082968
8684 0.129547
8761 0.025434
8784 0.158663
8785 0.086709
8826 0.078452
8879 0.056480
8931 0.009067
8969 0.076974
9052 0.057427
9059 0.018466
9097 0.031965
9122 0.093216
9142 0.051772
9402 0.060733
9444 0.031965
9455 0.055297
9592 0.036455
9618 0.032687
9767 0.019304
9907 0.051772
10015 0.036297
10036 0.050122
10058 0.020644
10080 0.051331
10111 0.061578
10337 0.036140
10396 0.034521
10405 0.062474
10487 0.020320
10619 0.036006
10621 0.114948
10627 0.159543
10644 0.063428
10651 0.041980
10706 0.074695
10711 0.043182
10890 0.015842
10986 0.087221
11146 0.036940
11152 0.060816
11228 0.038867
11242 0.035681
11287 0.035531
11306 0.020055
11332 0.024343
11376 0.031605
11382 0.064448
11397 0.033188
11475 0.049686
11637 0.094853
