134

180 0.091910
292 0.072899
300 0.221872
332 0.133321
367 0.128144
887 0.147823
981 0.099424
1074 0.146477
1197 0.097754
1295 0.079745
1333 0.106102
1378 0.090619
1455 0.088201
1458 0.167502
1506 0.072899
1828 0.110936
1857 0.139656
1880 0.091257
2000 0.064479
2335 0.059852
2507 0.024871
2631 0.153000
2687 0.284045
2718 0.083414
2763 0.049429
2772 0.088201
2915 0.212386
2948 0.087065
3089 0.128144
3100 0.130615
3125 0.110936
3130 0.065243
3281 0.116633
3521 0.081982
3567 0.092964
3573 0.103156
3613 0.065764
3751 0.109674
3823 0.082928
3926 0.064479
3944 0.116633
3979 0.096176
3988 0.115098
4043 0.119977
4145 0.103093
4164 0.147823
4195 0.076497
4301 0.179014
4310 0.066835
4317 0.081982
4413 0.065764
4534 0.077275
4542 0.092578
4573 0.142216
4677 0.035283
4681 0.109674
4708 0.135157
4738 0.037429
4784 0.109674
4859 0.104089
4966 0.157796
5288 0.167502
5324 0.063491
5394 0.065089
5491 0.026472
5620 0.089995
5692 0.049281
5756 0.096176
5880 0.054605
5926 0.045693
5947 0.081520
6016 0.109674
6415 0.060719
6433 0.049577
6570 0.065243
6812 0.160358
6828 0.046884
6874 0.032708
7082 0.075003
7283 0.105122
7369 0.082451
7498 0.023238
7583 0.108465
7589 0.082451
7604 0.108465
7635 0.046085
7783 0.094682
7915 0.068234
8054 0.136312
8059 0.071257
8211 0.198693
8394 0.241857
8474 0.128457
8539 0.043691
8641 0.163964
8741 0.081520
8774 0.198693
8891 0.159335
8924 0.158637
8931 0.052237
8971 0.085443
9031 0.115588
9083 0.123768
9224 0.110936
9387 0.115098
9585 0.159335
9704 0.110936
9730 0.136312
9747 0.061841
9871 0.079318
9872 0.074641
9944 0.077275
10057 0.084922
10179 0.130615
10197 0.139656
10238 0.159335
10249 0.063010
10287 0.139656
10454 0.109674
10475 0.070566
10507 0.200505
10548 0.064986
10818 0.084922
11017 0.128144
11177 0.098577
11304 0.121809
11340 0.064479
11443 0.061841
11470 0.119977
11501 0.081982
11508 0.119977
11526 0.116388
11600 0.023003
11671 0.104089
