182

22 0.056631
45 0.051894
71 0.032409
100 0.064987
103 0.090052
210 0.128330
455 0.027825
504 0.179929
508 0.085773
586 0.027578
632 0.036549
634 0.045520
695 0.065854
897 0.031759
965 0.071154
1008 0.086387
1028 0.050813
1151 0.080994
1253 0.075276
1333 0.329494
1334 0.083465
1336 0.059354
1506 0.082321
1559 0.144707
1789 0.056631
1797 0.025947
1831 0.028332
1872 0.023550
1874 0.058209
1919 0.323975
1947 0.081566
2000 0.109219
2054 0.107752
2134 0.461322
2154 0.025014
2165 0.029859
2455 0.031444
2697 0.118708
2718 0.047098
2720 0.038854
2762 0.017350
2769 0.041160
2824 0.042765
2900 0.179929
3095 0.021803
3121 0.028943
3130 0.147351
3134 0.060588
3179 0.028504
3286 0.103052
3304 0.059354
3344 0.114279
3383 0.067742
3420 0.075276
3483 0.078853
3521 0.046289
3568 0.066770
3603 0.064165
3637 0.041942
3695 0.051894
3951 0.026021
4005 0.080829
4451 0.097228
4708 0.152626
4738 0.021133
4764 0.042555
4869 0.058209
4916 0.046823
4943 0.021133
4956 0.064987
4966 0.044548
5050 0.034917
5100 0.025873
5307 0.038048
5324 0.071697
5325 0.114279
5394 0.073502
5492 0.063383
5496 0.036125
5529 0.167095
5532 0.032744
5612 0.061925
5632 0.067742
5678 0.036406
5732 0.029032
5758 0.045026
5790 0.072354
5797 0.078715
5833 0.055265
5880 0.030831
5900 0.076731
5926 0.025799
5949 0.101745
5964 0.061242
6060 0.035849
6071 0.045729
6119 0.068777
6469 0.083465
6631 0.102331
6799 0.050131
6813 0.029032
6828 0.026472
6885 0.101076
7251 0.112187
7308 0.057665
7389 0.052658
7498 0.039362
7635 0.078062
7730 0.061242
7760 0.049202
7783 0.053460
7802 0.336560
7856 0.046289
7872 0.052272
7874 0.047098
7904 0.047098
7911 0.137316
7920 0.038365
7929 0.168412
7960 0.359858
8059 0.040234
8062 0.083465
8083 0.026245
8087 0.042765
8191 0.076965
8215 0.075276
8241 0.037583
8259 0.125274
8291 0.080994
8295 0.050131
8352 0.063097
8372 0.065854
8382 0.038365
8394 0.045520
8499 0.029395
8621 0.047376
8748 0.112187
8777 0.071070
8808 0.062637
8931 0.019663
9035 0.150552
9334 0.153930
9355 0.194961
9356 0.112187
9357 0.050813
9381 0.041547
9462 0.060588
9579 0.097085
9747 0.034917
9796 0.235085
9907 0.056137
9914 0.112187
9924 0.101076
9943 0.064987
9999 0.044083
10054 0.072354
10067 0.075167
10092 0.032744
10185 0.068817
10195 0.031237
10247 0.078853
10256 0.179929
10258 0.156815
10279 0.037132
10309 0.036693
10378 0.050449
10541 0.051166
10565 0.049477
10580 0.083465
10619 0.019521
10862 0.089964
10892 0.090542
11121 0.066448
11171 0.224374
11210 0.031340
11298 0.043631
11332 0.052792
11349 0.047376
11397 0.035986
11523 0.059613
11527 0.089964
11600 0.012988
