225

71 0.030570
103 0.042470
108 0.040741
162 0.105819
213 0.029271
218 0.055985
230 0.190677
318 0.028708
346 0.017640
352 0.046369
404 0.075934
457 0.036963
508 0.026968
599 0.040337
600 0.033814
621 0.393635
633 0.042019
895 0.029464
930 0.053896
960 0.037123
1050 0.104123
1134 0.081484
1167 0.050818
1231 0.035595
1296 0.033944
1370 0.038645
1506 0.038824
1542 0.028343
1544 0.059082
1643 0.036340
1725 0.041798
1797 0.024474
1817 0.105819
1872 0.022213
1880 0.048601
1939 0.048949
1950 0.160249
2000 0.034340
2140 0.050818
2154 0.023594
2161 0.095208
2246 0.057766
2259 0.029707
2261 0.074377
2267 0.043416
2507 0.013246
2530 0.024970
2596 0.116819
2601 0.052500
2672 0.211638
2718 0.044424
2725 0.064873
2762 0.016365
2790 0.105819
2824 0.080675
2962 0.153663
2967 0.050818
3130 0.104240
3179 0.080658
3275 0.021282
3325 0.078727
3351 0.038121
3374 0.081481
3417 0.037449
3419 0.181568
3495 0.040741
3567 0.024755
3593 0.069562
3621 0.031318
3625 0.065916
3626 0.067370
3823 0.088331
3888 0.074377
3926 0.034340
3951 0.024544
3952 0.039562
3971 0.050042
3984 0.046075
4035 0.076396
4063 0.038121
4091 0.024129
4113 0.072596
4179 0.051635
4195 0.040741
4215 0.017376
4290 0.148755
4315 0.105298
4355 0.201700
4451 0.030570
4538 0.039005
4542 0.049305
4573 0.113611
4575 0.084858
4632 0.371886
4677 0.018791
4680 0.114298
4695 0.081484
4866 0.032935
4942 0.084858
4943 0.019934
4966 0.042019
4967 0.234869
5100 0.024404
5143 0.031428
5341 0.178415
5484 0.145193
5496 0.068149
5509 0.069562
5521 0.045505
5529 0.045032
5678 0.034340
5734 0.019577
5833 0.034752
5880 0.029081
5884 0.211638
5900 0.036188
5947 0.130247
5948 0.060114
5962 0.046974
6112 0.017463
6271 0.095338
6285 0.062116
6317 0.024474
6421 0.020566
6433 0.026403
6455 0.067036
6466 0.037449
6536 0.062980
6559 0.034747
6570 0.069493
6635 0.042936
6652 0.119570
6765 0.105819
6774 0.095338
6792 0.036179
6816 0.034075
6828 0.099878
6860 0.043662
6874 0.052259
6909 0.026013
7060 0.032455
7150 0.034075
7297 0.053416
7369 0.087823
7388 0.053896
7419 0.284013
7498 0.136133
7594 0.052500
7650 0.054905
7783 0.050425
7808 0.116819
7809 0.181568
7830 0.062980
7936 0.046369
7946 0.035741
7989 0.145973
8059 0.037950
8087 0.040337
8150 0.038293
8156 0.178415
8212 0.105819
8229 0.072596
8241 0.106350
8245 0.036188
8381 0.040538
8394 0.128807
8396 0.055985
8455 0.030378
8457 0.041581
8498 0.046668
8605 0.025707
8619 0.044424
8625 0.211638
8741 0.130247
8767 0.024544
8931 0.018547
8956 0.037614
9054 0.190677
9095 0.041581
9099 0.045787
9132 0.025482
9137 0.050425
9189 0.050425
9197 0.052951
9215 0.059082
9224 0.177245
9255 0.048949
9324 0.069562
9404 0.064873
9590 0.089208
9594 0.052061
9618 0.033431
9623 0.034610
9729 0.046974
9761 0.029081
9767 0.029615
9783 0.030260
9933 0.037449
10057 0.045227
10058 0.021114
10104 0.089208
10287 0.371886
10290 0.067036
10378 0.023793
10397 0.088392
10443 0.105819
10491 0.039945
10561 0.047286
10613 0.074377
10619 0.018413
10711 0.044166
10890 0.032405
11071 0.211638
11121 0.041784
11150 0.142379
11233 0.044424
11252 0.110870
11306 0.102560
11376 0.032325
11377 0.085403
11502 0.035307
11523 0.018743
11532 0.045401
11543 0.043912
11625 0.038468
