53

665 0.632874
1689 1.437354
2071 0.971228
2154 1.355373
2186 1.608050
2335 0.915562
2530 1.434390
2576 0.854723
2915 1.624441
3130 0.998021
3179 0.772242
3322 1.395961
3644 2.340444
3823 1.268562
4110 0.971228
4355 1.448350
4426 1.863323
4573 0.543870
4681 1.677686
4708 0.689166
4783 1.998021
4966 1.206905
5025 0.840757
5100 0.700958
5241 1.696991
5620 1.376656
5753 0.650248
5934 1.998021
6211 1.226501
6456 0.806418
7120 0.832588
7783 1.448350
7915 1.043779
7974 1.562293
8059 1.090024
8215 2.039414
8227 0.816698
8394 1.233234
8455 0.436270
8474 0.982509
8499 0.796376
8613 1.507935
8741 1.247022
8931 0.266359
9059 0.542484
9767 0.283539
9811 0.909080
10057 1.299051
10086 1.075626
10397 1.692579
10491 2.294639
11252 1.592256
11376 0.464226
