235

9 2.562293
63 0.945992
79 0.922143
93 2.562293
97 2.727241
98 2.132573
112 2.194316
122 0.978716
131 1.808965
175 2.453002
186 0.971228
188 1.120336
216 1.495346
217 0.808965
282 1.395961
304 1.104916
338 2.738384
354 3.039414
404 1.090519
456 2.194316
475 1.349218
599 1.158601
630 1.661078
632 0.990196
637 2.551972
665 0.632874
791 1.206905
821 3.039414
844 3.039414
951 2.136324
1007 3.299685
1132 4.430118
1269 1.878087
1274 1.471212
1280 2.085172
1296 2.924868
1307 1.835294
1385 2.096376
1542 1.628210
1666 2.261570
1789 1.534264
1803 1.254084
1859 0.606445
1872 0.638014
1879 2.194316
1940 0.578516
1973 1.696991
2014 2.562293
2076 1.448350
2125 1.784142
2154 1.355373
2174 0.949509
2185 1.182082
2256 2.039414
2259 0.426630
2272 2.194316
2335 0.915562
2340 6.109349
2372 1.835294
2390 2.085172
2519 1.315138
2524 1.048188
2525 2.261263
2532 1.226501
2569 1.677686
2575 0.956629
2633 1.094931
2651 1.568283
2667 1.376656
2696 0.683388
2702 1.893286
2708 2.070185
2724 3.039414
2769 1.115135
2840 3.039414
3217 2.039414
3236 1.949912
3275 0.611279
3286 1.395961
3364 2.136324
3423 1.850942
3482 0.967532
3531 0.788994
3546 0.978716
3567 1.422069
3573 0.788994
3663 3.039414
3772 4.047654
3841 1.431364
3852 1.717195
3943 1.592256
3968 1.437354
4013 3.039414
4091 1.386122
4215 0.998169
4310 1.022381
4352 1.426630
4689 3.039414
4715 2.261263
4844 2.085172
4896 1.893286
4904 1.471212
4978 1.495346
5064 2.364163
5081 3.092442
5086 1.520900
5100 0.700958
5135 1.781430
5143 0.902694
5168 1.213339
5178 0.832588
5363 1.240074
5395 7.245649
5477 2.562293
5491 0.809874
5624 2.199790
5712 3.870128
5734 0.562293
5753 0.650248
5812 15.373757
5813 15.373757
5821 0.918840
5826 1.130929
5833 1.996339
5841 2.942425
5857 1.120336
5880 0.835294
5905 2.738384
5924 2.437354
6060 0.971228
6071 0.619458
6215 1.520900
6227 1.158601
6294 12.157656
6308 2.248139
6418 1.459631
6421 2.362831
6505 1.323411
6529 1.624441
6533 3.039414
6549 3.039414
6673 2.562293
6675 4.680888
6708 1.323411
6792 1.039172
6806 0.677686
6859 1.863323
6864 0.436270
7050 1.164353
7062 2.063595
7118 0.611279
7131 1.448350
7143 1.844286
7150 0.978716
7165 1.115135
7188 1.376656
7310 1.548052
7333 12.186771
7383 1.835294
7407 2.340444
7498 0.355467
7524 2.136324
7709 0.679579
7760 0.666502
7791 2.738384
7859 1.507134
7920 1.039414
7971 1.520900
7988 1.960233
8027 1.358173
8045 3.039414
8083 1.422069
8236 2.085172
8237 1.170182
8292 1.120336
8384 1.960233
8393 2.562293
8404 0.522218
8457 1.194316
8498 2.680888
8499 3.981880
8512 1.750123
8555 1.784142
8605 0.738384
8650 1.299051
8653 1.080373
8694 1.925471
8761 0.747158
8826 1.595545
8829 0.648479
8874 2.646822
8989 1.471212
8991 2.340444
8993 3.039414
9047 0.829899
9059 1.084969
9097 1.878087
9099 1.315138
9105 2.123381
9133 1.659203
9558 2.340444
9662 1.677686
9673 2.738384
9748 3.568283
9767 1.417696
9769 3.039414
9913 2.340444
9919 3.329986
9999 1.194316
10050 2.437354
10092 0.887126
10093 1.641474
10185 0.932204
10325 7.215698
10326 1.463836
10401 1.022381
10621 7.879202
10642 3.039414
10794 1.893286
10813 1.893286
10890 2.326914
10903 1.548052
10937 3.039414
11025 0.681479
11119 8.296014
11142 3.039414
11150 1.022381
11162 2.508169
11165 1.677686
11332 0.715132
11362 1.164353
11375 4.748645
11381 1.925471
11451 0.884078
11620 1.085172
