145

191 0.055123
240 0.100978
531 0.030526
629 0.061905
630 0.018395
634 0.040971
651 0.050973
660 0.055737
700 0.080976
895 0.028116
898 0.051431
919 0.080976
1274 0.048878
1461 0.062900
1484 0.054534
1494 0.051904
1643 0.034677
1726 0.070975
1730 0.102861
1743 0.100978
1903 0.135510
1939 0.046709
1974 0.057754
1994 0.036214
2064 0.040097
2101 0.085126
2115 0.030636
2131 0.033828
2186 0.053424
2335 0.030418
2348 0.031782
2572 0.029372
2667 0.045736
2722 0.123810
2812 0.080976
2824 0.076984
2914 0.080976
2921 0.114100
3095 0.019625
3243 0.033289
3352 0.065124
3459 0.563788
3492 0.023025
3627 0.083328
3841 0.047554
3869 0.047049
4219 0.061905
4267 0.052393
4437 0.048878
4503 0.055123
4562 0.052393
4567 0.100978
4843 0.053424
4901 0.059980
4938 0.045426
4943 0.019022
4980 0.069275
5143 0.029990
5242 0.286800
5254 0.100978
5325 0.051431
5491 0.013453
5555 0.265519
5601 0.043158
5769 0.403911
5787 0.090977
5841 0.048878
5882 0.100978
5926 0.023222
6071 0.020580
6165 0.060099
6415 0.030858
6421 0.019625
6568 0.048070
6595 0.100978
6802 0.033422
6806 0.180117
6816 0.032516
6874 0.016623
6966 0.067755
7001 0.090245
7032 0.046053
7062 0.022853
7120 0.027661
7296 0.247619
7387 0.041903
7498 0.023619
7532 0.041903
7635 0.023421
7641 0.021486
7859 0.010014
7947 0.052899
8048 0.039474
8227 0.054266
8241 0.033828
8272 0.058743
8326 0.042145
8352 0.056793
8429 0.077756
8474 0.326417
8681 0.085126
8684 0.042145
8735 0.100978
8784 0.061941
8785 0.056418
8826 0.035339
8893 0.049273
9019 0.035121
9095 0.079357
9104 0.029677
9176 0.340506
9242 0.050090
9358 0.100978
9362 0.510759
9379 0.048878
9452 0.048493
9574 0.056379
9593 0.157727
9623 0.033026
9671 0.052899
9718 0.046709
9767 0.018840
9895 0.057754
9966 0.057050
9974 0.576782
10018 0.049273
10033 0.056379
10058 0.020148
10327 0.047049
10487 0.019832
10579 0.053424
10581 0.046053
10720 0.055737
10818 0.043158
10827 0.171150
10890 0.030923
11025 0.022641
11096 0.091473
11112 0.061905
11228 0.037933
11340 0.131075
11376 0.015423
11523 0.035771
11532 0.043324
11600 0.023381
