190

7 0.043276
23 0.032660
74 0.090692
122 0.031392
148 0.035935
213 0.026967
259 0.219283
304 0.035440
423 0.039775
462 0.065414
535 0.097489
549 0.046818
552 0.064278
604 0.047963
913 0.066678
917 0.018412
950 0.157951
965 0.030916
1269 0.030120
1275 0.041416
1296 0.031272
1385 0.067241
1532 0.049995
1617 0.041416
1643 0.033479
1666 0.024180
1694 0.048367
1831 0.024620
1859 0.019452
1874 0.050583
2048 0.058867
2058 0.028853
2073 0.044156
2085 0.046456
2121 0.061760
2154 0.043474
2165 0.025948
2181 0.111517
2339 0.184001
2340 0.065319
2348 0.061368
2350 0.060727
2421 0.031637
2524 0.067241
2530 0.023004
2532 0.039340
2550 0.025704
2554 0.043563
2626 0.037915
2627 0.024546
2679 0.087834
2752 0.047571
2762 0.030153
2805 0.046103
3034 0.043563
3149 0.035935
3177 0.037162
3203 0.036257
3204 0.036448
3402 0.084897
3509 0.097566
3531 0.025307
3850 0.048650
3892 0.072530
4005 0.035120
4091 0.022230
4110 0.031152
4205 0.078680
4213 0.040225
4215 0.048024
4396 0.146349
4555 0.087834
4573 0.034889
4663 0.028553
4734 0.039738
4738 0.018364
4842 0.052104
4903 0.049654
4964 0.033908
4970 0.043857
5053 0.034653
5178 0.026705
5193 0.055759
5562 0.043857
5569 0.296347
5628 0.082186
5712 0.031034
5734 0.036071
5743 0.024036
5758 0.039127
5821 0.029472
5826 0.036275
5833 0.016008
5919 0.052104
5949 0.029472
6023 0.045424
6070 0.023824
6227 0.037162
6273 0.060727
6282 0.117734
6291 0.051732
6436 0.409673
6456 0.025866
6792 0.033331
6812 0.039340
6828 0.023004
6864 0.013993
6874 0.016048
7061 0.015342
7062 0.022063
7111 0.016008
7534 0.051578
7655 0.029578
7664 0.038712
7707 0.034201
7758 0.031885
7760 0.021378
7788 0.068026
7856 0.040225
7859 0.048341
7861 0.022356
7862 0.030799
7864 0.037534
7896 0.046103
8027 0.043563
8048 0.038110
8083 0.022806
8240 0.049212
8281 0.175427
8332 0.047571
8375 0.075070
8463 0.030799
8485 0.035768
8494 0.041416
8498 0.042995
8512 0.028068
8605 0.047367
8656 0.078178
8684 0.122067
8761 0.023965
8784 0.149502
8785 0.081703
8826 0.079609
8874 0.084897
8879 0.053219
8931 0.008543
8969 0.072530
9052 0.054111
9059 0.017400
9097 0.030120
9122 0.087834
9142 0.048783
9402 0.057226
9444 0.030120
9455 0.052104
9592 0.034350
9618 0.030799
9767 0.018189
9907 0.048783
10015 0.034201
10036 0.070843
10058 0.038903
10080 0.048367
10111 0.058023
10337 0.034054
10396 0.032528
10405 0.058867
10487 0.019147
10581 0.044462
10619 0.033927
10621 0.108311
10627 0.150332
10644 0.059766
10651 0.039556
10706 0.070383
10711 0.040689
10890 0.014927
10986 0.082186
11146 0.034807
11152 0.057304
11228 0.036623
11242 0.033621
11287 0.033479
11306 0.018897
11332 0.022938
11376 0.029780
11382 0.060727
11397 0.031272
11475 0.046818
11637 0.148960
