133

194 0.723444
213 0.840757
536 1.811750
665 0.632874
697 0.819306
702 3.039414
839 1.405946
913 2.078828
917 0.574031
965 0.963867
994 1.448350
1002 1.307020
1132 0.632874
1220 2.437354
1264 3.039414
1561 1.863323
1777 1.405946
1872 0.638014
1996 1.998021
2000 0.986336
2054 1.459631
2259 0.426630
2342 1.448350
2455 0.851893
2507 0.380449
2539 1.130929
2626 1.182082
2627 0.765256
2670 3.039414
2696 0.683388
2718 1.275986
3010 1.577016
3022 3.039414
3121 0.784142
3125 1.696991
3136 1.437354
3149 2.240672
3151 1.960233
3274 1.520900
3401 1.340444
3417 1.075626
3540 1.738384
3567 0.711035
3637 1.136324
3732 1.863323
3850 0.758381
3944 3.568283
4005 1.094931
4057 2.738384
4091 0.693061
4215 0.499085
4287 2.738384
4538 1.120336
4697 3.039414
4708 1.378332
4734 0.619458
4906 1.808965
4916 2.537124
5297 2.663688
5307 2.061628
5569 3.079731
5734 0.562293
5821 1.837680
5826 2.261858
5851 0.846290
5885 0.706976
5949 0.918840
5966 1.835294
6012 3.996043
6071 0.619458
6291 0.806418
6433 1.516762
6436 1.824619
6456 0.806418
6587 0.622774
6792 0.519586
6796 1.367316
6812 2.453002
6828 0.717195
6864 2.181349
6872 2.738384
6874 1.501014
6974 1.893286
7021 2.085172
7130 1.960233
7182 1.331844
7205 3.039414
7664 1.206905
7665 2.194316
7709 0.679579
7738 1.066286
7788 0.530212
7859 0.301427
7915 1.043779
8085 1.507935
8087 1.158601
8237 1.170182
8259 1.696991
8559 1.562293
8759 1.483112
8761 0.747158
8842 2.261263
8860 1.925471
8874 2.646822
8930 1.048188
8931 1.065438
9114 2.698436
9115 1.104916
9444 0.939044
9761 0.835294
9845 2.340444
9871 1.213339
9999 1.194316
10006 1.738384
10036 0.736218
10215 1.641474
10235 1.405946
10378 0.683388
10423 0.698970
10475 1.619181
10500 1.426630
10582 1.717195
10701 0.786561
10846 2.340444
10999 1.395961
11121 0.600081
11242 1.048188
11256 0.779343
11287 1.043779
11390 2.562293
11526 0.890195
11600 0.703770
11637 1.857649
