120

7 2.698436
79 1.844286
194 0.723444
404 1.090519
458 0.747158
600 0.971228
630 1.107385
913 2.078828
1109 3.318406
1172 1.925471
1333 0.811527
1378 1.386202
1616 1.483112
1785 1.760661
1994 1.090024
2165 0.808965
2224 1.147320
2259 0.853261
2339 5.736598
2340 2.036450
2350 1.893286
2353 1.784142
2507 0.380449
2954 0.935610
3029 1.520900
3149 1.120336
3150 1.176091
3203 0.565198
3402 1.323411
3466 1.641474
3509 1.520900
3621 0.899535
3700 1.283539
3758 1.182082
3841 0.477121
3850 0.758381
3917 1.206905
3938 1.233234
3952 1.136324
4215 0.998169
4253 2.194316
4396 3.041800
5363 2.480147
5394 0.995670
5491 0.404937
5529 0.646717
5562 1.367316
5569 1.026577
5734 0.562293
5743 0.749380
5821 0.918840
5826 1.130929
5833 0.998169
5926 0.698970
5948 0.863323
6016 1.677686
6112 0.501595
6170 1.998021
6281 1.206905
6436 9.123093
6456 0.806418
6535 1.608050
6792 0.519586
6864 0.436270
6874 0.500338
6962 1.200565
7061 0.478313
7082 1.147320
7126 0.769901
7146 1.835294
7217 0.796376
7377 2.551972
7635 0.704960
7788 2.120846
7859 0.301427
7864 1.170182
7978 1.099895
8083 0.711035
8089 1.893286
8343 0.986336
8404 1.044436
8455 0.436270
8539 0.668346
8559 1.562293
8784 0.932204
8826 0.177283
8874 1.323411
8956 1.080373
9095 1.194316
9114 5.396872
9115 2.209831
9328 0.915562
9380 1.136324
9444 1.878087
9562 0.982509
9568 1.066286
9722 2.136324
9747 0.945992
9767 0.283539
9933 2.151253
10058 0.606445
10085 1.039414
10195 0.846290
10378 1.366777
10475 1.079454
10500 1.426630
10543 1.960233
10619 0.528869
10621 2.251201
10887 1.268562
10999 1.395961
11121 0.600081
11162 1.254084
11242 1.048188
11306 0.589165
11356 2.136324
11396 0.942504
11516 4.272648
11609 1.213339
11637 1.857649
