270

56 2.261263
79 0.922143
110 3.039414
151 1.925471
198 1.152923
217 0.808965
288 3.039414
404 1.090519
424 1.358173
447 1.206905
455 0.753857
458 0.747158
552 1.001988
586 0.747158
838 1.863323
895 0.846290
913 5.197071
916 1.808965
917 0.574031
960 1.066286
1132 0.632874
1149 1.624441
1167 2.919261
1172 7.701883
1173 2.340444
1255 1.760661
1456 0.849082
1466 3.636321
1488 2.738384
1556 2.738384
1609 1.115135
1649 0.881052
1666 0.753857
1725 1.200565
1750 1.784142
1798 1.176091
1830 2.261263
1831 0.767573
1900 3.015870
1945 2.562293
1995 1.141787
2002 1.275986
2028 1.548052
2038 1.835294
2042 1.349218
2057 1.659203
2131 3.054674
2160 2.340444
2171 1.784142
2290 1.534264
2306 2.738384
2339 1.147320
2348 3.826515
2350 1.893286
2548 1.026577
2565 1.416165
2572 0.884078
2575 1.913257
2596 1.677686
2616 3.039414
2627 1.530513
2638 1.061691
2690 0.974956
2725 1.863323
2762 1.410121
2858 2.085172
2906 1.835294
2936 3.617930
2948 1.331844
2956 1.534264
2987 3.039414
3032 2.437354
3048 1.254084
3121 0.784142
3125 1.696991
3179 1.544485
3203 1.695594
3293 1.925471
3394 1.507935
3401 1.340444
3509 3.041800
3531 0.788994
3567 0.711035
3622 3.039414
3662 3.039414
3691 0.742749
3850 0.758381
3910 2.562293
3917 1.206905
3926 0.986336
3928 1.437354
3938 1.233234
3951 0.704960
4120 1.677686
4227 2.340444
4396 1.520900
4573 0.543870
4614 1.426630
4645 1.061691
4663 0.890195
4772 2.194316
4830 1.426630
4858 1.592256
4901 1.805387
4907 3.039414
4923 3.039414
4943 0.572546
4953 3.039414
4961 2.562293
4964 2.114286
4970 1.367316
4993 2.738384
5034 3.039414
5056 2.039414
5067 2.328706
5068 2.437354
5071 1.998021
5080 2.340444
5202 6.078828
5307 1.030814
5324 0.971228
5327 1.835294
5369 3.920466
5394 0.497835
5417 5.124586
5460 2.494045
5521 2.614041
5562 4.101949
5569 15.398653
5712 2.902596
5719 2.364163
5734 2.249171
5748 2.738384
5753 0.650248
5758 2.439740
5770 1.998021
5807 1.577016
5833 0.499085
5885 1.413951
5900 1.039414
5931 1.677686
6112 0.501595
6144 1.268562
6213 2.039414
6281 1.206905
6308 0.749380
6317 2.108863
6436 8.210784
6518 3.039414
6531 2.738384
6792 2.078345
6796 2.734633
6833 1.960233
6837 1.240074
6859 1.863323
6864 0.436270
6874 0.500338
6909 0.747158
6962 1.200565
7036 3.039414
7046 1.835294
7060 0.932204
7062 0.343932
7111 0.499085
7122 1.677686
7125 1.416165
7126 4.619407
7129 2.437354
7215 1.717195
7222 2.437354
7238 1.925471
7350 1.659203
7362 2.039414
7385 3.079605
7509 1.893286
7546 2.738384
7707 2.132573
7709 3.397893
7715 1.233234
7738 1.066286
7758 0.994091
7794 1.448350
7859 0.904280
7861 0.696991
7881 1.548052
7892 1.760661
7896 1.437354
7929 1.520900
7936 1.331844
7945 1.738384
8083 0.711035
8132 2.738384
8133 2.562293
8157 0.939044
8183 1.405946
8209 2.738384
8237 1.170182
8271 0.925471
8327 2.085172
8343 3.945343
8351 1.233234
8364 3.039414
8375 2.340444
8402 1.925471
8404 0.522218
8462 1.226501
8482 1.043779
8519 2.738384
8558 1.863323
8761 1.494316
8767 1.409921
8826 0.531848
8931 1.331797
8971 2.614041
8987 2.738384
9056 1.760661
9065 0.915562
9097 0.939044
9099 1.315138
9114 2.698436
9115 2.209831
9116 2.364163
9136 2.738384
9171 1.592256
9193 1.925471
9389 2.039414
9444 0.939044
9461 0.721351
9568 1.066286
9618 0.960233
9634 2.494045
9662 1.677686
10058 1.819334
10235 1.405946
10276 0.808965
10363 1.577016
10371 6.078828
10468 4.522526
10509 0.704960
10558 1.386202
10582 1.717195
10619 0.528869
10621 1.125600
10627 4.686879
10676 5.124586
10701 0.786561
10792 3.039414
10797 2.136324
10818 1.299051
10820 1.998021
10892 1.226501
10920 2.738384
11152 0.893286
11242 4.192752
11256 0.779343
11257 1.226501
11264 2.340444
11295 1.213339
11306 1.767495
11396 0.942504
11397 0.974956
11443 0.945992
11503 0.884078
11505 1.426630
11568 1.349218
11600 0.351885
11636 2.328706
11637 5.572946
11672 1.738384
11673 3.039414
