44

651 0.194852
665 0.080375
808 0.188355
831 0.104052
897 0.109276
949 0.386006
1112 0.097188
2005 0.147142
2335 0.116277
2708 0.131457
2922 0.308188
3322 0.177287
3795 0.177287
4415 0.386006
5491 0.051427
5601 0.329959
5749 0.122877
5753 0.082582
6211 0.155766
6317 0.089275
6421 0.075020
6506 0.164980
6627 0.145007
6869 0.287181
6974 0.240448
6975 0.357111
7001 0.172488
7050 0.147873
7072 0.178555
7120 0.105739
7552 0.271313
7679 0.244535
7745 0.102415
7847 0.118390
8295 0.344976
8785 0.215667
9019 0.134257
9138 0.085589
9623 0.126250
9966 0.218084
9974 0.314979
9984 0.325412
10036 0.093500
10249 0.122411
