86

194 0.723444
404 0.545260
418 0.824570
693 1.624441
913 3.118242
1188 1.998021
1269 0.939044
1636 1.115135
1883 2.437354
2165 0.808965
2204 6.078828
2220 1.624441
2259 0.426630
2500 2.261263
2507 0.380449
3149 1.120336
3150 1.176091
3203 0.565198
3275 0.611279
3402 2.646822
3473 1.535145
3509 1.520900
3531 0.788994
3715 1.534264
4297 1.784142
4573 0.543870
4614 1.426630
4901 0.902694
4987 1.592256
5067 1.164353
5174 1.507935
5394 0.497835
5468 1.194316
5569 6.159461
5692 0.753857
5734 2.249171
5826 2.261858
5833 0.499085
6117 1.608050
6291 0.806418
6436 2.736928
6568 0.723444
6864 0.436270
6874 0.500338
7061 0.478313
7062 0.687865
7126 0.769901
7182 1.331844
7377 1.275986
7386 1.998021
7641 1.293434
7704 0.713078
7709 0.679579
7738 1.066286
7788 1.590635
7859 0.301427
7864 1.170182
7920 1.039414
8034 2.562293
8046 1.219870
8186 1.548052
8404 0.522218
8419 1.141787
8455 0.436270
8874 3.970232
8931 1.065438
9059 0.542484
9115 1.104916
9132 0.731918
9444 1.878087
9545 2.738384
9891 3.039414
10058 1.819334
10235 1.405946
10327 1.416165
10475 0.539727
10552 1.925471
10828 2.085172
10887 2.537124
10999 1.395961
11233 2.551972
11242 1.048188
11397 0.974956
11521 1.075626
11636 2.328706
11637 2.786473
