190

63 0.055195
68 0.044369
148 0.065367
216 0.043624
297 0.034485
304 0.064467
309 0.079887
404 0.015907
418 0.024055
468 0.074750
573 0.071105
586 0.043594
627 0.118992
668 0.093823
685 0.065968
697 0.047803
723 0.110466
763 0.047887
791 0.070418
793 0.136556
1090 0.047887
1269 0.027395
1409 0.090323
1544 0.049506
1609 0.065064
1666 0.021992
1721 0.021797
1831 0.022392
1925 0.079887
1994 0.031799
2064 0.035209
2148 0.071105
2165 0.023600
2224 0.066942
2259 0.049784
2268 0.044381
2339 0.066942
2353 0.156146
2455 0.024852
2507 0.011099
2539 0.065985
2572 0.025791
2618 0.067935
2627 0.022325
2763 0.022058
2796 0.896997
2875 0.089518
2967 0.042582
2980 0.058288
3095 0.017233
3122 0.022325
3149 0.130734
3150 0.068620
3203 0.065954
3209 0.058288
3233 0.045161
3266 0.055233
3275 0.017833
3402 0.038608
3473 0.022392
3482 0.028226
3531 0.046035
3537 0.056172
3621 0.078726
3673 0.039361
3841 0.027838
3850 0.022124
3984 0.038608
4120 0.048943
4215 0.072799
4315 0.022058
4396 0.088738
4520 0.021290
4770 0.036795
4771 0.045161
4788 0.071105
4896 0.055233
4903 0.045161
4943 0.016703
4970 0.079777
4974 0.071105
5024 0.062323
5100 0.040898
5143 0.026334
5178 0.024289
5215 0.074750
5562 0.079777
5569 0.209638
5712 0.056452
5734 0.016404
5735 0.043991
5743 0.021862
5753 0.018970
5797 0.031107
5826 0.032993
5833 0.014560
5869 0.030709
6070 0.043336
6071 0.018071
6166 0.159774
6167 0.032382
6272 0.049506
6291 0.023526
6409 0.059496
6433 0.088497
6436 0.425837
6441 0.243323
6456 0.070577
6474 0.079887
6484 0.079887
6532 0.074750
6568 0.021105
6631 0.040440
6780 0.060831
6813 0.022946
6859 0.054359
6864 0.038182
6974 0.055233
7072 0.041016
7143 0.026902
7182 0.038854
7377 0.111673
7385 0.022460
7501 0.030709
7641 0.018867
7655 0.026902
7704 0.020803
7709 0.019825
7737 0.039622
7738 0.031107
7761 0.035024
7788 0.015468
7859 0.061555
7861 0.020333
7874 0.074449
7887 0.056667
7915 0.030450
7936 0.077708
7971 0.044369
7972 0.036585
8027 0.079244
8046 0.035587
8142 0.062323
8172 0.059496
8334 0.040161
8351 0.035977
8404 0.015235
8462 0.071561
8469 0.037669
8605 0.043082
8761 0.043594
8767 0.041132
8805 0.074750
8826 0.046547
8874 0.154431
9062 0.062758
9107 0.037669
9115 0.193402
9116 0.137939
9444 0.054789
9521 0.043267
9747 0.027597
9761 0.048736
9767 0.024815
9837 0.079887
9923 0.055233
10010 0.061945
10036 0.085911
10141 0.046006
10276 0.023600
10309 0.029001
10387 0.079887
10458 0.037897
10487 0.017414
10619 0.030857
10627 0.045577
10667 0.047390
10701 0.022946
10711 0.037008
10887 0.037008
10955 0.065968
10999 0.040724
11242 0.030579
11256 0.022736
11376 0.027086
11440 0.052049
11569 0.062323
11600 0.030797
11636 0.135871
11637 0.162580
