253

5 0.037786
63 0.024296
74 0.024207
83 0.039759
100 0.045220
122 0.025137
186 0.024944
198 0.029611
213 0.021593
304 0.170267
308 0.023515
401 0.041300
404 0.028008
418 0.021178
455 0.019362
457 0.027268
536 0.023266
630 0.014221
632 0.025431
665 0.016254
668 0.041300
846 0.058077
876 0.039759
913 0.026696
942 0.049452
1074 0.028774
1090 0.042158
1116 0.052379
1202 0.131616
1220 0.062599
1333 0.020843
1337 0.056357
1444 0.037488
1499 0.027035
1572 0.035357
1649 0.022628
1797 0.018054
1872 0.049159
1981 0.024030
2005 0.029757
2037 0.065808
2058 0.023103
2118 0.145877
2131 0.026151
2148 0.062599
2154 0.017405
2165 0.020777
2213 0.047856
2244 0.036109
2259 0.032872
2313 0.069765
2339 0.029467
2405 0.033990
2444 0.040503
2497 0.041300
2507 0.009771
2526 0.060110
2532 0.031501
2548 0.026366
2550 0.020582
2572 0.022706
2576 0.043904
2618 0.059809
2627 0.019654
2804 0.029904
2806 0.026585
2817 0.042614
2919 0.070331
2936 0.232301
2937 0.131616
3023 0.054868
3149 0.057548
3179 0.019834
3203 0.116129
3275 0.015700
3280 0.050345
3282 0.035357
3402 0.033990
3465 0.044647
3473 0.019714
3482 0.024849
3503 0.070331
3540 0.044647
3550 0.035602
3559 0.041300
3573 0.020264
3598 0.039405
3621 0.046206
3760 0.038091
3818 0.018106
3830 0.058077
3841 0.049016
3850 0.038955
3869 0.072744
3926 0.025332
4091 0.035600
4148 0.025137
4215 0.128181
4324 0.078062
4520 0.056230
4566 0.021246
4788 0.062599
4894 0.052379
4901 0.046368
4941 0.056357
4943 0.014705
4969 0.029325
4970 0.035117
5009 0.035357
5053 0.027748
5067 0.029904
5143 0.023184
5178 0.021384
5569 0.263659
5621 0.065808
5681 0.088401
5692 0.038723
5714 0.036641
5734 0.072208
5735 0.077457
5763 0.045220
5765 0.051316
5826 0.029046
5833 0.038454
5948 0.022173
5967 0.046460
5999 0.065808
6070 0.038152
6071 0.015910
6097 0.028121
6112 0.025765
6166 0.070331
6211 0.031501
6409 0.052379
6421 0.045514
6433 0.019478
6435 0.065808
6436 0.304604
6441 0.053554
6456 0.062134
6474 0.070331
6535 0.041300
6562 0.060110
6568 0.111482
6582 0.056357
6583 0.086177
6587 0.015995
6631 0.035602
6792 0.013345
6814 0.031330
6864 0.123253
6874 0.012850
6929 0.070331
7009 0.044103
7046 0.047136
7062 0.008833
7076 0.329040
7111 0.012818
7123 0.029904
7182 0.034206
7377 0.098315
7385 0.019774
7444 0.056357
7498 0.009130
7501 0.027035
7635 0.018106
7641 0.016610
7709 0.017454
7737 0.034882
7738 0.054771
7758 0.051063
7761 0.030834
7788 0.027235
7859 0.069675
7861 0.017901
7873 0.044103
7874 0.032772
7887 0.024944
7916 0.062599
7988 0.050345
8034 0.065808
8046 0.031330
8131 0.065808
8157 0.048235
8259 0.043584
8281 0.035117
8326 0.032581
8334 0.070714
8351 0.031673
8404 0.013412
8449 0.071706
8462 0.126002
8485 0.085921
8520 0.046460
8761 0.038379
8821 0.036372
8826 0.040979
8874 0.033990
8919 0.019536
8924 0.031163
8971 0.033569
8982 0.047856
9107 0.066326
9114 0.103957
9115 0.141889
9116 0.273238
9137 0.037198
9172 0.051316
9193 0.049452
9328 0.023515
9444 0.024118
9497 0.054868
9521 0.038091
9741 0.078062
9747 0.024296
9767 0.014564
9770 0.026258
9780 0.070331
9811 0.070044
9873 0.035357
9933 0.027626
9938 0.054868
9944 0.030360
10036 0.018908
10058 0.046726
10063 0.035117
10118 0.044103
10141 0.040503
10214 0.049452
10309 0.025532
10340 0.062599
10556 0.030360
10581 0.071204
10619 0.027166
10644 0.047856
10651 0.031673
10887 0.032581
10892 0.031501
10999 0.035853
11169 0.078062
11228 0.029325
11242 0.026921
11256 0.020016
11306 0.015132
11349 0.032965
11376 0.011923
11397 0.025040
11458 0.021952
11526 0.045726
11600 0.009038
11636 0.149522
11637 0.190842
11672 0.044647
