108

79 0.922143
109 1.233234
194 0.723444
401 1.608050
592 1.717195
632 0.990196
666 1.608050
736 1.448350
895 0.846290
913 2.078828
1116 2.039414
1148 5.124586
1325 3.039414
1344 2.136324
1466 1.818161
1499 1.052642
1643 1.043779
1903 2.039414
2008 1.548052
2244 1.405946
2378 1.696991
2572 0.884078
2825 2.136324
3032 26.810895
3121 0.784142
3203 1.130396
3275 0.611279
3673 1.349218
3851 2.562293
4051 2.340444
4215 0.499085
4265 3.039414
4315 0.756113
4367 3.039414
4520 0.729784
4677 0.539727
5025 0.840757
5064 1.182082
5382 1.426630
5491 0.404937
5569 2.053154
5734 1.124586
5743 0.749380
5749 1.935064
5900 1.039414
5948 0.863323
6398 2.562293
6436 3.649237
6568 0.723444
6582 2.194316
6583 1.677686
6587 0.622774
6657 2.942425
7009 1.717195
7111 0.998169
7118 0.611279
7126 2.309704
7150 0.978716
7385 2.309704
7411 0.893286
7498 0.355467
7501 3.157927
7859 0.301427
7861 0.696991
7978 1.099895
7981 0.925471
8111 1.035093
8157 1.878087
8159 2.085172
8343 0.986336
8351 1.233234
8368 1.998021
8425 3.617930
8462 1.226501
8485 1.115135
8491 1.659203
8539 0.668346
8761 0.747158
8826 0.177283
8947 2.261263
9115 2.209831
9116 2.364163
9172 1.998021
9435 1.608050
9444 0.939044
9593 0.949509
9629 2.194316
9642 1.283539
9662 1.677686
9729 1.349218
9950 1.315138
9957 1.437354
10058 0.606445
10487 0.596934
10619 1.057738
10658 1.240074
10890 0.465383
11195 1.534264
11242 2.096376
11256 2.338028
11264 2.340444
11356 2.136324
11377 1.226501
11503 0.884078
11600 1.055655
11625 1.104916
11636 2.328706
11637 0.928824
