61

79 0.922143
442 2.738384
1643 1.043779
2000 0.986336
2259 0.426630
2339 1.147320
2344 1.307020
2348 1.913257
3241 1.738384
3573 0.788994
3598 1.534264
3818 0.704960
3885 1.283539
4091 0.693061
4215 0.998169
4396 1.520900
4573 0.543870
4901 0.902694
4961 5.124586
4970 1.367316
4974 2.437354
5100 0.700958
5324 0.971228
5569 3.079731
5734 1.124586
6282 1.835294
6324 1.471212
6436 3.649237
6504 0.872097
6561 1.960233
6792 0.519586
6874 0.500338
6998 4.170343
7060 0.932204
7126 1.539802
7317 6.078828
7689 5.124586
7707 1.066286
7709 0.679579
7859 0.301427
8402 1.925471
8455 0.436270
8784 1.864408
8785 1.698165
8826 0.531848
8960 2.085172
9196 1.893286
9313 1.998021
9444 0.939044
9767 0.567079
9811 0.909080
9919 1.109995
10145 6.078828
10475 0.539727
10627 1.562293
10890 0.930766
11121 0.600081
11151 1.893286
11332 0.715132
11397 0.974956
11636 2.328706
