114

7 1.349218
194 0.723444
346 0.506660
508 0.774596
552 1.001988
630 0.553693
913 5.197071
917 1.148063
965 0.963867
1174 2.039414
1649 1.762103
1652 1.548052
1666 0.753857
1694 1.507935
1744 1.426630
1831 0.767573
2224 1.147320
2259 0.426630
2340 1.018225
2353 1.784142
2363 1.022381
2375 1.717195
2425 3.039414
2548 1.026577
2618 1.164353
2677 1.548052
2762 0.470040
3054 1.331844
3203 0.565198
3233 1.548052
3262 2.261263
3275 0.611279
3402 1.323411
3513 1.717195
3531 0.788994
3540 1.738384
3592 1.696991
3700 1.283539
3760 1.483112
3917 1.206905
4211 0.912309
4215 0.499085
4315 0.756113
4362 1.367316
4687 1.835294
4729 2.401130
4970 1.367316
5090 3.039414
5529 0.646717
5926 1.397940
5949 0.918840
6436 5.473856
6570 0.998021
6616 0.899535
6793 1.863323
6864 0.436270
6874 1.000676
7060 0.932204
7072 1.405946
7111 0.499085
7264 1.641474
7288 1.738384
7374 1.358173
7498 0.355467
7635 0.704960
7758 0.994091
7788 0.530212
7911 1.240074
7932 1.925471
8087 1.158601
8351 2.466468
8455 0.436270
8482 1.043779
8485 1.115135
8511 1.893286
8559 3.124586
8621 1.283539
8826 0.177283
9075 1.520900
9115 1.104916
9218 3.039414
9236 3.039414
9395 2.136324
9444 1.878087
9562 1.965019
9725 2.426679
9767 0.283539
9783 0.869152
9855 1.641474
10058 0.606445
10067 1.018225
10359 2.194316
10374 3.039414
10378 0.683388
10423 1.397940
10475 1.619181
10507 2.044762
10592 1.925471
10596 1.194316
10865 1.960233
10887 1.268562
10890 0.465383
11121 1.200163
11145 6.078828
11215 1.808965
11306 0.589165
11335 1.043779
11386 1.349218
11475 1.459631
11526 0.890195
11532 1.304049
11539 1.592256
11600 0.351885
11637 0.928824
