198

5 0.055253
175 0.046062
194 0.027170
228 0.050671
278 0.102842
373 0.054818
512 0.052060
552 0.112891
585 0.058673
693 0.061007
897 0.032314
1188 0.075037
1269 0.035267
1451 0.061647
1532 0.029269
1633 0.048787
1637 0.068926
1649 0.066177
1652 0.058138
1666 0.056623
1746 0.082409
1750 0.067005
1881 0.064491
1986 0.042273
1993 0.069979
1994 0.040937
2008 0.058138
2064 0.090653
2073 0.051701
2154 0.050902
2165 0.030381
2170 0.071104
2185 0.088788
2259 0.016022
2268 0.028567
2270 0.091537
2340 0.038240
2507 0.028576
2530 0.026935
2580 0.084924
2627 0.057480
2651 0.029449
2762 0.035305
2895 0.087897
3150 0.044169
3203 0.042453
3210 0.087897
3229 0.073618
3259 0.078310
3275 0.045914
3414 0.041687
3841 0.035837
3885 0.048204
3928 0.053981
3968 0.053981
4148 0.036756
4215 0.112461
4310 0.038396
4315 0.028396
4441 0.096229
4465 0.091537
4524 0.102842
4566 0.031067
4598 0.169847
4677 0.020270
4941 0.082409
4978 0.056159
5012 0.031067
5053 0.040574
5056 0.076592
5112 0.036062
5330 0.073618
5361 0.072313
5382 0.053578
5394 0.018697
5499 0.067937
5506 0.080231
5712 0.072673
5715 0.087897
5734 0.042235
5851 0.063566
5926 0.026250
5997 0.102842
6071 0.023264
6097 0.041121
6192 0.065286
6308 0.056287
6436 0.034262
6456 0.030286
6568 0.108678
6587 0.046778
6611 0.114148
6616 0.033783
6657 0.110505
6663 0.114148
6679 0.913181
6864 0.016384
6874 0.037581
6890 0.114148
7061 0.017963
7062 0.051667
7111 0.018744
7118 0.022957
7125 0.053185
7126 0.318057
7150 0.036756
7182 0.100037
7206 0.096229
7217 0.029909
7227 0.114148
7377 0.191683
7385 0.173485
7389 0.053578
7460 0.074375
7498 0.026700
7580 0.047098
7704 0.053560
7707 0.040045
7709 0.076566
7713 0.053185
7738 0.120136
7760 0.025031
7788 0.039825
7830 0.067937
7859 0.022641
7946 0.077108
7957 0.087897
7981 0.034757
8007 0.031472
8046 0.091626
8272 0.033202
8332 0.055699
8356 0.144625
8382 0.039036
8419 0.042881
8491 0.062313
8512 0.032864
8539 0.050201
8559 0.058673
8619 0.047921
8653 0.040574
8685 0.061007
8761 0.028060
8826 0.026632
8887 0.102842
8954 0.072313
8982 0.069979
8989 0.055253
9034 0.092630
9051 0.042273
9105 0.039873
9137 0.054394
9351 0.051351
9438 0.058673
9444 0.035267
9461 0.027091
9480 0.061007
9591 0.102842
9593 0.035660
9634 0.093666
9687 0.084924
9811 0.034141
9820 0.072313
9903 0.029816
10058 0.045551
10062 0.073618
10251 0.044394
10304 0.061647
10309 0.037334
10487 0.022418
10504 0.082409
10509 0.026475
10601 0.102842
10639 0.042075
10670 0.799033
10818 0.048787
10892 0.046062
10910 0.084924
10925 0.080231
10996 0.096229
10999 0.104853
11013 0.080231
11121 0.022537
11193 0.058138
11194 0.076171
11195 0.115241
11203 0.061647
11235 0.096229
11256 0.029269
11257 0.046062
11258 0.052060
11306 0.022127
11320 0.150522
11386 0.050671
11503 0.033202
11600 0.013215
11637 0.069765
11663 0.228295
