197

83 1.548052
106 3.568283
173 1.592256
194 0.723444
198 1.152923
213 0.840757
292 1.115135
346 1.013319
404 1.090519
455 0.753857
458 0.747158
465 1.784142
514 1.784142
585 1.562293
586 0.747158
706 3.039414
875 1.141787
897 0.860437
917 1.722094
934 1.808965
960 1.066286
1011 3.039414
1185 1.893286
1195 12.662756
1258 1.240074
1269 0.939044
1351 2.437354
1385 10.481880
1454 2.194316
1456 0.849082
1466 2.727241
1467 1.863323
1499 1.052642
1506 1.115135
1507 1.358173
1538 2.039414
1542 0.814105
1636 1.115135
1677 1.696991
1835 1.291226
1872 1.914041
1886 1.863323
1985 2.562293
2046 1.018225
2141 1.376656
2248 1.141787
2259 0.426630
2335 0.915562
2346 3.039414
2350 1.893286
2421 0.986336
2463 1.784142
2532 2.453002
2572 0.884078
2714 2.562293
2762 1.410121
2768 3.030091
2801 1.200565
3095 0.590708
3149 1.120336
3162 1.835294
3171 1.471212
3203 0.565198
3275 0.611279
3417 1.075626
3487 2.437354
3497 3.039414
3535 1.005990
3557 2.039414
3567 0.711035
3605 1.349218
3688 2.136324
3691 0.742749
3818 0.704960
3844 1.998021
3850 0.758381
3943 1.592256
4123 3.039414
4205 1.226501
4217 10.325876
4270 2.437354
4377 4.562701
4451 0.878046
4538 1.120336
4573 0.543870
4695 2.340444
4781 2.562293
4830 1.426630
4943 0.572546
5058 1.893286
5064 1.182082
5083 1.349218
5297 7.991064
5300 2.039414
5394 0.497835
5460 1.247022
5468 2.388632
5529 0.646717
5569 2.053154
5734 1.124586
5742 2.738384
5767 2.562293
5792 1.949912
5870 1.592256
5885 1.413951
5903 14.085284
6042 3.039414
6070 0.742749
6284 1.925471
6291 0.806418
6324 1.471212
6345 5.426896
6436 2.736928
6504 0.872097
6578 3.039414
6659 2.085172
6792 0.519586
6816 0.978716
6838 1.120336
6909 1.494316
7008 0.878046
7060 0.932204
7111 0.499085
7119 1.835294
7123 1.164353
7228 2.562293
7382 3.039414
7385 0.769901
7404 1.125600
7530 1.996043
7635 0.704960
7641 3.880303
7707 1.066286
7859 1.808561
7864 1.170182
7951 3.920466
8083 1.422069
8104 1.386202
8107 3.039414
8241 1.018225
8271 0.925471
8343 0.986336
8394 1.233234
8407 1.448350
8499 0.796376
8622 3.850942
8826 0.177283
8865 3.039414
8919 1.521321
8931 0.532719
8960 2.085172
9022 1.835294
9033 1.808965
9047 0.829899
9059 0.542484
9062 1.075626
9078 3.039414
9093 0.949509
9116 1.182082
9153 4.272648
9366 1.340444
9444 0.939044
9461 0.721351
9520 1.520900
9584 1.340444
9667 1.158601
9703 2.738384
9761 1.670588
9770 2.044762
9811 0.909080
9894 6.078828
10026 2.738384
10076 2.562293
10192 2.136324
10242 4.312062
10279 1.005990
10337 3.185072
10378 0.683388
10507 3.067142
10548 0.994091
10558 1.386202
10651 1.233234
10810 1.893286
10813 1.893286
11063 3.434390
11121 1.200163
11130 1.784142
11146 3.255515
11194 2.028217
11359 1.863323
11361 3.039414
11376 0.928453
11377 1.226501
11431 3.039414
11521 1.075626
11523 0.538355
11615 3.039414
