338

79 0.922143
99 1.090024
141 1.717195
148 1.120336
198 1.152923
199 2.698436
213 1.681514
217 0.808965
297 1.182082
304 8.839325
404 1.090519
418 0.824570
424 1.358173
457 1.061691
458 0.747158
595 1.808965
630 0.553693
700 2.437354
736 1.448350
781 1.659203
876 1.548052
934 1.808965
965 0.963867
1002 1.307020
1032 1.760661
1033 2.039414
1116 4.078828
1118 2.738384
1148 2.562293
1186 2.738384
1198 1.624441
1202 5.124586
1231 1.022381
1269 0.939044
1277 1.998021
1285 1.349218
1296 1.949912
1301 2.194316
1333 0.811527
1337 4.388632
1456 0.849082
1466 0.909080
1498 1.275986
1499 1.052642
1532 1.558685
1572 1.376656
1589 3.039414
1636 1.115135
1643 1.043779
1649 0.881052
1721 0.747158
1725 1.200565
1872 0.638014
1900 6.031741
1976 1.808965
2005 1.158601
2016 1.835294
2037 2.562293
2042 1.349218
2046 1.018225
2067 1.261263
2073 1.376656
2115 0.922143
2131 5.091124
2154 0.677686
2161 1.367316
2165 5.662756
2178 3.039414
2255 3.039414
2259 0.426630
2263 1.405946
2348 1.913257
2366 3.434390
2405 1.323411
2473 2.053154
2524 1.048188
2543 2.283574
2550 0.801368
2563 2.340444
2572 0.884078
2576 0.854723
2587 2.340444
2627 2.295769
2652 1.738384
2661 2.194316
2690 0.974956
2756 1.577016
2806 1.035093
2872 6.408972
2904 3.920466
2908 4.388632
2919 2.738384
2936 1.808965
2937 5.124586
2983 1.367316
3019 2.261263
3023 2.136324
3027 1.925471
3032 2.437354
3121 0.784142
3134 1.641474
3137 1.863323
3203 8.477968
3204 1.136324
3274 1.520900
3282 1.376656
3316 1.233234
3374 2.340365
3402 1.323411
3417 1.075626
3482 0.967532
3503 2.738384
3531 1.577988
3613 1.005990
3621 8.095815
3626 0.967532
3683 1.070931
3716 3.039414
3760 1.483112
3841 0.477121
3899 2.194316
3917 1.206905
4093 3.039414
4129 2.437354
4215 5.989016
4267 1.577016
4268 1.808965
4362 2.734633
4413 1.005990
4444 1.677686
4520 0.729784
4566 0.827227
4573 1.631609
4663 0.890195
4677 0.539727
4701 1.275986
4793 1.471212
4875 1.520900
4901 2.708081
4941 2.194316
4943 0.572546
5067 2.328706
5086 1.520900
5096 5.090974
5178 1.665176
5307 1.030814
5349 6.078828
5569 12.318923
5681 1.147320
5692 0.753857
5712 0.967532
5719 1.182082
5724 2.562293
5734 3.373757
5753 1.300496
5758 6.099351
5764 1.960233
5765 1.998021
5795 1.170182
5817 1.386202
5826 1.130929
5833 0.499085
5920 1.233234
5926 0.698970
6070 0.742749
6071 0.619458
6097 1.094931
6115 3.039414
6144 1.268562
6171 4.078828
6227 2.317201
6309 2.437354
6409 2.039414
6435 2.562293
6436 16.421568
6441 2.085172
6456 4.032090
6457 1.495346
6473 2.085172
6529 1.624441
6559 1.996043
6562 2.340444
6568 4.340663
6570 0.998021
6582 4.388632
6587 0.622774
6638 1.998021
6779 1.592256
6792 0.519586
6796 1.367316
6814 1.219870
6837 3.720221
6864 5.671507
6871 1.507935
6874 0.500338
6894 3.039414
6909 0.747158
6918 5.476768
7013 2.738384
7037 2.562293
7040 1.960233
7046 1.835294
7068 3.039414
7076 2.562293
7082 1.147320
7111 0.499085
7118 0.611279
7126 4.619407
7217 0.796376
7331 3.039414
7377 14.035847
7378 2.261263
7385 6.929111
7394 1.426630
7411 0.893286
7498 2.488269
7624 2.136324
7640 2.738384
7641 0.646717
7655 0.922143
7664 1.206905
7704 4.991548
7709 0.679579
7738 1.066286
7758 1.988182
7760 0.666502
7788 4.771904
7856 1.254084
7859 1.205707
7861 0.696991
7864 1.170182
7880 3.039414
7887 1.942457
7906 2.085172
7911 1.240074
7920 2.078828
7978 1.099895
7981 2.776412
7987 1.376656
7988 1.960233
7989 1.048188
7993 2.437354
8049 12.811464
8123 2.738384
8126 1.659203
8131 2.562293
8157 0.939044
8237 2.340365
8245 1.039414
8259 1.696991
8326 1.268562
8343 0.986336
8377 1.254084
8404 0.522218
8462 2.453002
8465 3.039414
8485 7.805944
8547 1.925471
8559 6.249171
8560 3.996043
8647 1.808965
8729 1.738384
8767 0.704960
8821 1.416165
8826 1.772827
8874 1.323411
8931 0.532719
9001 2.085172
9015 3.039414
9034 2.466468
9051 1.125600
9110 1.247022
9114 2.698436
9115 4.419663
9116 18.913306
9136 19.168689
9262 1.738384
9381 1.125600
9444 0.939044
9452 1.459631
9455 1.624441
9473 1.483112
9497 2.136324
9521 4.449335
9568 1.066286
9623 0.994091
9667 2.317201
9699 3.039414
9729 2.698436
9761 2.505882
9850 6.078828
9865 0.796376
9943 1.760661
9950 1.315138
9971 1.448350
9993 1.624441
10007 1.808965
10010 1.061691
10058 2.425779
10067 1.018225
10118 1.717195
10169 3.039414
10185 0.932204
10195 0.846290
10255 1.863323
10358 2.738384
10395 3.039414
10475 0.539727
10498 3.039414
10509 0.704960
10616 3.039414
10619 1.057738
10742 2.738384
10887 1.268562
10890 0.465383
10892 2.453002
10899 3.039414
10985 2.039414
10999 1.395961
11015 1.075626
11104 3.039414
11121 0.600081
11133 3.039414
11230 2.437354
11242 2.096376
11244 2.340444
11256 0.779343
11306 1.767495
11320 1.001988
11335 1.043779
11362 1.164353
11376 0.928453
11443 0.945992
11470 1.835294
11526 0.890195
11636 3.493059
11637 3.715298
11672 1.738384
