224

5 1.471212
122 0.978716
155 6.078828
198 1.152923
213 2.522271
228 2.698436
304 3.314747
345 1.864408
398 2.753313
404 0.545260
441 1.998021
457 1.061691
458 0.747158
508 0.774596
553 2.352425
600 0.971228
665 0.632874
763 1.641474
791 2.413810
831 1.638612
875 1.141787
905 2.562293
913 5.197071
1002 1.307020
1074 1.120336
1123 3.039414
1125 3.039414
1132 1.265748
1166 3.039414
1202 2.562293
1220 2.437354
1337 2.194316
1409 1.548052
1456 2.547247
1487 0.838017
1666 0.753857
1730 1.548052
1872 1.276027
1981 0.935610
2005 1.158601
2116 1.592256
2140 1.459631
2148 2.437354
2165 1.617930
2213 1.863323
2259 2.559782
2339 1.147320
2353 1.784142
2363 1.022381
2507 0.380449
2576 0.854723
2618 2.328706
2695 3.039414
2762 0.470040
2801 1.200565
2804 1.164353
2806 1.035093
2936 1.808965
2967 1.459631
3023 2.136324
3095 1.181416
3121 0.784142
3149 2.240672
3203 2.825989
3236 0.974956
3264 1.340444
3275 0.611279
3402 1.323411
3473 0.767573
3482 0.967532
3540 3.476768
3559 1.608050
3605 1.349218
3621 3.598140
3694 1.240074
3772 1.349218
3841 0.477121
3850 1.516762
3869 1.416165
3938 1.233234
4215 2.495423
4529 1.307020
4534 1.182082
4573 1.087740
4663 0.890195
4677 0.539727
4755 2.340444
4866 0.945992
4901 0.902694
4903 1.548052
4943 1.145093
4970 1.367316
5009 1.376656
5067 1.164353
5096 1.696991
5100 1.401915
5134 3.039414
5143 0.902694
5174 1.507935
5271 3.039414
5369 1.960233
5468 2.388632
5569 6.159461
5692 0.753857
5734 1.124586
5743 0.749380
5792 0.974956
5797 1.066286
5826 1.130929
6070 1.485498
6071 0.619458
6097 1.094931
6112 1.003190
6170 1.998021
6291 0.806418
6409 2.039414
6421 1.181416
6436 12.772330
6438 2.738384
6441 2.085172
6456 4.838508
6457 1.495346
6562 2.340444
6568 2.170331
6583 1.677686
6627 3.425361
6792 0.519586
6796 2.734633
6864 1.308809
6929 2.738384
7060 0.932204
7062 0.687865
7076 5.124586
7182 1.331844
7377 3.827958
7385 0.769901
7395 2.340444
7410 2.085172
7498 0.355467
7501 1.052642
7635 1.409921
7641 0.646717
7643 0.942504
7704 0.713078
7706 1.893286
7758 0.994091
7761 1.200565
7788 0.530212
7859 1.507134
7887 0.971228
7916 2.437354
8007 1.676034
8087 1.158601
8131 2.562293
8157 0.939044
8227 0.816698
8259 1.696991
8281 1.367316
8334 1.376656
8343 1.972671
8351 2.466468
8404 1.566655
8415 2.562293
8419 1.141787
8455 0.436270
8482 1.043779
8485 1.115135
8520 1.808965
8591 2.136324
8784 0.932204
8785 1.698165
8821 1.416165
8826 0.354565
8874 1.323411
9062 1.075626
9107 1.291226
9114 1.349218
9115 2.209831
9116 11.820816
9268 1.784142
9304 5.476768
9444 0.939044
9551 1.893286
9562 0.982509
9767 0.283539
9780 2.738384
9811 1.818161
9851 2.562293
9865 0.796376
9873 1.376656
9893 1.784142
9903 0.793901
9981 2.085172
9993 1.624441
10058 1.819334
10309 0.994091
10340 2.437354
10454 1.677686
10556 1.182082
10596 1.194316
10677 0.824570
10887 1.268562
10890 0.465383
10999 1.395961
11015 1.075626
11090 4.874708
11162 1.254084
11194 1.014108
11210 1.698165
11230 2.437354
11242 1.048188
11256 0.779343
11263 3.039414
11306 0.589165
11376 0.464226
11396 0.942504
11411 1.677686
11521 1.075626
11526 0.890195
11600 0.351885
11627 1.738384
11636 4.657411
11637 3.715298
11672 1.738384
