227

11 0.273838
52 0.053075
74 0.031417
79 0.061476
151 0.128365
186 0.032374
194 0.048230
255 0.059471
361 0.091279
404 0.036351
457 0.070779
458 0.049811
479 0.040445
493 0.101314
536 0.150979
552 0.100199
573 0.081245
627 0.135961
630 0.018456
678 0.046532
802 0.055307
820 0.101314
913 0.034647
1340 0.081245
1456 0.028303
1542 0.054274
1572 0.045889
1592 0.037345
1649 0.029368
1666 0.025129
1993 0.062111
1994 0.036334
2028 0.051602
2040 0.073144
2115 0.030738
2259 0.014221
2268 0.025355
2272 0.073144
2339 0.076488
2344 0.043567
2348 0.031888
2375 0.057240
2444 0.052567
2464 0.091279
2503 0.081245
2507 0.025363
2550 0.026712
2627 0.076526
2633 0.036498
2638 0.035390
2687 0.096557
2700 0.103203
2762 0.062672
2765 0.091279
2801 0.040019
2817 0.110614
3014 0.033007
3095 0.078761
3203 0.018840
3275 0.020376
3293 0.064182
3342 0.073144
3394 0.050265
3402 0.088227
3492 0.023102
3531 0.052600
3546 0.032624
3567 0.023701
3598 0.051142
3613 0.033533
3626 0.032251
3634 0.048654
3681 0.038620
3686 0.607883
3806 0.046532
3818 0.023499
3850 0.025279
3926 0.032878
3927 0.056566
4315 0.025204
4467 0.061176
4573 0.018129
4613 0.030090
4677 0.017991
4708 0.091889
4763 0.063110
4770 0.042042
4910 0.065341
4954 0.047205
4955 0.052076
5009 0.045889
5041 0.101314
5050 0.031533
5067 0.038812
5100 0.023365
5101 0.060299
5112 0.064016
5143 0.030090
5178 0.027753
5191 0.081245
5217 0.086603
5301 0.066601
5317 0.101314
5345 0.147121
5395 0.034503
5485 0.051602
5491 0.013498
5529 0.043114
5562 0.227886
5569 0.068438
5576 0.101314
5719 0.078805
5732 0.026219
5734 0.037486
5735 0.050265
5749 0.032251
5758 0.040662
5821 0.030628
5857 0.037345
5926 0.023299
5928 0.073144
6070 0.024758
6281 0.080460
6324 0.049040
6421 0.078761
6436 0.243282
6456 0.053761
6476 0.091279
6559 0.033267
6583 0.111846
6587 0.083036
6605 0.048654
6708 0.044114
6792 0.034639
6838 0.037345
6864 0.043627
6874 0.033356
6919 0.085410
7047 0.040445
7061 0.015944
7126 0.025663
7143 0.030738
7212 0.057240
7217 0.026546
7387 0.042042
7389 0.047554
7411 0.029776
7460 0.033007
7487 0.066601
7515 0.046865
7635 0.023499
7641 0.021557
7704 0.047539
7709 0.113263
7788 0.035347
7859 0.020095
7861 0.023233
7899 0.206996
7918 0.051602
7925 0.050697
7973 0.056566
7981 0.061698
8007 0.055868
8010 0.050265
8128 0.039403
8245 0.034647
8272 0.029469
8326 0.084571
8351 0.123323
8387 0.170945
8404 0.034815
8455 0.072712
8457 0.039811
8459 0.069506
8512 0.029169
8535 0.091279
8545 0.050265
8605 0.123064
8761 0.074716
8826 0.047275
8931 0.008879
9105 0.070779
9115 0.110492
9116 0.118208
9132 0.024397
9144 0.061698
9328 0.030519
9417 0.101314
9444 0.031301
9547 0.091279
9596 0.040445
9642 0.042785
9643 0.117018
9646 0.040662
9740 0.273838
9767 0.028354
9872 0.038060
9923 0.063110
10007 0.060299
10063 0.045577
10083 0.060299
10092 0.029571
10142 0.101314
10396 0.033804
10423 0.023299
10509 0.023499
10548 0.033136
10621 0.037520
10677 0.027486
10877 0.062111
10890 0.015513
10898 0.048654
11150 0.102238
11187 0.091279
11193 0.051602
11206 0.071211
11242 0.034940
11295 0.040445
11306 0.019639
11376 0.030948
11411 0.111846
11443 0.063066
11560 0.078015
11570 0.047554
11600 0.035189
11636 0.116435
11637 0.030961
