216

79 0.922143
97 0.909080
103 2.439740
254 3.039414
304 3.314747
305 4.078828
346 0.506660
418 0.824570
458 0.747158
465 1.784142
508 0.774596
553 0.784142
599 1.158601
665 1.265748
831 0.819306
839 1.405946
865 1.577016
897 0.860437
903 2.039414
913 7.275899
917 0.574031
1028 2.753313
1157 2.630276
1175 1.808965
1269 0.939044
1296 0.974956
1323 3.039414
1649 0.881052
1687 4.272648
1852 2.437354
1859 0.606445
1872 0.638014
1947 3.314747
2000 2.959007
2024 1.022381
2118 1.893286
2121 1.925471
2259 0.426630
2353 1.784142
2524 1.048188
2585 1.471212
2627 1.530513
2762 0.470040
2768 2.020061
2801 1.200565
2954 0.935610
2983 1.367316
3027 1.925471
3162 1.835294
3203 0.565198
3211 1.717195
3275 0.611279
3374 1.170182
3384 1.349218
3401 1.340444
3414 1.109995
3419 1.738384
3621 1.799070
3841 0.954243
3850 0.758381
3938 1.233234
4196 0.734063
4211 0.912309
4215 2.495423
4444 1.677686
4479 2.136324
4520 0.729784
4537 1.109995
4547 1.592256
4663 1.780390
4676 3.039414
4878 2.562293
4901 1.805387
4969 2.283574
5067 1.164353
5096 1.696991
5100 2.102873
5227 1.291226
5394 0.497835
5401 2.437354
5468 2.388632
5496 1.957433
5529 0.646717
5562 4.101949
5569 8.212615
5734 1.686879
5792 0.974956
5797 4.265145
5827 1.386202
5833 0.499085
5880 1.670588
5920 1.233234
5926 0.698970
5949 0.918840
5967 1.808965
6013 2.738384
6060 0.971228
6291 0.806418
6308 0.749380
6335 3.039414
6421 0.590708
6436 8.210784
6445 1.483112
6456 1.612836
6457 1.495346
6471 3.039414
6559 3.992086
6583 1.677686
6586 2.738384
6792 1.039172
6846 6.118242
6864 1.308809
6874 1.000676
6878 1.275986
6995 3.039414
7060 0.932204
7062 1.719662
7082 1.147320
7118 0.611279
7119 1.835294
7183 2.085172
7217 0.796376
7299 2.194316
7358 2.261263
7377 1.275986
7385 0.769901
7498 1.421868
7635 0.704960
7694 1.553926
7704 3.565391
7707 1.066286
7709 0.679579
7788 3.711481
7794 1.448350
7855 1.483112
7859 1.205707
7878 1.863323
7887 0.971228
7911 2.480147
7920 1.039414
7931 1.659203
7981 1.850942
7989 1.048188
8084 3.039414
8098 1.247022
8104 1.386202
8111 1.035093
8239 1.784142
8240 1.534264
8455 0.436270
8457 1.194316
8462 2.453002
8463 0.960233
8485 1.115135
8488 5.589969
8539 0.668346
8605 0.738384
8767 0.704960
8826 0.177283
8930 1.048188
8931 0.266359
9097 0.939044
9106 1.696991
9115 8.839325
9116 2.364163
9132 0.731918
9138 0.673926
9312 2.136324
9435 1.608050
9444 0.939044
9521 2.966223
9579 1.315138
9593 0.949509
9618 0.960233
9623 0.994091
9718 1.405946
9767 0.283539
9903 2.381704
9943 3.521321
10058 1.212890
10147 1.548052
10185 0.932204
10195 2.538869
10276 1.617930
10279 1.005990
10352 0.971228
10363 1.577016
10397 0.846290
10403 2.753313
10423 0.698970
10461 1.577016
10475 2.698635
10500 1.426630
10505 3.015870
10619 1.586607
10646 3.640018
10651 1.233234
10890 0.930766
11063 1.717195
11121 1.800244
11141 3.039414
11242 4.192752
11306 0.589165
11332 0.715132
11376 0.464226
11386 1.349218
11402 2.261263
11450 2.437354
11532 2.608097
11600 0.351885
11609 1.213339
11613 2.039414
11636 4.657411
11637 6.501771
11666 3.039414
11672 1.738384
