335

23 1.018225
68 1.520900
79 0.922143
85 1.299051
305 2.039414
404 0.545260
586 1.494316
600 0.971228
632 0.990196
734 1.448350
763 1.641474
778 6.078828
875 1.141787
897 0.860437
913 5.197071
916 1.808965
917 3.444188
960 1.066286
1015 2.437354
1017 3.039414
1028 1.376656
1037 3.850618
1044 1.291226
1101 3.039414
1116 2.039414
1132 1.898622
1149 1.624441
1262 2.039414
1285 1.349218
1333 1.623055
1336 4.824151
1387 3.255515
1416 2.437354
1433 3.039414
1506 1.115135
1507 2.716346
1649 1.762103
1650 2.085172
1666 1.507714
1725 1.200565
1730 1.548052
1744 1.426630
1797 0.702954
1872 1.276027
1976 1.808965
1997 1.483112
2048 1.835294
2073 2.753313
2117 3.039414
2228 3.039414
2229 12.157656
2259 2.133151
2263 1.405946
2283 2.738384
2313 1.358173
2339 1.147320
2340 1.018225
2342 1.448350
2426 6.078828
2467 3.996043
2507 1.141348
2524 1.048188
2539 1.130929
2572 0.884078
2618 1.164353
2633 1.094931
2667 1.376656
2677 3.096105
2678 1.863323
2684 2.261263
2685 3.039414
2696 0.683388
2762 1.880161
2763 0.756113
2817 1.659203
2926 1.520900
2954 0.935610
2967 1.459631
3006 1.760661
3037 1.738384
3121 0.784142
3149 2.240672
3150 1.176091
3201 2.340444
3203 1.695594
3209 1.998021
3275 2.445117
3282 1.376656
3325 2.261263
3333 2.562293
3351 1.094931
3417 1.075626
3485 1.495346
3531 1.577988
3567 0.711035
3573 0.788994
3599 2.317201
3605 1.349218
3674 1.835294
3715 1.534264
3758 1.182082
3816 2.194316
3818 1.409921
3841 0.477121
3858 2.085172
3885 1.283539
3951 0.704960
3952 1.136324
4005 1.094931
4060 1.808965
4071 1.018225
4157 5.426896
4196 2.202188
4215 1.497254
4267 1.577016
4286 1.760661
4297 1.784142
4315 0.756113
4396 1.520900
4451 1.756092
4452 1.483112
4561 2.085172
4573 1.087740
4593 1.863323
4613 0.902694
4617 1.471212
4645 3.185072
4677 1.079454
4793 1.471212
4803 3.039414
4906 1.808965
4913 2.562293
5048 3.039414
5053 1.080373
5172 3.039414
5174 1.507935
5205 2.261263
5260 1.998021
5270 2.791923
5324 0.971228
5363 1.240074
5373 3.039414
5374 9.118242
5394 1.991340
5510 3.039414
5511 2.738384
5562 1.367316
5569 3.079731
5740 1.268562
5753 2.600992
5757 1.960233
5792 0.974956
5817 1.386202
5821 4.594201
5826 1.130929
5833 1.497254
5880 2.505882
5885 1.413951
5926 1.397940
5947 1.247022
5948 1.726646
5949 1.837680
5953 1.925471
5966 1.835294
6060 0.971228
6112 1.504785
6117 1.608050
6148 30.720425
6225 4.874708
6242 1.562293
6281 1.206905
6308 1.498759
6403 3.039414
6421 1.181416
6433 0.758381
6436 35.580064
6467 5.124586
6568 1.446888
6570 0.998021
6587 1.245547
6627 1.141787
6692 2.562293
6708 1.323411
6738 2.437354
6792 1.039172
6793 1.863323
6796 2.734633
6813 0.786561
6816 0.978716
6828 0.717195
6864 1.308809
6909 0.747158
6962 1.200565
7032 1.386202
7061 0.956625
7111 0.998169
7125 1.416165
7126 3.079605
7212 1.717195
7374 5.432692
7385 3.079605
7386 1.998021
7397 3.039414
7401 12.157656
7402 3.039414
7408 4.078828
7460 0.990196
7461 2.194316
7498 1.421868
7530 0.998021
7594 6.031741
7641 0.646717
7664 1.206905
7665 2.194316
7704 1.426157
7709 3.397893
7738 2.132573
7758 1.988182
7760 0.666502
7763 3.039414
7777 3.039414
7788 1.590635
7859 2.109988
7896 1.437354
7906 2.085172
7926 1.893286
7946 1.026577
7972 1.254084
8007 1.676034
8046 1.219870
8080 2.437354
8083 0.711035
8157 0.939044
8239 3.568283
8241 1.018225
8245 1.039414
8294 0.925471
8324 3.039414
8343 0.986336
8351 1.233234
8383 1.426630
8404 1.044436
8449 1.395961
8456 1.592256
8457 1.194316
8485 1.115135
8494 1.291226
8562 3.039414
8591 2.136324
8613 1.507935
8761 0.747158
8826 0.886414
8874 2.646822
8931 2.929954
8971 1.307020
9065 0.915562
9114 5.396872
9115 3.314747
9264 1.315138
9328 0.915562
9355 1.760661
9379 1.471212
9415 3.039414
9420 3.039414
9444 4.695218
9469 3.282948
9521 1.483112
9529 2.437354
9537 1.760661
9562 2.947528
9604 5.476768
9623 0.994091
9634 1.247022
9642 1.283539
9761 1.670588
9811 1.818161
9872 1.141787
9903 2.381704
9933 1.075626
9950 2.630276
10015 1.066286
10058 1.212890
10113 2.437354
10147 1.548052
10195 0.846290
10275 2.364163
10276 0.808965
10325 1.030814
10359 2.194316
10378 2.050165
10396 1.014108
10410 2.738384
10417 2.340444
10509 0.704960
10515 1.624441
10534 1.471212
10548 3.976365
10579 1.608050
10619 1.057738
10701 0.786561
10711 1.268562
10735 1.548052
10755 2.562293
10818 1.299051
10999 1.395961
11150 1.022381
11176 2.437354
11210 0.849082
11238 1.495346
11239 2.194316
11242 2.096376
11256 0.779343
11257 1.226501
11305 2.085172
11306 1.178330
11376 1.392679
11377 1.226501
11396 1.885008
11397 0.974956
11443 2.837977
11462 2.811891
11475 1.459631
11521 1.075626
11526 0.890195
11532 1.304049
11565 1.998021
11568 1.349218
11570 1.426630
11600 1.407541
11625 1.104916
11627 3.476768
11632 3.039414
11633 3.039414
11636 2.328706
11637 3.715298
