1069

19 4.388632
22 4.602792
23 7.127574
33 2.039414
37 2.738384
45 12.653511
52 1.592256
63 0.945992
66 2.562293
70 6.118242
71 0.878046
74 2.827512
83 3.096105
97 5.454482
98 3.198859
99 2.180048
103 3.659611
109 2.466468
113 2.437354
122 20.553042
141 1.717195
151 3.850942
157 1.358173
158 3.154032
161 2.261263
175 8.585505
178 7.573144
185 1.495346
186 1.942457
194 2.170331
198 14.988004
199 5.396872
204 1.315138
213 4.203785
217 0.808965
297 1.182082
304 4.419663
308 3.662250
318 4.947422
345 10.254246
346 4.559938
397 3.850942
404 9.269412
432 3.039414
443 3.786572
444 2.085172
447 1.206905
470 5.505882
476 1.784142
478 1.960233
483 1.254084
485 1.188156
487 3.670588
508 3.872981
552 3.005963
554 5.124586
584 1.863323
586 1.494316
593 1.592256
597 2.039414
599 2.317201
627 2.039414
628 3.039414
634 1.233234
644 1.835294
645 2.437354
661 1.182082
665 0.632874
678 1.395961
697 2.457918
725 4.874708
732 3.039414
734 1.448350
747 2.437354
763 9.848845
781 3.318406
791 2.413810
792 2.039414
831 4.915836
838 1.863323
839 2.811891
897 0.860437
917 5.740313
934 1.808965
960 5.331431
965 6.747070
992 4.634402
993 2.136324
994 4.345049
995 6.078828
1002 2.614041
1020 17.936050
1037 1.283539
1074 2.240672
1094 1.998021
1132 0.632874
1140 3.617930
1149 6.497763
1172 9.627354
1174 2.039414
1175 3.617930
1182 4.078828
1184 2.194316
1195 1.808965
1197 1.495346
1208 3.039414
1231 3.067142
1248 2.562293
1269 5.634261
1286 8.777264
1321 2.085172
1333 16.230548
1336 1.608050
1363 2.194316
1385 5.240940
1400 2.791923
1444 1.459631
1456 2.547247
1466 6.363562
1485 3.726646
1487 0.838017
1498 1.275986
1503 1.717195
1506 1.115135
1526 9.361776
1532 2.338028
1542 5.698734
1548 2.734633
1574 1.760661
1611 3.318406
1616 1.483112
1617 5.164904
1618 2.437354
1633 1.299051
1643 2.087558
1649 5.286310
1653 1.483112
1656 2.437354
1662 1.925471
1675 2.738384
1689 7.186771
1704 4.644157
1707 2.738384
1721 0.747158
1723 8.317210
1725 6.002825
1744 2.853261
1789 1.534264
1798 4.704365
1802 2.437354
1803 8.778590
1830 4.522526
1831 3.070290
1859 0.606445
1872 2.552054
1874 1.577016
1900 4.523806
1939 1.405946
1960 4.078828
1961 2.562293
1968 6.078828
1969 2.194316
1979 1.641474
1986 3.376801
1991 1.066286
1994 4.360096
1995 4.567148
2002 3.827958
2012 2.562293
2016 1.835294
2024 1.022381
2041 2.039414
2043 2.085172
2046 4.072899
2058 0.899535
2062 2.663688
2065 2.039414
2067 5.045051
2073 6.883281
2084 5.941177
2091 1.219870
2110 7.136566
2112 1.760661
2115 0.922143
2141 1.376656
2151 4.522526
2154 2.033059
2161 1.367316
2165 2.426896
2166 3.015870
2171 3.568283
2176 6.432201
2195 4.078828
2206 3.039414
2217 4.977609
2218 2.340444
2220 1.624441
2224 3.441959
2230 1.426630
2249 1.760661
2259 8.532605
2264 4.312062
2265 1.998021
2267 6.235112
2279 5.281982
2313 2.716346
2319 5.664659
2320 1.738384
2339 18.357112
2340 4.072899
2343 1.893286
2344 2.614041
2347 2.738384
2367 3.039414
2405 2.646822
2406 4.874708
2419 2.085172
2421 0.986336
2462 2.738384
2473 1.026577
2484 1.863323
2507 0.760899
2524 10.481880
2530 5.020364
2532 17.171011
2537 7.573144
2539 1.130929
2548 1.026577
2550 9.616416
2552 2.087558
2562 4.170343
2576 0.854723
2582 3.039414
2583 3.996043
2597 3.039414
2626 8.274571
2627 1.530513
2651 0.784142
2653 4.523806
2678 1.863323
2697 1.608050
2708 1.035093
2720 4.210570
2722 1.863323
2725 1.863323
2738 3.039414
2744 4.272648
2752 1.483112
2756 4.731048
2762 10.810925
2763 3.780564
2768 15.150455
2769 1.115135
2800 4.272648
2801 3.601695
2804 2.328706
2805 1.437354
2813 3.039414
2815 5.124586
2816 10.681621
2850 10.953536
2851 2.340365
2915 1.624441
2923 2.136324
2926 1.520900
2927 3.248882
2954 10.291714
2962 1.471212
2966 1.835294
3050 3.318406
3054 1.331844
3095 2.362831
3102 1.608050
3121 1.568283
3122 2.295769
3128 1.577016
3131 1.507935
3149 4.481344
3150 5.880456
3171 8.827274
3177 4.634402
3179 0.772242
3184 6.078828
3185 1.624441
3203 1.130396
3218 3.068528
3243 1.001988
3263 1.760661
3265 2.738384
3268 2.039414
3274 3.041800
3275 6.112793
3281 1.784142
3285 3.154032
3286 13.959614
3287 1.641474
3296 4.680888
3304 3.216101
3324 2.738384
3334 3.039414
3336 3.039414
3337 2.136324
3349 1.738384
3374 1.170182
3383 1.835294
3394 6.031741
3401 5.361776
3402 2.646822
3405 5.994064
3414 1.109995
3417 7.529384
3419 3.476768
3423 0.925471
3432 2.942425
3433 2.437354
3437 20.122958
3440 2.340444
3445 1.677686
3454 2.194316
3455 2.376312
3459 3.393983
3464 1.426630
3465 1.738384
3486 1.925471
3495 1.170182
3499 1.507935
3500 1.608050
3507 1.738384
3521 1.254084
3531 0.788994
3535 7.041933
3539 1.677686
3546 0.978716
3547 1.835294
3558 2.413810
3559 4.824151
3567 2.133104
3573 1.577988
3605 1.349218
3613 1.005990
3621 10.794420
3626 6.772725
3637 3.408972
3640 2.261263
3681 3.475802
3683 3.212794
3691 0.742749
3694 3.720221
3695 2.811891
3700 1.283539
3721 2.039414
3726 2.194316
3727 1.608050
3759 2.738384
3772 2.698436
3790 1.960233
3806 1.395961
3808 2.738384
3816 2.194316
3818 0.704960
3841 5.725455
3850 6.067046
3851 2.562293
3856 2.085172
3864 2.194316
3870 8.340686
3883 1.835294
3885 1.283539
3889 2.039414
3926 5.918014
3928 10.061479
3930 1.893286
3952 10.226917
3954 2.261263
3979 5.884850
3985 3.850942
4005 4.379726
4033 1.283539
4040 1.998021
4071 1.018225
4075 10.197071
4091 4.851428
4092 5.476768
4094 7.312062
4110 1.942457
4148 3.914865
4176 5.281982
4181 4.562701
4196 10.276878
4205 13.491508
4211 25.544661
4215 3.992677
4217 30.977627
4241 3.039414
4266 5.263212
4267 1.577016
4268 5.426896
4272 2.562293
4278 1.534264
4284 8.215152
4310 3.067142
4315 1.512226
4333 1.136324
4343 9.176471
4346 3.393983
4352 2.853261
4359 3.212794
4362 41.019488
4377 1.520900
4407 27.354727
4408 3.039414
4416 1.784142
4420 1.696991
4429 3.039414
4433 5.880699
4437 4.413637
4451 4.390231
4452 1.483112
4457 2.340444
4462 9.134296
4479 2.136324
4505 2.136324
4537 1.109995
4538 2.240672
4542 1.416165
4566 1.654453
4570 2.261263
4573 7.614177
4577 7.312062
4593 1.863323
4617 1.471212
4620 1.760661
4638 1.998021
4643 2.136324
4644 1.562293
4645 4.246762
4663 1.780390
4677 1.619181
4684 3.039414
4693 7.701883
4701 3.827958
4708 7.580827
4712 3.039414
4713 2.562293
4714 2.136324
4734 1.238917
4738 0.572546
4770 2.522526
4771 4.644157
4772 13.165896
4775 2.738384
4786 3.996043
4799 15.197071
4802 3.039414
4830 7.133151
4841 1.696991
4849 4.187884
4859 3.184512
4863 16.430305
4866 0.945992
4875 1.520900
4901 19.859258
4908 1.784142
4938 1.367316
4977 2.562293
4992 3.039414
5009 5.506625
5023 1.070931
5027 2.738384
5028 3.039414
5038 2.261263
5053 1.080373
5055 1.925471
5061 4.874708
5063 1.863323
5067 2.328706
5070 1.863323
5079 2.261263
5081 1.030814
5083 1.349218
5085 1.863323
5086 1.520900
5099 2.340444
5100 0.700958
5110 3.617930
5111 9.466430
5123 2.738384
5133 3.015870
5135 0.593810
5143 9.929629
5149 2.562293
5150 1.659203
5151 2.194316
5176 2.874708
5177 10.638735
5178 9.158471
5227 3.873678
5278 1.760661
5297 18.645815
5307 8.246512
5314 2.340444
5324 1.942457
5333 1.998021
5345 1.471212
5366 2.085172
5368 3.318406
5379 3.617930
5389 1.960233
5394 13.939377
5452 1.696991
5455 4.874708
5491 0.404937
5496 18.595609
5515 2.738384
5529 20.694949
5562 5.469265
5605 1.863323
5611 4.388632
5613 1.960233
5620 1.376656
5632 3.670588
5634 6.078828
5651 3.945415
5679 3.096105
5689 1.676034
5692 0.753857
5712 35.798688
5732 1.573122
5734 3.373757
5735 6.031741
5740 2.537124
5741 2.738384
5743 0.749380
5747 7.840931
5748 2.738384
5750 1.925471
5753 1.950744
5762 1.483112
5764 1.960233
5765 1.998021
5770 5.994064
5780 2.340444
5784 12.157656
5790 9.801164
5792 15.599298
5797 4.265145
5814 14.085284
5818 3.248882
5821 1.837680
5833 12.477116
5851 0.846290
5853 3.039414
5858 6.078828
5869 2.105285
5870 1.592256
5874 1.960233
5880 1.670588
5885 7.069757
5894 3.393983
5900 6.236485
5903 5.281982
5913 2.340444
5914 1.960233
5920 1.233234
5926 8.387640
5930 2.738384
5947 1.247022
5949 13.782603
5964 1.659203
6065 4.074519
6070 2.970996
6071 19.822668
6091 3.039414
6104 2.194316
6112 2.507975
6161 2.437354
6168 4.562701
6181 14.042665
6185 1.960233
6205 1.459631
6206 2.340444
6227 5.793003
6228 2.136324
6238 3.039414
6240 5.793398
6272 3.393983
6274 6.002825
6284 1.925471
6291 1.612836
6308 1.498759
6317 0.702954
6324 10.298487
6361 3.015870
6371 1.784142
6380 12.252553
6421 17.721234
6422 4.272648
6433 0.758381
6436 6.386165
6466 4.302505
6478 2.562293
6496 2.738384
6504 0.872097
6505 1.323411
6506 12.990514
6514 3.068528
6519 7.686879
6520 2.437354
6540 3.920466
6541 3.154032
6559 3.992086
6570 7.984171
6605 1.459631
6666 2.340444
6708 5.293643
6792 23.900962
6796 17.775111
6799 1.358173
6802 1.005990
6816 0.978716
6823 1.562293
6824 6.408972
6828 20.798650
6837 1.240074
6838 1.120336
6861 2.437354
6864 7.852855
6874 2.501690
6907 8.777264
6908 3.039414
6909 1.494316
6942 1.893286
6962 1.200565
6965 4.589278
6984 1.738384
7008 0.878046
7024 8.340686
7040 1.960233
7041 5.506625
7047 2.426679
7059 1.835294
7061 1.913251
7062 1.375730
7069 3.850942
7078 4.272648
7111 6.987185
7122 1.677686
7123 1.164353
7125 1.416165
7126 0.769901
7143 2.766428
7153 2.340444
7179 23.105649
7217 0.796376
7245 12.157656
7264 3.282948
7269 3.039414
7274 4.170343
7287 2.085172
7308 1.562293
7325 1.376656
7334 4.977609
7385 6.159209
7387 1.261263
7388 4.644157
7389 2.853261
7404 3.376801
7411 1.786572
7430 1.738384
7457 2.562293
7460 10.892157
7461 2.194316
7473 3.039414
7476 3.039414
7485 7.042642
7487 5.994064
7490 2.811891
7498 19.550684
7509 1.893286
7515 5.623783
7523 1.717195
7528 3.659611
7530 7.984171
7532 1.261263
7578 2.562293
7581 3.039414
7583 4.977609
7585 4.522526
7586 3.039414
7589 2.522526
7635 9.869445
7641 0.646717
7643 0.942504
7655 3.688571
7685 3.476768
7694 2.330889
7704 5.704626
7707 8.530290
7709 4.077472
7715 1.233234
7730 1.659203
7758 5.964547
7760 0.666502
7761 1.200565
7775 2.680888
7788 9.013597
7794 2.896699
7834 6.078828
7836 6.078828
7855 2.966223
7859 12.358499
7861 4.878940
7864 1.170182
7867 2.990692
7872 1.416165
7873 3.434390
7874 3.827958
7876 4.644157
7881 1.548052
7883 1.925471
7892 1.760661
7896 8.624125
7904 1.275986
7915 13.569126
7918 1.548052
7925 1.520900
7929 3.041800
7931 18.251232
7936 1.331844
7939 6.497763
7947 3.184512
7960 2.437354
7966 6.432201
7971 1.520900
7974 1.562293
7978 2.199790
7980 2.738384
7985 1.863323
7989 4.192752
7994 2.437354
8007 3.352068
8016 0.939044
8027 5.432692
8030 1.696991
8046 4.879481
8048 1.188156
8083 15.642759
8086 2.562293
8087 1.158601
8089 1.893286
8098 1.247022
8111 8.280742
8112 29.248250
8120 2.085172
8143 2.738384
8146 1.624441
8150 3.299685
8192 1.925471
8203 1.863323
8227 0.816698
8229 2.085172
8234 3.827958
8237 2.340365
8240 1.534264
8241 10.182248
8245 9.354727
8246 2.738384
8259 3.393983
8271 0.925471
8272 4.420390
8281 1.367316
8292 3.361008
8294 0.925471
8332 1.483112
8334 9.636594
8351 1.233234
8352 0.854723
8353 1.548052
8354 4.874708
8359 1.893286
8382 5.197071
8383 2.853261
8387 0.854723
8394 1.233234
8410 1.307020
8412 1.608050
8419 1.141787
8444 1.608050
8455 0.872539
8457 5.971580
8463 1.920466
8478 3.920466
8487 1.548052
8488 3.726646
8489 2.990692
8494 10.329809
8498 1.340444
8499 1.592752
8508 2.567079
8511 1.893286
8512 2.625184
8526 2.738384
8527 3.039414
8538 4.680888
8539 1.336693
8550 3.318406
8552 1.331844
8583 1.349218
8591 2.136324
8601 1.760661
8605 32.488901
8619 1.275986
8620 2.194316
8621 3.850618
8658 2.738384
8684 5.074248
8729 1.738384
8761 2.241474
8767 2.819841
8784 4.661021
8785 0.849082
8795 12.811464
8806 4.680888
8810 21.275899
8819 3.897154
8821 2.832330
8826 3.368372
8833 2.738384
8845 1.893286
8874 9.263875
8920 1.090024
8924 1.213339
8930 2.096376
8931 6.925345
8971 5.228081
9008 3.850942
9047 3.319596
9049 12.186771
9051 1.125600
9052 0.843514
9059 2.712422
9065 2.746687
9083 3.786572
9093 3.798036
9095 3.582948
9097 0.939044
9099 6.575691
9102 2.738384
9104 0.893286
9106 1.696991
9107 1.291226
9115 4.419663
9116 1.182082
9130 3.837863
9137 1.448350
9138 1.347852
9142 1.520900
9143 2.136324
9153 6.408972
9171 1.592256
9174 3.039414
9184 3.216101
9186 3.039414
9189 1.448350
9229 3.039414
9235 2.340444
9238 1.738384
9255 1.405946
9270 1.075626
9280 1.158601
9299 2.261263
9320 2.437354
9328 2.746687
9351 1.367316
9355 1.760661
9357 1.376656
9366 13.404441
9374 4.680888
9379 1.471212
9381 18.009604
9461 0.721351
9520 1.520900
9522 6.031741
9537 1.760661
9538 1.052642
9543 1.863323
9551 1.893286
9552 2.261263
9554 6.408972
9557 10.181949
9560 4.170343
9568 3.198859
9579 1.315138
9587 1.291226
9602 1.577016
9618 1.920466
9623 4.970456
9625 1.299051
9628 2.437354
9641 2.261263
9642 1.283539
9643 2.340365
9655 2.340444
9662 1.677686
9672 1.893286
9678 6.078828
9691 2.562293
9703 2.738384
9718 1.405946
9729 1.349218
9738 2.738384
9747 5.675955
9748 1.784142
9761 4.176471
9767 7.655560
9770 3.067142
9777 1.784142
9779 9.361776
9783 1.738305
9811 1.818161
9838 3.039414
9865 3.185504
9872 1.141787
9882 3.039414
9893 7.136566
9895 3.476768
9900 3.786572
9904 7.136566
9933 15.058768
9934 1.808965
9935 4.078828
9937 13.043260
9943 3.521321
9971 7.241748
9982 2.437354
9998 1.534264
9999 2.388632
10015 3.198859
10058 19.406235
10067 23.419171
10076 2.562293
10077 1.323411
10151 2.136324
10158 2.738384
10163 3.568283
10185 0.932204
10195 6.770316
10248 1.835294
10249 2.891601
10276 0.808965
10279 6.035942
10303 1.784142
10304 4.924422
10309 3.976365
10318 1.592256
10327 2.832330
10337 19.110429
10352 0.971228
10378 74.489321
10396 16.225732
10401 2.044762
10403 1.376656
10412 3.617930
10415 1.659203
10417 2.340444
10433 2.105285
10447 9.749417
10459 2.738384
10475 1.079454
10487 0.596934
10489 9.801164
10507 4.089523
10509 3.524802
10510 6.868779
10530 1.164353
10537 3.068528
10538 3.039414
10539 2.738384
10548 0.994091
10556 3.546245
10561 1.358173
10565 5.361776
10604 2.896699
10613 4.272648
10619 6.875298
10628 1.960233
10635 5.033059
10644 3.726646
10646 23.053447
10651 2.466468
10657 2.562293
10661 1.507935
10664 2.340444
10667 1.624441
10701 0.786561
10711 1.268562
10715 1.416165
10733 2.562293
10735 3.096105
10775 2.437354
10779 1.608050
10818 7.794309
10856 1.925471
10857 2.437354
10867 3.617930
10887 3.805686
10889 2.562293
10890 8.842274
10892 3.679502
10896 3.039414
10901 1.893286
10925 2.136324
11063 10.303169
11064 2.136324
11121 10.801466
11130 3.568283
11146 16.277574
11150 1.022381
11151 1.893286
11152 1.786572
11153 1.437354
11162 12.540843
11193 1.548052
11194 4.056433
11203 1.641474
11215 1.808965
11233 6.379931
11238 1.495346
11256 3.117371
11287 2.087558
11291 6.078828
11295 1.213339
11300 4.522526
11306 15.318290
11320 1.001988
11324 1.835294
11332 2.145395
11335 2.087558
11340 1.972671
11355 1.592256
11358 4.272648
11362 4.657411
11366 1.367316
11376 1.856905
11386 4.047654
11430 3.039414
11442 2.194316
11443 0.945992
11458 2.564168
11475 1.459631
11480 5.281982
11498 3.039414
11501 3.762253
11502 1.014108
11503 0.884078
11505 2.853261
11523 8.613678
11532 31.297166
11536 1.323411
11539 1.592256
11543 1.261263
11546 3.039414
11547 1.039414
11568 9.444526
11599 11.552825
11600 2.815081
11630 1.863323
11637 0.928824
11671 1.592256
