53

665 0.632874
787 2.194316
865 1.577016
913 1.039414
1188 1.998021
2046 1.018225
2073 1.376656
2110 1.784142
2154 0.677686
2344 2.614041
2507 0.380449
2983 1.367316
3203 0.565198
3495 1.170182
3919 2.562293
3952 1.136324
4573 1.087740
5100 0.700958
5141 1.624441
5569 1.026577
6282 3.670588
6436 1.824619
6627 3.425361
6837 1.240074
6874 0.500338
7060 1.864408
7126 0.769901
7460 0.990196
7847 0.932204
7859 0.904280
7864 1.170182
7981 0.925471
8048 2.376312
8455 0.436270
8488 1.863323
8712 2.085172
8713 3.039414
8784 0.932204
8785 2.547247
8826 0.177283
9328 0.915562
9444 1.878087
9770 1.022381
9811 1.818161
9825 4.078828
10195 0.846290
10304 1.641474
10661 1.507935
10919 2.437354
11225 6.078828
11242 1.048188
11566 1.405946
11637 3.715298
