167

26 1.070931
71 0.878046
97 1.818161
108 1.170182
111 5.680692
148 1.120336
153 2.340444
340 1.998021
346 1.519979
455 0.753857
458 1.494316
486 2.791923
487 1.835294
536 0.905875
553 1.568283
630 0.553693
744 3.015870
799 2.085172
917 0.574031
950 3.282948
1106 4.856141
1132 0.632874
1372 2.562293
1462 1.717195
1532 1.558685
1659 1.998021
1807 0.928824
1818 1.307020
1820 1.577016
1859 0.606445
1895 1.495346
1929 1.291226
1940 2.892581
1998 2.340444
2141 1.376656
2335 0.915562
2444 1.577016
2485 2.194316
2507 0.380449
2576 1.709445
2596 1.677686
2633 1.094931
2651 0.784142
2696 2.050165
3168 1.925471
3187 2.136324
3236 0.974956
3492 2.079183
3761 1.188156
3770 1.349218
3780 1.483112
3818 0.704960
3971 1.437354
4359 2.141862
4451 2.634138
4529 1.307020
4538 1.120336
4566 0.827227
4677 1.079454
4722 1.094931
4734 0.619458
4738 0.572546
4747 1.275986
4866 0.945992
4938 4.101949
5025 2.522271
5026 1.240074
5176 2.874708
5177 1.182082
5222 1.641474
5394 0.497835
5491 0.809874
5529 1.293434
5532 0.887126
5678 0.986336
5734 0.562293
5869 1.052642
5900 2.078828
6070 0.742749
6098 2.437354
6283 1.075626
6456 0.806418
6504 1.744194
6506 1.299051
6568 0.723444
6792 1.039172
6806 2.710745
6858 1.130929
6864 0.436270
6960 1.213339
6984 1.738384
7041 1.376656
7062 1.031797
7111 0.499085
7325 4.129969
7478 6.582948
7490 2.811891
7497 0.942504
7528 1.219870
7580 1.254084
7641 0.646717
7745 4.838508
7788 0.530212
7859 0.904280
7887 0.971228
8157 0.939044
8159 4.170343
8272 0.884078
8338 1.906109
8352 0.854723
8355 2.738384
8404 0.522218
8419 1.141787
8455 0.436270
8499 0.796376
8616 1.367316
8728 1.233234
8740 1.659203
8780 1.291226
8826 2.127393
8828 1.835294
8829 1.296958
8879 1.659203
8930 1.048188
9019 2.114286
9052 0.843514
9059 0.542484
9065 0.915562
9242 5.276998
9322 4.977609
9391 1.893286
9461 2.164052
9574 1.696991
9596 1.213339
9614 1.784142
9669 3.098385
9865 0.796376
9942 1.386202
10009 1.784142
10010 1.061691
10125 1.448350
10195 0.846290
10249 0.963867
10251 1.182082
10324 1.696991
10325 1.030814
10326 1.463836
10423 1.397940
10458 1.299051
10502 1.835294
10530 1.164353
10581 1.386202
10651 1.233234
10898 1.459631
11015 1.075626
11025 1.362959
11042 2.261263
11194 1.014108
11195 1.534264
11306 0.589165
11363 2.085172
11376 0.464226
11423 0.816698
11451 0.884078
11523 0.538355
11595 1.893286
11605 1.977609
