92

74 0.072716
97 0.140274
111 0.125221
188 0.086436
268 0.096210
313 0.111743
458 0.057644
630 0.085437
634 0.095146
744 0.116340
917 0.044287
1064 0.110067
1102 0.192420
1106 0.224796
1506 0.086035
1859 0.046788
1940 0.133900
2141 0.106211
2284 0.143758
2455 0.065725
2596 0.129436
2688 0.151235
2696 0.105449
2705 0.143758
2946 0.109259
3014 0.076395
3423 0.071402
3489 0.108471
3492 0.106942
3546 0.075510
3567 0.054858
3611 0.076097
3679 0.116340
3685 0.110894
3761 0.091668
3780 0.114425
3795 0.107701
4063 0.168952
4451 0.067743
4573 0.041960
4614 0.110067
4663 0.068680
4769 0.088950
5025 0.064866
5086 0.117340
5324 0.074932
5491 0.031242
5869 0.081213
6112 0.038699
6283 0.082986
6317 0.108468
6380 0.072716
6504 0.067284
6506 0.100224
6806 0.104569
6984 0.134119
7143 0.071145
7460 0.076395
7497 0.145432
7532 0.097309
7635 0.054389
7745 0.124433
7859 0.023256
7947 0.122845
8016 0.072449
8338 0.073530
8499 0.122883
8605 0.056968
8728 0.095146
8829 0.050031
8931 0.041100
8956 0.083353
9019 0.081560
9059 0.041854
9242 0.232645
9461 0.111307
9767 0.021876
9811 0.070137
9863 0.094115
9872 0.088091
10017 0.071660
10325 0.079529
10326 0.056469
10352 0.074932
10475 0.083282
10487 0.046054
11025 0.052577
11038 0.146070
11150 0.078878
11153 0.110894
11547 0.080193
11605 0.050859
