42

74 0.118744
97 0.114533
313 0.182475
346 0.063833
455 0.094977
458 0.094133
486 0.175875
630 0.139517
665 0.079735
1106 0.122363
1132 0.079735
1807 0.117021
1859 0.076405
1940 0.072886
2576 0.107685
2651 0.098793
2696 0.086099
2946 0.178420
3014 0.124753
3492 0.087317
4663 0.112154
5025 0.105925
5491 0.051017
5743 0.094413
6504 0.109874
6806 0.085380
7062 0.043331
7490 0.177133
7664 0.152056
7859 0.037976
8016 0.118308
8499 0.200668
8826 0.089342
9242 0.094977
9461 0.090882
10017 0.117021
10325 0.129870
10326 0.092213
10423 0.088062
10517 0.179739
10635 0.211369
11025 0.085858
