74

74 0.074050
97 0.142848
268 0.097975
313 0.113793
346 0.039807
455 0.059229
458 0.058702
486 0.109677
630 0.174009
665 0.049723
831 0.064371
1106 0.076307
1132 0.049723
1807 0.072975
1859 0.095294
1940 0.045453
2185 0.092873
2284 0.146396
2576 0.067153
2651 0.123216
2688 0.154010
2696 0.053692
2705 0.146396
2881 0.127628
2946 0.111264
3014 0.077797
3492 0.054452
3546 0.076895
3611 0.077494
4562 0.123902
4663 0.069940
4738 0.044984
5025 0.066056
5086 0.119493
5135 0.046654
5491 0.031815
5743 0.058877
6346 0.109677
6380 0.074050
6421 0.046410
6504 0.068518
6506 0.102063
6806 0.106488
7062 0.027022
7143 0.072450
7460 0.077797
7490 0.110462
7497 0.074050
7664 0.189647
7745 0.063358
7812 0.118475
7859 0.047365
7947 0.125099
8016 0.147556
8352 0.067153
8455 0.034277
8499 0.187708
8821 0.111264
8826 0.083572
9059 0.042622
9242 0.118457
9461 0.056675
9767 0.044554
10017 0.072975
10325 0.080988
10326 0.057505
10423 0.054916
10487 0.046900
10517 0.112087
10635 0.131811
11025 0.053542
11038 0.148751
11423 0.064166
11605 0.103584
