213

26 0.035193
74 0.061945
97 0.119497
108 0.038455
111 0.026668
148 0.073633
179 0.041688
188 0.036817
259 0.044933
268 0.040980
313 0.047596
318 0.027097
320 0.057127
346 0.016650
403 0.070204
416 0.063275
417 0.061233
455 0.024773
458 0.024553
486 0.045874
487 0.241246
586 0.024553
630 0.072782
665 0.020798
791 0.118984
799 0.068523
950 0.107884
1042 0.061233
1085 0.137046
1132 0.041595
1275 0.042432
1278 0.041688
1307 0.060312
1444 0.047966
1451 0.053942
1555 0.055767
1561 0.061233
1592 0.036817
1605 0.029355
1659 0.065659
1789 0.050419
1859 0.159432
1940 0.019011
2033 0.102680
2046 0.033461
2053 0.101744
2057 0.163574
2076 0.047596
2137 0.057127
2244 0.046202
2284 0.061233
2294 0.057859
2343 0.062217
2344 0.042951
2364 0.268077
2473 0.033735
2518 0.054194
2576 0.028088
2651 0.025768
2657 0.179978
2688 0.064417
2696 0.044915
2705 0.061233
2744 0.070204
2881 0.053382
2946 0.046538
3014 0.032540
3035 0.059446
3095 0.019412
3134 0.053942
3187 0.070204
3367 0.058631
3369 0.137046
3492 0.068326
3521 0.041212
3524 0.067019
3535 0.033059
3546 0.032163
3611 0.032413
3626 0.031795
3818 0.023166
4046 0.063275
4076 0.060312
4148 0.032163
4269 0.089989
4568 0.053382
4624 0.041688
4663 0.029254
4677 0.017737
4734 0.020357
4738 0.018815
4816 0.074310
4866 0.093262
4943 0.018815
5025 0.027629
5060 0.060312
5086 0.049980
5135 0.039028
5176 0.330641
5177 0.038846
5396 0.076912
5491 0.053228
5496 0.032163
5529 0.021252
5536 0.063275
5689 0.027539
5693 0.041448
5734 0.018478
5740 0.041688
5743 0.024626
5753 0.021368
5792 0.032039
5821 0.030195
5920 0.040527
5947 0.081959
6023 0.046538
6112 0.016483
6211 0.040305
6331 0.059446
6380 0.061945
6456 0.053001
6504 0.057318
6506 0.042689
6535 0.158531
6616 0.059121
6708 0.043490
6792 0.051224
6806 0.022270
6864 0.014337
7041 0.045240
7047 0.039873
7111 0.032802
7185 0.074310
7325 0.316678
7460 0.097620
7490 0.046202
7497 0.030973
7498 0.011681
7704 0.046866
7745 0.026501
7760 0.043805
7788 0.034848
7859 0.079244
7874 0.041932
7887 0.063833
7920 0.068315
7947 0.052325
7978 0.036145
8162 0.240289
8227 0.053677
8338 0.093958
8352 0.028088
8483 0.134039
8499 0.026171
8508 0.042180
8522 0.103648
8539 0.043926
8663 0.063275
8711 0.049980
8826 0.069910
8829 0.021310
8879 0.109050
9052 0.027720
9059 0.071309
9095 0.039248
9242 0.074320
9279 0.044933
9381 0.036990
9461 0.023705
9538 0.172960
9667 0.038074
9669 0.025455
9767 0.009318
9774 0.031437
9865 0.026171
9926 0.054525
9937 0.061233
10010 0.034889
10017 0.030523
10195 0.055622
10228 0.039873
10249 0.031675
10275 0.038846
10276 0.026584
10325 0.033875
10326 0.048105
10378 0.022458
10423 0.045939
10475 0.035473
10487 0.019616
10505 0.049554
10517 0.046882
10548 0.065336
10588 0.084202
10619 0.034759
10717 0.074310
10735 0.050872
10818 0.085379
10822 0.153824
10865 0.064417
11015 0.035347
11025 0.022395
11038 0.062217
11121 0.019720
11194 0.199954
11332 0.023501
11373 0.067019
11376 0.015255
11396 0.092918
11423 0.026838
11443 0.031087
11595 0.124434
11605 0.021663
