119

74 0.942504
97 3.636321
148 1.120336
179 1.268562
259 1.367316
320 1.738384
346 0.506660
403 2.136324
455 0.753857
458 0.747158
486 1.395961
487 1.835294
630 1.107385
791 1.206905
950 1.641474
1085 4.170343
1132 0.632874
1278 1.268562
1444 1.459631
1451 1.641474
1555 1.696991
1605 0.893286
1859 3.032224
2033 1.562293
2057 4.977609
2076 1.448350
2137 1.738384
2284 1.863323
2344 1.307020
2518 0.824570
2576 0.854723
2651 0.784142
2688 1.960233
2696 0.683388
2705 1.863323
2744 2.136324
2946 1.416165
3014 0.990196
3521 1.254084
3546 0.978716
3626 0.967532
4046 1.925471
4663 0.890195
4738 0.572546
4816 2.261263
4866 2.837977
5025 0.840757
5086 1.520900
5176 4.312062
5177 1.182082
5396 2.340444
5491 0.809874
5693 1.261263
5743 0.749380
5753 0.650248
5920 1.233234
5947 1.247022
6023 1.416165
6331 1.808965
6380 1.885008
6504 0.872097
6506 1.299051
6535 3.216101
6708 1.323411
6792 0.519586
6806 0.677686
6864 0.436270
7047 1.213339
7111 0.499085
7185 2.261263
7325 5.506625
7460 2.970588
7490 1.405946
7498 0.355467
7704 0.713078
7760 0.666502
7859 1.507134
7920 2.078828
7947 1.592256
8162 4.874708
8338 0.953054
8483 2.039414
8499 0.796376
8508 1.283539
8522 1.577016
8539 0.668346
8663 1.925471
8711 1.520900
8826 1.063696
8879 1.659203
9052 0.843514
9059 1.084969
9242 0.753857
9538 3.157927
9667 1.158601
9767 0.283539
9774 0.956629
9865 0.796376
9937 1.863323
10010 1.061691
10017 0.928824
10276 0.808965
10325 1.030814
10423 1.397940
10475 1.079454
10517 1.426630
10548 0.994091
10735 1.548052
10818 1.299051
10822 4.680888
10865 1.960233
11015 1.075626
11038 1.893286
11121 0.600081
11194 5.070541
11376 0.464226
11396 0.942504
11423 0.816698
11595 1.893286
