329

8 0.057000
26 0.022292
71 0.036554
74 0.019618
97 0.056768
108 0.024358
109 0.025670
111 0.118245
148 0.023320
153 0.048717
157 0.028271
188 0.046640
206 0.038786
226 0.041589
259 0.085383
268 0.051914
282 0.029057
313 0.090443
346 0.021093
423 0.025812
447 0.025122
455 0.015692
458 0.046657
485 0.049464
486 0.029057
527 0.057000
531 0.019126
536 0.018856
538 0.037654
553 0.032644
586 0.015552
598 0.034537
629 0.038786
630 0.103727
637 0.026560
665 0.013173
671 0.037137
696 0.043403
744 0.062776
831 0.017054
857 0.024117
917 0.011949
950 0.068335
992 0.024117
1102 0.025957
1106 0.202164
1132 0.039520
1284 0.022488
1336 0.033472
1364 0.031658
1372 0.053335
1462 0.035744
1506 0.023212
1532 0.032444
1555 0.035323
1633 0.027040
1807 0.019334
1818 0.027206
1820 0.032826
1831 0.015977
1859 0.037870
1895 0.031126
1929 0.026877
1940 0.120420
1981 0.019475
1986 0.023430
1991 0.022195
1995 0.023767
1998 0.048717
2058 0.018724
2064 0.025122
2071 0.020216
2116 0.033143
2140 0.030383
2141 0.057311
2185 0.049211
2259 0.008880
2284 0.038786
2294 0.109946
2307 0.043403
2335 0.038115
2444 0.032826
2485 0.045675
2490 0.057000
2507 0.015838
2518 0.017164
2543 0.023767
2550 0.016681
2554 0.028271
2576 0.035583
2596 0.034921
2633 0.022791
2651 0.065288
2658 0.035323
2688 0.040803
2696 0.071125
2705 0.038786
2731 0.040803
2762 0.009784
2851 0.024358
2881 0.067626
2946 0.058956
2954 0.019475
2996 0.027902
3014 0.020611
3095 0.012296
3116 0.063266
3122 0.015929
3168 0.040079
3236 0.040588
3423 0.019264
3482 0.040279
3492 0.115410
3546 0.020372
3568 0.037654
3611 0.061593
3627 0.052208
3633 0.025392
3638 0.040079
3761 0.024732
3780 0.061743
3818 0.029348
3879 0.057000
3943 0.033143
3971 0.059838
4042 0.047069
4091 0.014426
4148 0.020372
4179 0.030871
4215 0.010389
4344 0.039409
4359 0.089167
4451 0.018277
4458 0.021727
4529 0.027206
4562 0.032826
4566 0.017219
4573 0.011321
4595 0.063266
4613 0.018790
4663 0.018530
4677 0.011235
4701 0.026560
4722 0.045583
4729 0.099960
4734 0.012894
4738 0.023835
4747 0.026560
4938 0.056922
4943 0.011918
5025 0.087503
5050 0.019691
5059 0.033813
5086 0.031658
5135 0.037081
5177 0.024605
5178 0.017331
5201 0.057000
5222 0.034168
5234 0.038202
5298 0.057000
5320 0.018923
5382 0.029696
5394 0.010363
5395 0.021546
5457 0.030148
5479 0.044468
5491 0.025287
5496 0.020372
5678 0.020531
5685 0.063266
5743 0.015599
5758 0.025392
5851 0.017616
5857 0.023320
5869 0.021911
5900 0.043271
5953 0.040079
6023 0.029478
6070 0.015461
6097 0.022791
6098 0.050734
6112 0.010441
6162 0.030148
6227 0.024117
6279 0.042451
6283 0.022389
6317 0.014632
6346 0.029057
6380 0.039237
6421 0.024591
6504 0.036306
6506 0.054080
6539 0.050734
6547 0.034921
6568 0.015059
6601 0.031126
6792 0.021631
6806 0.098744
6813 0.016372
6815 0.063266
6858 0.023541
6874 0.010415
6960 0.025256
6962 0.024990
6984 0.036185
7062 0.057272
7111 0.010389
7118 0.012724
7120 0.034661
7143 0.019195
7175 0.063266
7255 0.034168
7325 0.028655
7404 0.023430
7460 0.020611
7478 0.182701
7490 0.029265
7497 0.058855
7498 0.014798
7528 0.050784
7532 0.026254
7592 0.042451
7641 0.026923
7664 0.050244
7707 0.022195
7745 0.100715
7760 0.013873
7788 0.011036
7812 0.031388
7855 0.030871
7859 0.025097
7876 0.032223
7947 0.033143
8016 0.039093
8150 0.022895
8157 0.019546
8159 0.086807
8272 0.018402
8338 0.059514
8352 0.071165
8404 0.010870
8427 0.042451
8455 0.054486
8499 0.082884
8512 0.018215
8534 0.038202
8616 0.028461
8638 0.045675
8662 0.024732
8702 0.027547
8728 0.025670
8740 0.034537
8821 0.029478
8826 0.095945
8828 0.038202
8829 0.026997
8846 0.030383
8879 0.034537
8920 0.045378
8930 0.021818
8956 0.067465
9019 0.022005
9052 0.035116
9059 0.033876
9065 0.019058
9093 0.019764
9095 0.024860
9104 0.018594
9132 0.015235
9138 0.014028
9156 0.048717
9197 0.031658
9242 0.203993
9322 0.034537
9391 0.039409
9461 0.105106
9574 0.035323
9614 0.037137
9623 0.020692
9669 0.048370
9747 0.019691
9767 0.029510
9774 0.019912
9796 0.033143
9865 0.033154
10009 0.037137
10017 0.019334
10096 0.030871
10125 0.030148
10185 0.019404
10195 0.017616
10222 0.030624
10249 0.040126
10276 0.016839
10324 0.035323
10325 0.042913
10326 0.060940
10352 0.020216
10396 0.021109
10401 0.021281
10423 0.029099
10487 0.012425
10501 0.030624
10502 0.038202
10517 0.029696
10547 0.035744
10635 0.034921
10658 0.025812
10877 0.038786
10890 0.009687
10898 0.030383
11015 0.022389
11025 0.042556
11038 0.039409
11042 0.047069
11078 0.043403
11195 0.031936
11210 0.017674
11321 0.047069
11362 0.024236
11363 0.043403
11423 0.034000
11451 0.036805
11462 0.029265
11523 0.011206
11532 0.013572
11534 0.035323
11605 0.096050
