35

111 0.131647
346 0.082191
630 0.089821
791 0.195786
1555 0.275288
2248 0.185222
2343 0.307132
2507 0.061717
2530 0.116344
2696 0.110860
3492 0.112429
3573 0.127992
4310 0.165852
5176 0.233170
5177 0.191759
6021 0.493058
6380 0.152894
7704 0.115677
7745 0.130818
8140 0.317992
8489 0.242577
9538 0.170761
9774 0.155186
9919 0.180065
9957 0.233170
10006 0.282003
10326 0.118733
10507 0.165852
10562 0.302271
10851 0.338260
11194 0.329020
11396 0.152894
11543 0.204604
11605 0.106937
11661 0.366825
