136

26 2.141862
97 1.818161
111 0.811527
268 1.247022
318 0.824570
508 2.323789
630 2.768463
634 1.233234
897 0.860437
1038 2.437354
1053 1.001988
1106 1.942457
1317 2.562293
1360 2.194316
1555 1.696991
1872 0.638014
1940 2.892581
2046 1.018225
2084 0.990196
2115 0.922143
2335 1.831125
2372 1.835294
2518 2.473711
2530 0.717195
2552 1.043779
2687 1.448350
2696 1.366777
2762 0.470040
2881 1.624441
3304 1.608050
3419 1.738384
3423 0.925471
3431 2.136324
3440 2.340444
3492 0.693061
3573 0.788994
3681 1.158601
3683 1.070931
3818 0.704960
3971 1.437354
4041 1.835294
4056 2.437354
4359 1.070931
4458 2.087558
4562 1.577016
4573 1.087740
4613 0.902694
4638 1.998021
4645 1.061691
4764 1.152923
5008 1.893286
5297 3.995532
5693 2.522526
5851 0.846290
5892 1.340444
6283 1.075626
6317 0.702954
6380 0.942504
6405 3.039414
6406 1.893286
6504 1.744194
6505 1.323411
6542 1.659203
6601 1.495346
6806 4.066118
6812 1.226501
6828 0.717195
6864 0.436270
6962 1.200565
7061 0.478313
7062 0.687865
7064 1.998021
7120 0.832588
7143 0.922143
7212 3.434390
7404 1.125600
7497 0.942504
7511 1.592256
7528 1.219870
7597 2.136324
7788 0.530212
7809 1.738384
7826 1.299051
7847 0.932204
7867 1.495346
7881 1.548052
7989 1.048188
8016 0.939044
8027 1.358173
8245 1.039414
8338 0.953054
8455 0.436270
8499 0.796376
8539 0.668346
8571 3.039414
8619 1.275986
8729 1.738384
8780 1.291226
8924 1.213339
8931 0.266359
9037 2.340444
9059 0.542484
9101 2.437354
9242 5.276998
9379 1.471212
9434 2.562293
9461 1.442702
9492 2.085172
9767 0.283539
9794 2.261263
9865 0.796376
10007 1.808965
10047 2.738384
10067 1.018225
10086 1.075626
10096 1.483112
10195 0.846290
10249 0.963867
10251 1.182082
10325 2.061628
10326 1.463836
10352 0.971228
10378 0.683388
10401 1.022381
10433 1.052642
10491 1.147320
10507 3.067142
10591 1.200565
11025 1.362959
11165 1.677686
11306 0.589165
11320 1.001988
11340 0.986336
11543 1.261263
11547 1.039414
11605 1.318406
