309

22 0.031596
79 0.018990
83 0.031880
99 0.022447
103 0.100485
109 0.025396
161 0.046567
204 0.027083
284 0.062592
304 0.068262
404 0.022457
426 0.062592
441 0.082292
455 0.015524
457 0.021864
458 0.015387
508 0.015952
630 0.022805
636 0.083997
763 0.033804
865 0.032476
895 0.017428
897 0.017719
913 0.149836
1039 0.048198
1044 0.026591
1074 0.069215
1132 0.026066
1251 0.029600
1269 0.019338
1296 0.020078
1466 0.037442
1487 0.017258
1506 0.022964
1535 0.125184
1617 0.026591
1649 0.036288
1687 0.043994
1797 0.028952
1798 0.024220
1859 0.024978
1899 0.031880
1902 0.020884
1951 0.048198
1959 0.062592
1981 0.019267
1997 0.030542
2003 0.035799
2042 0.027785
2073 0.028350
2076 0.029826
2126 0.041998
2140 0.030059
2154 0.013956
2165 0.049978
2171 0.036742
2244 0.028953
2249 0.036258
2259 0.026357
2264 0.029600
2267 0.025680
2279 0.036258
2339 0.023627
2344 0.053832
2348 0.039400
2366 0.035363
2435 0.038989
2507 0.015669
2550 0.082514
2552 0.021495
2572 0.018206
2585 0.030297
2618 0.071934
2627 0.015759
2633 0.045097
2762 0.029039
2898 0.042941
2906 0.037795
2918 0.042941
2954 0.057802
2996 0.027604
3095 0.024329
3136 0.029600
3203 0.069836
3205 0.029164
3243 0.020634
3401 0.027604
3423 0.019059
3437 0.029600
3473 0.015807
3487 0.050193
3535 0.020717
3539 0.034549
3555 0.043994
3573 0.016248
3613 0.020717
3626 0.039850
3681 0.023860
3841 0.029477
3927 0.034947
4091 0.014272
4157 0.074505
4211 0.037575
4314 0.052766
4331 0.070726
4520 0.015029
4537 0.160010
4538 0.092286
4573 0.022400
4613 0.018590
4644 0.032173
4663 0.018332
4708 0.014192
4738 0.011791
4781 0.052766
4901 0.055769
4943 0.011791
4966 0.049709
4987 0.032790
5053 0.022249
5085 0.038372
5115 0.045188
5270 0.057495
5324 0.020001
5363 0.025537
5468 0.024595
5496 0.080620
5529 0.013318
5562 0.028158
5569 0.253689
5693 0.025974
5723 0.034169
5734 0.023159
5735 0.031054
5743 0.015432
5753 0.013391
5797 0.021958
5799 0.112785
5833 0.010278
5851 0.052284
5867 0.037253
5926 0.043183
5945 0.023513
6060 0.020001
6070 0.015296
6071 0.025514
6112 0.010330
6281 0.024854
6282 0.037795
6289 0.052766
6291 0.016607
6308 0.030865
6436 0.394539
6449 0.107398
6559 0.061658
6570 0.020553
6616 0.018524
6627 0.235133
6688 0.042941
6792 0.021400
6796 0.112631
6828 0.044308
6846 0.125995
6878 0.026277
6909 0.015387
7025 0.062592
7060 0.038395
7111 0.030834
7123 0.047956
7126 0.063420
7143 0.018990
7150 0.020155
7162 0.037253
7388 0.031880
7411 0.018396
7460 0.061175
7498 0.007320
7521 0.038372
7529 0.041998
7534 0.033115
7580 0.025826
7651 0.041146
7656 0.027083
7689 0.052766
7701 0.050193
7704 0.029369
7707 0.021958
7760 0.013726
7775 0.027604
7788 0.043675
7847 0.019197
7855 0.030542
7859 0.080696
7861 0.028707
7864 0.048196
7878 0.038372
7895 0.038372
7926 0.077978
7974 0.032173
7981 0.019059
7987 0.028350
7995 0.037795
8007 0.017258
8029 0.093134
8048 0.146809
8083 0.014643
8098 0.025680
8104 0.028547
8143 0.056393
8167 0.062592
8245 0.021405
8271 0.019059
8281 0.112631
8351 0.076189
8352 0.017602
8455 0.008984
8462 0.025258
8467 0.032476
8487 0.031880
8489 0.030794
8498 0.027604
8512 0.018020
8605 0.015206
8621 0.026432
8767 0.029035
8784 0.211170
8785 0.052456
8819 0.026752
8826 0.018254
8931 0.005485
9047 0.068362
9059 0.011172
9065 0.037709
9083 0.038989
9114 0.027785
9115 0.113770
9116 0.073029
9132 0.015073
9307 0.062592
9329 0.031054
9333 0.029379
9381 0.023180
9444 0.019338
9577 0.050193
9579 0.270832
9602 0.032476
9618 0.019774
9634 0.025680
9667 0.023860
9729 0.027785
9747 0.058444
9767 0.023356
9770 0.063163
9811 0.056163
9863 0.025121
9865 0.016400
9903 0.016349
9919 0.068576
9944 0.024343
10015 0.021958
10058 0.062444
10185 0.038395
10276 0.016659
10279 0.020717
10359 0.045188
10378 0.028147
10401 0.021054
10433 0.043355
10475 0.077804
10509 0.014518
10558 0.057093
10559 0.034169
10589 0.027083
10592 0.039652
10619 0.021782
10621 0.023180
10651 0.025396
10707 0.062592
10711 0.026124
10933 0.074505
11097 0.042941
11121 0.074146
11194 0.041768
11210 0.017485
11228 0.047027
11242 0.043172
11256 0.032099
11287 0.021495
11295 0.024987
11306 0.097063
11332 0.044181
11362 0.023978
11377 0.025258
11382 0.038989
11396 0.058228
11397 0.060233
11402 0.046567
11413 0.052766
11423 0.016819
11503 0.018206
11505 0.058758
11521 0.022151
11523 0.011087
11526 0.018332
11532 0.093992
11600 0.021740
11636 0.023978
11637 0.095638
11671 0.032790
