142

74 0.942504
97 1.818161
166 1.376656
175 1.226501
194 2.170331
268 1.247022
287 2.340444
318 0.824570
392 3.786572
398 1.376656
404 0.545260
439 2.437354
458 0.747158
592 1.717195
630 2.214771
822 1.495346
831 0.819306
1007 2.199790
1064 1.426630
1126 2.562293
1132 1.898622
1542 0.814105
1596 1.677686
1617 2.582452
1887 1.608050
1940 0.578516
2054 1.459631
2062 1.331844
2259 0.426630
2284 1.863323
2348 0.956629
2390 2.085172
2473 2.053154
2507 0.380449
2688 1.960233
2697 1.608050
2762 0.470040
3185 1.624441
3186 1.548052
3236 0.974956
3423 1.850942
3482 0.967532
3492 0.693061
3567 0.711035
3852 1.717195
3930 1.893286
4196 0.734063
4215 0.499085
4315 0.756113
4421 2.085172
4451 0.878046
4602 2.437354
4663 0.890195
4708 0.689166
4738 0.572546
4786 1.998021
4834 1.057143
5012 0.827227
5050 0.945992
5081 3.092442
5135 1.187620
5143 0.902694
5168 2.426679
5176 1.437354
5177 1.182082
5294 3.476768
5307 1.030814
5325 1.548052
5485 1.548052
5491 0.404937
5529 0.646717
5624 2.199790
5632 1.835294
5747 3.920466
5869 1.052642
5920 1.233234
5926 0.698970
5931 1.677686
6119 1.863323
6162 1.448350
6354 1.863323
6380 0.942504
6523 4.388632
6587 0.622774
6639 1.760661
6792 0.519586
6812 3.679502
6874 1.000676
7062 2.407527
7111 0.499085
7120 0.832588
7165 1.115135
7255 1.641474
7324 1.998021
7635 0.704960
7641 1.293434
7745 0.806418
7760 0.666502
7859 0.602854
7928 1.863323
8016 0.939044
8083 0.711035
8272 0.884078
8338 0.953054
8470 1.152923
8499 2.389128
8512 0.875061
8522 3.154032
8645 1.960233
8706 2.039414
8811 2.437354
8931 1.598157
8956 1.080373
8959 1.136324
9047 0.829899
9104 0.893286
9279 1.367316
9391 1.893286
9538 1.052642
9625 1.299051
9957 1.437354
10017 0.928824
10092 1.774252
10279 1.005990
10325 3.092442
10326 4.391508
10475 0.539727
10507 2.044762
10543 1.960233
10555 1.367316
10566 1.893286
10635 1.677686
11121 0.600081
11194 1.014108
11210 0.849082
11320 1.001988
11332 0.715132
11335 1.043779
11376 0.464226
11423 0.816698
11600 1.055655
11605 3.296014
