263

26 1.070931
74 0.942504
186 0.971228
218 3.216101
268 1.247022
308 0.915562
315 2.738384
420 1.784142
427 2.738384
441 1.998021
580 2.738384
598 1.659203
630 2.214771
689 1.268562
693 1.624441
697 0.819306
831 8.193060
854 3.039414
895 0.846290
897 0.860437
990 1.340444
1157 1.315138
1183 3.039414
1185 1.893286
1260 3.039414
1269 0.939044
1345 2.562293
1362 6.078828
1499 2.105285
1506 1.115135
1507 1.358173
1518 3.039414
1531 3.039414
1533 1.738384
1555 3.393983
1567 7.686879
1573 1.784142
1592 1.120336
1605 1.786572
1643 1.043779
1725 1.200565
1764 1.608050
1872 0.638014
1903 2.039414
1940 3.471098
2000 5.918014
2024 1.022381
2154 0.677686
2181 1.738384
2247 2.738384
2267 1.247022
2335 2.746687
2507 0.760899
2524 1.048188
2532 1.226501
2562 2.085172
2654 3.039414
2658 3.393983
2664 2.562293
2696 1.366777
2763 0.756113
2805 1.437354
2806 1.035093
2946 1.416165
3048 1.254084
3102 4.824151
3241 1.738384
3259 4.170343
3419 1.738384
3445 1.677686
3480 1.376656
3499 1.507935
3507 1.738384
3518 3.039414
3567 6.399311
3613 1.005990
3691 0.742749
3717 1.998021
3735 1.483112
3761 1.188156
3952 2.272648
3956 1.717195
4192 3.039414
4197 2.340444
4221 2.261263
4333 1.136324
4413 1.005990
4428 6.078828
4462 1.141787
4485 2.340444
4562 1.577016
4573 0.543870
4613 0.902694
4677 0.539727
4678 2.261263
4701 1.275986
4734 0.619458
4750 2.437354
4763 1.893286
4796 2.364163
4817 2.738384
4834 1.057143
4859 1.592256
5063 1.863323
5074 1.998021
5307 1.030814
5320 0.909080
5394 0.995670
5491 0.404937
5495 2.738384
5529 1.940151
5678 1.972671
5734 0.562293
5794 2.738384
5797 1.066286
5809 2.136324
5833 1.497254
5851 0.846290
5926 0.698970
5938 2.261263
5948 0.863323
5949 1.837680
5964 1.659203
6071 0.619458
6219 1.784142
6308 3.746898
6367 1.405946
6369 2.437354
6380 1.885008
6421 0.590708
6495 2.738384
6505 1.323411
6559 0.998021
6587 1.245547
6616 0.899535
6635 1.233234
6802 1.005990
6806 8.132235
6856 6.078828
6860 1.254084
6864 0.436270
6874 2.001352
6960 1.213339
6984 1.738384
7062 0.687865
7069 1.925471
7082 1.147320
7143 0.922143
7217 1.592752
7228 2.562293
7297 1.534264
7310 1.548052
7374 1.358173
7475 2.562293
7498 1.421868
7518 2.085172
7532 1.261263
7597 2.136324
7694 1.553926
7708 2.562293
7745 1.612836
7761 1.200565
7794 1.448350
7818 1.760661
7847 1.864408
7928 1.863323
7997 3.039414
8089 1.893286
8091 1.925471
8092 3.039414
8157 0.939044
8183 1.405946
8234 2.551972
8381 2.328706
8387 0.854723
8404 0.522218
8412 1.608050
8482 1.043779
8486 2.340444
8499 0.796376
8519 2.738384
8529 1.066286
8621 1.283539
8641 1.254084
8657 2.738384
8706 2.039414
8722 2.437354
8729 1.738384
8808 1.696991
8814 3.039414
8826 1.950110
8829 1.296958
8924 1.213339
8949 1.960233
8989 1.471212
9016 3.039414
9019 4.228572
9033 1.808965
9059 2.169938
9065 0.915562
9130 0.767573
9132 2.927672
9224 1.696991
9242 0.753857
9267 3.039414
9280 1.158601
9328 0.915562
9461 0.721351
9562 0.982509
9568 1.066286
9618 0.960233
9627 2.562293
9654 2.562293
9682 2.194316
9725 1.213339
9767 0.283539
9853 3.039414
9872 1.141787
9903 1.587803
9911 3.996043
9994 1.998021
10085 1.039414
10144 3.039414
10165 3.039414
10200 1.863323
10318 1.592256
10326 0.731918
10378 0.683388
10386 7.312062
10401 1.022381
10423 0.698970
10441 9.749417
10541 1.386202
10548 0.994091
10555 2.734633
10561 4.074519
10640 2.738384
10658 1.240074
10664 2.340444
10701 0.786561
10711 1.268562
10735 1.548052
10770 1.960233
10772 2.261263
11003 2.874708
11065 3.434390
11121 1.200163
11139 1.426630
11165 1.677686
11210 0.849082
11211 4.522526
11252 1.592256
11287 5.218895
11313 3.039414
11376 0.464226
11377 1.226501
11443 0.945992
11491 8.215152
11521 3.226879
11532 0.652024
11536 1.323411
11599 1.925471
11625 1.104916
