76

26 0.092514
97 0.078533
268 0.107726
346 0.043769
455 0.065123
458 0.064545
553 0.067740
599 0.100088
602 0.252186
630 0.191327
1053 0.086559
1106 0.083901
1627 0.525131
1818 0.112909
1859 0.052389
1929 0.111545
1940 0.149929
2154 0.058543
2507 0.032866
2518 0.071232
2576 0.073837
2651 0.067740
2696 0.059036
2996 0.115797
3492 0.059871
3611 0.085206
3841 0.123651
4164 0.195343
4458 0.090169
4562 0.136233
4738 0.049460
4866 0.081721
4919 0.210555
5025 0.072630
5135 0.051297
5176 0.124168
5394 0.086013
5753 0.056173
5851 0.073108
6317 0.060726
6380 0.081420
6601 0.129178
6874 0.043223
6998 0.360263
7062 0.029711
7325 0.118925
7460 0.085540
7497 0.162840
7512 0.525131
7635 0.060899
7745 0.069664
7859 0.026039
7978 0.095016
8338 0.164663
8352 0.073837
8404 0.045113
8455 0.037688
8489 0.129178
8534 0.158545
8826 0.030630
8829 0.056020
8931 0.023010
9052 0.072869
9461 0.062315
9718 0.121455
9767 0.048988
9865 0.068796
10249 0.083265
10325 0.089049
11025 0.058871
11328 0.099597
11332 0.061778
11418 0.262565
11423 0.070552
11451 0.076373
11605 0.056946
