240

74 0.032139
97 0.123998
98 0.036360
99 0.037170
103 0.041597
111 0.083019
118 0.074826
123 0.099546
127 0.049013
259 0.046625
268 0.042523
313 0.049388
318 0.028118
346 0.017277
404 0.037186
458 0.025478
475 0.046008
476 0.121677
483 0.042764
486 0.047602
531 0.031332
536 0.030890
630 0.132165
632 0.033765
636 0.069543
722 0.083113
822 0.050991
831 0.027938
897 0.029341
920 0.103643
992 0.039508
1053 0.136670
1102 0.042523
1106 0.066237
1132 0.043162
1200 0.207286
1300 0.103643
1487 0.028576
1533 0.059278
1534 0.093378
1572 0.046944
1573 0.060839
1617 0.088061
1816 0.097295
1818 0.044569
1859 0.020680
1902 0.034581
1940 0.118363
1986 0.038383
2053 0.052788
2059 0.063539
2073 0.046944
2169 0.072848
2213 0.063539
2259 0.014548
2284 0.063539
2294 0.180114
2344 0.044569
2455 0.029049
2473 0.035006
2507 0.012973
2638 0.036203
2651 0.053478
2688 0.066843
2696 0.069910
2705 0.063539
2762 0.016028
2769 0.038026
2801 0.040939
2806 0.035296
2881 0.055393
2946 0.048291
3121 0.026739
3144 0.054295
3163 0.062583
3176 0.103643
3177 0.039508
3203 0.019273
3242 0.103643
3397 0.083113
3414 0.037851
3417 0.036679
3482 0.065985
3492 0.141799
3495 0.079806
3535 0.034304
3546 0.033374
3568 0.061685
3573 0.026904
3626 0.065985
3643 0.103643
3815 0.093378
3826 0.047942
3841 0.032539
3979 0.050168
4056 0.083113
4063 0.037337
4110 0.033119
4211 0.031109
4310 0.034863
4359 0.036518
4451 0.029941
4458 0.035593
4573 0.018546
4613 0.092345
4661 0.166226
4663 0.030355
4677 0.018405
4738 0.019524
4770 0.043009
4771 0.052788
4938 0.093250
4943 0.039047
5009 0.046944
5025 0.028670
5084 0.053776
5086 0.051862
5135 0.060746
5143 0.030782
5176 0.049013
5177 0.080617
5320 0.030999
5324 0.033119
5379 0.061685
5394 0.033952
5395 0.035296
5491 0.027616
5529 0.044106
5692 0.025706
5747 0.133687
5892 0.045709
5900 0.035444
6023 0.048291
6031 0.103643
6112 0.017104
6162 0.049388
6165 0.061685
6331 0.061685
6380 0.192835
6506 0.044297
6547 0.057209
6587 0.021236
6806 0.046218
6864 0.029753
6878 0.043511
6960 0.041375
7032 0.047269
7041 0.046944
7047 0.082749
7061 0.032621
7062 0.035184
7111 0.017019
7297 0.052318
7324 0.068132
7325 0.093887
7411 0.030461
7435 0.066843
7460 0.033765
7490 0.047942
7497 0.096417
7498 0.024243
7528 0.041597
7532 0.043009
7641 0.022053
7694 0.026494
7745 0.027499
7859 0.020557
7861 0.023767
7874 0.043511
7946 0.035006
7947 0.054295
7989 0.035743
8098 0.042523
8180 0.103643
8196 0.044569
8245 0.035444
8264 0.061685
8338 0.032499
8348 0.104636
8455 0.029753
8499 0.027156
8529 0.036360
8616 0.046625
8617 0.093378
8740 0.113157
8767 0.048078
8826 0.018136
8829 0.022113
8849 0.103643
8872 0.071104
8931 0.027248
8956 0.073681
9052 0.028764
9059 0.018499
9065 0.031220
9106 0.115734
9130 0.026174
9329 0.051420
9435 0.054834
9461 0.049196
9592 0.036518
9618 0.032744
9718 0.047942
9767 0.077349
9865 0.027156
9903 0.027072
9999 0.040726
10015 0.036360
10019 0.079808
10058 0.020680
10092 0.030251
10095 0.065658
10096 0.050574
10172 0.063539
10185 0.031788
10228 0.041375
10249 0.032868
10304 0.111948
10325 0.140602
10326 0.174707
10378 0.023303
10475 0.128832
10562 0.063539
10617 0.063539
10701 0.026822
10711 0.043258
10867 0.061685
10890 0.095217
11015 0.036679
11025 0.023238
11038 0.064561
11194 0.034581
11200 0.043009
11320 0.034167
11332 0.097543
11423 0.027849
11523 0.036715
11532 0.044468
11605 0.112393
11606 0.063576
