53

74 0.942504
97 2.727241
111 0.811527
346 0.506660
458 0.747158
630 0.553693
634 1.233234
1102 1.247022
1859 0.606445
1940 0.578516
2284 1.863323
2688 1.960233
2696 0.683388
2705 1.863323
3122 0.765256
3492 2.772245
3546 0.978716
4663 0.890195
5007 1.760661
5023 1.070931
5025 0.840757
5086 1.520900
5394 0.497835
5491 0.404937
6317 0.702954
6380 0.942504
6504 0.872097
6506 1.299051
6806 0.677686
6814 1.219870
7107 2.437354
7297 1.534264
7460 0.990196
7497 0.942504
7745 0.806418
7859 0.301427
7947 1.592256
8136 8.215152
8159 2.085172
8455 0.872539
8499 0.796376
8512 0.875061
8829 0.648479
8931 0.799078
8956 1.080373
9059 0.542484
9461 0.721351
9863 1.219870
10325 1.030814
11025 0.681479
11038 1.893286
11482 1.835294
11606 0.932204
