62

149 2.039414
318 0.824570
455 0.753857
487 1.835294
687 2.437354
734 1.448350
1132 0.632874
1270 2.261263
1872 0.638014
1940 0.578516
1974 1.738384
2073 1.376656
2213 1.863323
2279 1.760661
2696 1.366777
3679 1.507935
4196 0.734063
4529 1.307020
4677 0.539727
4734 0.619458
4764 1.152923
4943 0.572546
5176 2.874708
5177 1.182082
5491 0.404937
5681 1.147320
5797 1.066286
5885 0.706976
5947 1.247022
5965 2.437354
6168 1.520900
6211 1.226501
6782 3.039414
6792 0.519586
6833 1.960233
6864 0.436270
6874 1.501014
6982 1.760661
7580 1.254084
7694 1.553926
7859 0.301427
8183 1.405946
8352 0.854723
9059 0.542484
9095 1.194316
9538 1.052642
9755 1.534264
9903 0.793901
9942 1.386202
10228 2.426679
10271 2.437354
10326 0.731918
10475 0.539727
10507 1.022381
11008 2.738384
11298 1.182082
11328 1.152923
11332 0.715132
11532 0.652024
11595 1.893286
11600 0.351885
11620 1.085172
