76

111 1.623055
123 1.459631
204 1.315138
270 4.078828
455 1.507714
531 0.918840
599 1.158601
630 0.553693
665 0.632874
915 5.124586
1064 1.426630
1106 1.942457
1135 1.283539
1258 1.240074
1721 0.747158
1816 1.426630
1940 1.157033
1953 2.437354
2046 1.018225
2335 1.831125
2504 1.275986
2551 1.395961
2696 1.366777
3374 1.170182
3473 0.767573
3492 0.693061
3613 1.005990
4041 1.835294
4091 0.693061
4195 1.170182
4333 1.136324
4458 2.087558
4938 1.367316
5491 0.404937
5892 1.340444
6274 1.200565
6377 2.340444
6601 1.495346
6802 1.005990
6874 1.000676
7032 1.386202
7120 0.832588
7497 1.885008
7745 0.806418
7761 1.200565
7920 1.039414
8016 1.878087
8245 1.039414
8272 0.884078
8338 1.906109
8455 0.436270
8729 1.738384
8821 1.416165
8829 0.648479
8930 1.048188
8931 0.532719
9059 1.084969
9104 0.893286
9242 2.261570
9461 1.442702
9748 1.784142
9865 0.796376
10017 1.857649
10058 0.606445
10251 1.182082
10401 1.022381
10423 0.698970
10651 1.233234
11025 0.681479
11124 1.659203
11210 0.849082
11233 3.827958
11320 1.001988
11328 1.152923
11547 1.039414
11605 0.659203
