154

26 1.070931
97 1.818161
108 1.170182
111 0.811527
268 2.494045
318 0.824570
404 0.545260
508 1.549193
630 3.322156
634 1.233234
960 4.265145
1038 2.437354
1053 1.001988
1106 1.942457
1132 0.632874
1250 1.863323
1324 3.039414
1360 2.194316
1872 0.638014
1940 3.471098
2046 1.018225
2084 0.990196
2115 0.922143
2335 2.746687
2372 1.835294
2518 2.473711
2530 1.434390
2552 1.043779
2687 1.448350
2696 1.366777
2762 0.470040
2881 1.624441
2954 0.935610
3304 1.608050
3419 1.738384
3423 0.925471
3431 2.136324
3440 2.340444
3455 1.188156
3492 0.693061
3507 1.738384
3524 2.039414
3573 0.788994
3681 1.158601
3742 2.261263
3780 1.483112
3818 0.704960
3819 3.039414
3841 0.477121
3971 1.437354
4041 1.835294
4056 2.437354
4091 0.693061
4359 1.070931
4458 2.087558
4562 3.154032
4573 0.543870
4638 1.998021
4645 1.061691
4677 0.539727
4722 1.094931
4764 1.152923
4769 1.152923
5008 1.893286
5025 1.681514
5297 2.663688
5693 2.522526
5851 0.846290
5892 1.340444
6283 1.075626
6317 0.702954
6380 0.942504
6406 3.786572
6421 0.590708
6504 1.744194
6505 1.323411
6542 1.659203
6601 1.495346
6806 6.099177
6828 0.717195
6960 1.213339
6962 1.200565
6980 1.194316
7061 0.478313
7062 1.031797
7111 0.499085
7120 0.832588
7143 1.844286
7212 3.434390
7404 1.125600
7497 0.942504
7511 1.592256
7528 1.219870
7597 2.136324
7641 1.293434
7745 1.612836
7760 0.666502
7788 0.530212
7809 1.738384
7847 0.932204
7867 1.495346
7874 1.275986
7881 1.548052
8016 0.939044
8027 1.358173
8245 1.039414
8352 0.854723
8455 0.436270
8499 0.796376
8539 0.668346
8619 1.275986
8729 1.738384
8780 2.582452
8924 1.213339
8931 1.065438
8956 1.080373
8980 2.738384
9019 1.057143
9037 2.340444
9065 0.915562
9101 2.437354
9242 7.538568
9379 2.942425
9434 2.562293
9461 1.442702
9492 2.085172
9618 0.960233
9635 1.548052
9767 0.567079
9794 2.261263
9865 0.796376
10007 1.808965
10047 2.738384
10067 1.018225
10086 1.075626
10096 1.483112
10195 0.846290
10249 0.963867
10251 1.182082
10325 2.061628
10326 2.927672
10352 0.971228
10378 0.683388
10433 1.052642
10491 2.294639
10507 5.111904
10591 1.200565
11165 1.677686
11306 0.589165
11320 1.001988
11340 0.986336
11532 0.652024
11543 1.261263
11605 1.977609
