84

297 1.182082
512 1.386202
895 0.846290
916 1.808965
1075 1.863323
1255 1.760661
1466 0.909080
1619 2.562293
1807 0.928824
1818 1.307020
1899 1.548052
2064 1.206905
2154 0.677686
2207 5.476768
2259 0.426630
2268 0.760661
2339 1.147320
2507 0.380449
2530 0.717195
2892 1.520900
3050 3.318406
3179 0.772242
3203 1.130396
3455 1.188156
3540 1.738384
3558 1.206905
3841 0.477121
3850 0.758381
4091 0.693061
4331 3.434390
4566 0.827227
4726 1.863323
4994 1.863323
5307 1.030814
5324 0.971228
5562 1.367316
5565 6.078828
5569 1.026577
5689 0.838017
5821 0.918840
6436 5.473856
6449 1.738384
6568 0.723444
6792 0.519586
6828 0.717195
6864 0.436270
6874 1.000676
7045 2.085172
7123 1.164353
7126 2.309704
7215 1.717195
7460 0.990196
7641 0.646717
7646 1.760661
7707 1.066286
7788 0.530212
7859 1.808561
7902 4.680888
7981 0.925471
7982 2.085172
8083 0.711035
8377 1.254084
8455 0.436270
8641 1.254084
8826 0.177283
8931 0.266359
9047 0.829899
9444 0.939044
9767 0.283539
9905 1.608050
9919 1.109995
10243 2.261263
10397 0.846290
10658 1.240074
10890 0.930766
11015 1.075626
11233 2.551972
11242 1.048188
11295 1.213339
11320 1.001988
11503 0.884078
11521 2.151253
11526 0.890195
11637 1.857649
