219

45 0.050965
97 0.032954
98 0.038653
99 0.039513
106 0.129350
127 0.052104
194 0.078674
204 0.047674
217 0.029325
226 0.072428
268 0.090409
345 0.033792
346 0.036733
404 0.019766
455 0.054655
508 0.028079
596 0.049234
597 0.073929
630 0.040143
665 0.022942
691 0.073929
906 0.151175
917 0.020809
921 0.056117
960 0.193264
1091 0.072428
1106 0.105621
1132 0.045883
1250 0.135091
1278 0.045985
1296 0.035342
1360 0.079544
1429 0.110179
1484 0.059503
1596 0.060816
1616 0.053763
1744 0.051715
1807 0.033670
1940 0.020971
1981 0.033916
2008 0.056117
2020 0.088354
2024 0.037061
2055 0.110179
2259 0.030931
2267 0.045205
2320 0.063016
2473 0.037213
2507 0.027583
2518 0.029891
2524 0.037997
2548 0.037213
2550 0.087149
2551 0.050604
2696 0.049546
2697 0.058292
2762 0.085195
2768 0.036614
2804 0.042208
2946 0.051336
2954 0.033916
3102 0.058292
3131 0.054663
3282 0.049904
3322 0.050604
3385 0.064675
3423 0.033548
3531 0.028601
3533 0.050250
3535 0.109401
3568 0.262300
3683 0.077642
3780 0.053763
3826 0.050965
3841 0.017296
3891 0.047674
3953 0.064675
4091 0.100494
4148 0.035478
4181 0.055133
4196 0.133049
4211 0.033071
4215 0.054275
4266 0.038158
4293 0.067545
4310 0.037061
4315 0.027409
4343 0.066529
4359 0.077642
4451 0.031829
4462 0.041390
4520 0.026455
4562 0.057167
4734 0.044911
4769 0.041793
4770 0.045721
4859 0.057719
4938 0.049565
5004 0.073929
5012 0.059974
5086 0.055133
5174 0.109325
5324 0.035207
5394 0.090233
5491 0.029358
5496 0.070957
5529 0.117217
5632 0.066529
5737 0.067545
5792 0.035342
5797 0.038653
5833 0.018092
5841 0.053331
5873 0.079544
5885 0.051256
5900 0.037679
5902 0.048909
5949 0.133232
6057 0.110179
6070 0.026925
6071 0.067366
6162 0.052503
6227 0.041999
6317 0.050964
6421 0.021413
6422 0.077442
6506 0.047091
6799 0.049234
6806 0.024566
6828 0.025998
6893 0.073929
6934 0.052503
6964 0.127648
7008 0.127317
7041 0.149711
7062 0.012468
7069 0.069798
7111 0.036184
7118 0.022159
7120 0.030181
7498 0.012886
7528 0.088441
7595 0.049565
7611 0.057719
7612 0.075587
7635 0.025555
7641 0.023443
7643 0.034166
7694 0.028165
7745 0.058465
7758 0.036036
7847 0.033792
7911 0.044953
8083 0.077325
8104 0.050250
8186 0.056117
8237 0.042419
8241 0.073821
8245 0.037679
8338 0.069096
8348 0.055617
8412 0.058292
8499 0.057737
8529 0.038653
8605 0.026766
8826 0.006426
8829 0.070522
8931 0.028967
8955 0.071058
8980 0.198533
9019 0.038321
9059 0.019665
9065 0.033189
9097 0.034040
9133 0.060146
9242 0.245946
9270 0.077983
9461 0.026149
9467 0.110179
9510 0.072428
9557 0.061516
9579 0.095347
9608 0.081971
9623 0.036036
9767 0.010278
9865 0.057737
9881 0.060816
9919 0.040237
10006 0.063016
10191 0.084841
10279 0.036467
10298 0.176708
10318 0.057719
10326 0.132660
10352 0.035207
10378 0.049546
10396 0.036761
10401 0.037061
10433 0.038158
10507 0.111184
10537 0.166851
10547 0.062248
10669 0.062248
10701 0.028513
10890 0.016870
11121 0.152271
11215 0.065575
11258 0.050250
11259 0.084841
11267 0.054206
11287 0.075674
11340 0.071509
11362 0.042208
11405 0.092883
11502 0.073523
11532 0.023636
11543 0.091441
11599 0.139597
11625 0.040053
