278

74 0.942504
97 1.818161
99 1.090024
175 1.226501
188 1.120336
194 2.170331
198 1.152923
268 2.494045
318 1.649141
346 1.013319
392 5.679858
398 1.376656
404 1.090519
455 0.753857
458 0.747158
508 0.774596
531 0.918840
598 1.659203
630 2.214771
691 2.039414
734 1.448350
799 2.085172
839 1.405946
897 0.860437
1007 2.199790
1064 1.426630
1132 1.898622
1242 2.340444
1364 1.520900
1387 1.085172
1462 1.717195
1542 3.256419
1573 1.784142
1605 1.786572
1609 1.115135
1617 3.873678
1797 0.702954
1807 3.715298
1872 0.638014
1887 1.608050
1940 1.157033
2000 0.986336
2020 2.437354
2043 2.085172
2054 1.459631
2062 1.331844
2115 0.922143
2140 1.459631
2220 1.624441
2259 0.426630
2264 1.437354
2284 1.863323
2348 0.956629
2390 2.085172
2473 1.026577
2507 0.760899
2541 2.136324
2546 3.039414
2626 1.182082
2651 0.784142
2671 2.562293
2688 1.960233
2762 0.470040
2769 2.230270
2805 1.437354
2806 2.070185
2842 4.388632
2946 1.416165
2954 1.871221
3131 1.507935
3186 1.548052
3236 0.974956
3243 1.001988
3374 1.170182
3423 1.850942
3437 4.312062
3479 1.717195
3482 0.967532
3492 0.693061
3562 1.562293
3567 0.711035
3573 0.788994
3735 1.483112
3777 2.562293
3852 1.717195
3930 1.893286
3953 3.568283
3971 1.437354
4196 3.670314
4215 2.994508
4266 1.052642
4315 4.536677
4347 1.998021
4352 1.426630
4421 2.085172
4451 4.390231
4462 1.141787
4602 2.437354
4663 0.890195
4708 0.689166
4734 0.619458
4738 0.572546
4770 1.261263
4786 1.998021
4801 2.136324
4834 1.057143
4964 1.057143
5012 1.654453
5050 4.729962
5081 10.308139
5089 2.261263
5135 2.969050
5143 2.708081
5150 1.659203
5168 1.213339
5176 1.437354
5177 1.182082
5227 2.582452
5294 3.476768
5307 1.030814
5324 0.971228
5325 1.548052
5485 1.548052
5491 0.809874
5496 1.957433
5529 3.880303
5624 2.199790
5632 1.835294
5689 0.838017
5693 1.261263
5713 2.261263
5732 0.786561
5747 1.960233
5797 1.066286
5833 1.996339
5869 1.052642
5870 1.592256
5885 0.706976
5900 1.039414
5920 1.233234
5926 1.397940
5931 1.677686
5948 0.863323
5949 1.837680
6112 0.501595
6119 1.863323
6162 1.448350
6227 1.158601
6354 1.863323
6380 0.942504
6381 1.641474
6421 0.590708
6445 1.483112
6523 6.582948
6570 2.994064
6587 1.245547
6639 1.760661
6792 0.519586
6806 0.677686
6812 3.679502
6828 0.717195
6864 0.436270
6874 1.501014
6893 2.039414
7041 1.376656
7062 2.063595
7111 1.497254
7118 0.611279
7120 4.995529
7150 1.957433
7165 1.115135
7179 1.925471
7255 1.641474
7411 0.893286
7450 1.376656
7488 2.194316
7498 1.421868
7530 0.998021
7583 1.659203
7635 0.704960
7641 1.293434
7745 1.612836
7760 1.333004
7859 0.602854
7872 2.832330
7874 1.275986
7887 0.971228
7928 1.863323
7958 3.039414
8009 1.608050
8016 0.939044
8077 3.039414
8083 0.711035
8175 1.448350
8234 1.275986
8237 1.170182
8241 1.018225
8272 0.884078
8288 2.738384
8298 3.996043
8338 0.953054
8352 2.564168
8383 1.426630
8390 2.261263
8470 1.152923
8499 3.185504
8511 1.893286
8512 0.875061
8522 3.154032
8605 0.738384
8645 1.960233
8767 0.704960
8812 2.340444
8826 0.177283
8829 1.296958
8912 1.893286
8931 1.864516
8956 1.080373
8959 1.136324
9019 1.057143
9047 0.829899
9104 0.893286
9132 0.731918
9262 1.738384
9279 1.367316
9391 1.893286
9538 1.052642
9625 1.299051
9643 2.340365
9646 1.219870
9747 0.945992
9761 0.835294
9767 1.134157
9865 1.592752
9903 0.793901
9999 1.194316
10017 0.928824
10092 2.661377
10095 1.925471
10151 2.136324
10195 2.538869
10279 2.011981
10325 4.123256
10326 10.246853
10352 0.971228
10378 0.683388
10396 1.014108
10401 2.044762
10475 0.539727
10507 6.134285
10555 1.367316
10556 2.364163
10561 1.358173
10565 1.340444
10566 1.893286
10678 2.437354
10720 1.677686
10815 2.738384
10867 1.808965
10890 0.930766
10938 2.738384
11121 4.800651
11193 1.548052
11194 1.014108
11210 0.849082
11306 0.589165
11320 1.001988
11332 1.430263
11376 0.464226
11423 0.816698
11519 12.157656
11521 1.075626
11523 1.615065
11532 1.304049
11600 2.111311
11605 3.296014
11606 0.932204
11620 1.085172
