75

26 0.091496
111 0.069333
123 0.124705
268 0.106540
599 0.098986
630 0.094610
1053 0.171211
1106 0.165955
1135 0.109660
1721 0.063834
1807 0.079355
1816 0.121885
1929 0.110317
1940 0.049426
2337 0.199958
2501 0.152430
2576 0.073024
2590 0.174239
2696 0.116772
2752 0.126711
2881 0.138785
3121 0.066994
3489 0.120118
3841 0.040763
3869 0.120991
4040 0.170702
4613 0.077122
4764 0.098501
5025 0.071831
5135 0.152198
5491 0.034596
5693 0.107757
5701 0.113787
5740 0.108381
5792 0.083296
6274 0.102571
6421 0.050468
6504 0.074508
6802 0.085948
6813 0.067200
6874 0.042747
7047 0.207325
7062 0.029384
7120 0.071133
7404 0.192333
7411 0.076319
7635 0.060229
7745 0.137794
8338 0.162850
8489 0.127756
8499 0.204117
8605 0.063084
8829 0.055403
8931 0.068270
9052 0.072066
9242 0.064406
9461 0.061629
9904 0.152430
10017 0.079355
10092 0.075792
10326 0.125064
10327 0.362973
10423 0.059717
10475 0.046112
10517 0.121885
10561 0.116037
10991 0.152430
11025 0.058223
11124 0.141755
11233 0.109015
11328 0.098501
11451 0.075532
11532 0.111412
11605 0.056320
11606 0.079644
