201

60 0.098686
74 0.076322
97 0.036808
98 0.043173
122 0.079254
148 0.090722
157 0.109982
186 0.039324
198 0.046681
345 0.037744
346 0.061542
398 0.055739
458 0.030252
470 0.074309
475 0.054628
487 0.222927
531 0.037203
586 0.060503
630 0.089673
763 0.066461
791 0.048866
895 0.034265
950 0.066461
1258 0.050209
1269 0.038021
1333 0.032858
1379 0.110874
1385 0.339519
1444 0.059099
1456 0.068757
1464 0.059099
1466 0.036808
1542 0.032962
1605 0.072336
1609 0.045150
1694 0.061055
1721 0.030252
1831 0.031078
1859 0.049108
1875 0.062121
1994 0.044134
2060 0.123062
2073 0.055739
2110 0.144476
2259 0.017274
2343 0.076657
2363 0.041395
2427 0.103744
2461 0.123062
2507 0.046212
2532 0.099319
2539 0.045790
2552 0.042261
2564 0.086497
2575 0.077466
2618 0.047143
2626 0.047861
2683 0.103744
2696 0.027670
2708 0.041910
2762 0.019031
2768 0.040895
3040 0.067928
3095 0.023917
3144 0.064469
3179 0.031267
3203 0.022884
3275 0.049500
3414 0.089885
3500 0.065108
3683 0.043361
3807 0.056126
3850 0.092118
3892 0.091556
4063 0.044332
4091 0.028061
4110 0.039324
4148 0.039627
4205 0.248298
4213 0.050776
4566 0.066987
4568 0.065772
4708 0.027904
4738 0.023182
4943 0.023182
5012 0.033493
5070 0.075444
5081 0.125209
5085 0.075444
5100 0.056762
5112 0.077757
5176 0.116394
5177 0.095722
5178 0.033711
5491 0.032791
5496 0.039627
5529 0.026185
5651 0.106497
5662 0.123062
5678 0.079871
5692 0.030523
5732 0.031847
5734 0.045533
5753 0.026328
6167 0.044942
6380 0.076322
6421 0.023917
6442 0.103744
6559 0.121226
6792 0.084150
6806 0.054877
6823 0.063255
6874 0.020258
6909 0.030252
6942 0.153314
7062 0.013925
7120 0.033711
7143 0.037336
7264 0.066461
7297 0.062121
7325 0.222957
7374 0.054991
7460 0.040092
7498 0.014392
7524 0.172994
7635 0.028543
7707 0.129518
7809 0.070385
7859 0.012204
7861 0.112881
7876 0.062679
7920 0.042085
7937 0.060545
7946 0.041565
7974 0.063255
8111 0.083819
8271 0.037471
8381 0.047143
8455 0.035328
8457 0.048356
8463 0.038879
8499 0.032244
8501 0.110874
8512 0.035430
8522 0.127703
8539 0.027061
8581 0.071287
8662 0.048107
8813 0.084426
8826 0.043068
8829 0.078768
8869 0.086497
9047 0.033602
9059 0.021965
9095 0.048356
9107 0.052280
9329 0.061055
9338 0.142574
9538 0.042620
9618 0.077757
9634 0.050490
9667 0.046910
9729 0.054628
9747 0.038302
9761 0.033820
9767 0.022960
9772 0.110874
9919 0.044942
9942 0.056126
10029 0.067928
10058 0.024554
10067 0.041227
10126 0.080898
10228 0.049127
10304 0.066461
10325 0.041736
10326 0.088903
10396 0.041060
10401 0.041395
10423 0.141502
10487 0.048338
10489 0.079368
10558 0.056126
10646 0.049127
10651 0.049932
10677 0.033386
10890 0.037686
11146 0.043937
11150 0.041395
11194 0.164240
11238 0.121090
11306 0.023855
11328 0.046681
11332 0.028955
11376 0.018796
11396 0.038161
11423 0.033067
11521 0.043551
11532 0.052799
11595 0.076657
11605 0.080071
