479

13 1.437354
22 1.534264
26 4.283725
64 1.426630
71 1.756092
74 0.942504
83 1.548052
97 6.363562
98 2.132573
111 4.869164
116 2.562293
122 1.957433
139 3.659611
148 1.120336
150 2.738384
166 1.376656
171 1.925471
179 1.268562
188 1.120336
213 0.840757
217 1.617930
226 1.998021
259 1.367316
268 2.494045
282 1.395961
318 4.122851
346 7.093236
353 2.738384
404 0.545260
417 1.863323
418 1.649141
458 3.735790
470 1.835294
475 1.349218
483 1.254084
485 3.564467
486 2.791923
508 1.549193
528 2.738384
536 0.905875
553 2.352425
586 0.747158
598 1.659203
602 2.919261
629 1.863323
630 9.966468
637 1.275986
639 1.960233
736 1.448350
743 2.738384
744 1.507935
822 1.495346
831 1.638612
857 2.317201
897 1.720874
942 1.925471
1007 1.099895
1044 2.582452
1053 6.011926
1106 6.798598
1132 1.898622
1258 2.480147
1275 1.291226
1278 1.268562
1316 1.925471
1333 0.811527
1364 3.041800
1385 2.096376
1456 1.698165
1476 2.562293
1487 0.838017
1495 1.608050
1532 0.779343
1583 2.194316
1592 1.120336
1596 1.677686
1605 0.893286
1659 1.998021
1661 2.562293
1721 0.747158
1789 1.534264
1807 0.928824
1816 11.413042
1831 2.302718
1835 1.291226
1859 3.638669
1929 11.621035
1936 3.039414
1940 12.148842
2026 2.340444
2071 0.971228
2110 1.784142
2154 1.355373
2165 0.808965
2259 0.853261
2284 3.726646
2335 3.662250
2340 1.018225
2343 1.893286
2455 0.851893
2507 0.760899
2518 0.824570
2524 1.048188
2530 0.717195
2532 1.226501
2551 2.791923
2554 1.358173
2576 1.709445
2585 1.471212
2605 1.863323
2651 2.352425
2653 1.507935
2667 1.376656
2680 3.015870
2688 1.960233
2690 1.949912
2696 3.416941
2702 1.893286
2705 1.863323
2708 1.035093
2719 3.039414
2762 0.940080
2763 1.512226
2801 2.401130
2805 1.437354
2881 3.248882
2927 1.624441
2946 1.416165
2996 2.680888
3014 2.970588
3121 0.784142
3136 1.437354
3144 1.592256
3145 2.738384
3177 1.158601
3179 2.316727
3186 1.548052
3236 1.949912
3275 1.222559
3287 1.641474
3289 1.340444
3304 1.608050
3351 1.094931
3352 1.960233
3369 2.085172
3383 1.835294
3403 1.659203
3414 1.109995
3423 3.701883
3431 2.136324
3464 1.426630
3473 2.302718
3482 1.935064
3489 2.811891
3492 10.395917
3495 1.170182
3499 1.507935
3531 1.577988
3546 0.978716
3567 1.422069
3598 1.534264
3613 1.005990
3621 0.899535
3627 2.508169
3683 1.070931
3761 1.188156
3770 1.349218
3780 2.966223
3790 1.960233
3827 2.562293
3841 2.862728
3852 1.717195
3938 1.233234
3951 0.704960
3955 2.039414
4041 1.835294
4046 1.925471
4063 2.189863
4091 1.386122
4110 0.971228
4121 1.240074
4163 5.281982
4176 1.760661
4205 1.226501
4213 1.254084
4215 0.499085
4252 2.562293
4257 2.437354
4293 1.863323
4315 4.536677
4333 1.136324
4359 4.283725
4421 2.085172
4458 2.087558
4510 1.808965
4520 2.919136
4529 1.307020
4542 1.416165
4561 2.085172
4562 3.154032
4573 2.719349
4575 2.437354
4617 1.471212
4645 1.061691
4663 0.890195
4685 2.562293
4708 0.689166
4722 3.284794
4734 0.619458
4738 1.717639
4769 2.305847
4801 2.136324
4858 1.592256
4866 2.837977
4906 1.808965
4916 1.268562
4919 2.437354
4936 1.960233
4943 1.717639
4969 1.141787
5012 0.827227
5025 3.363028
5026 1.240074
5042 1.562293
5081 2.061628
5085 1.863323
5086 1.520900
5135 2.375240
5143 0.902694
5150 4.977609
5151 4.388632
5168 3.640018
5171 1.677686
5177 3.546245
5234 1.835294
5294 3.476768
5324 0.971228
5328 2.136324
5346 1.760661
5394 1.493505
5457 1.448350
5491 1.214811
5496 1.957433
5529 0.646717
5532 0.887126
5605 1.863323
5624 1.099895
5679 1.548052
5692 0.753857
5732 0.786561
5740 1.268562
5743 0.749380
5764 1.960233
5792 1.949912
5833 1.497254
5841 1.471212
5851 1.692579
5857 1.120336
5869 2.105285
5880 0.835294
5885 1.413951
5892 1.340444
6023 1.416165
6070 0.742749
6097 1.094931
6165 1.808965
6274 1.200565
6283 1.075626
6291 0.806418
6308 2.248139
6317 1.405909
6345 1.808965
6380 4.712521
6421 1.772123
6504 0.872097
6505 5.293643
6506 1.299051
6559 1.996043
6587 0.622774
6601 4.486038
6639 7.042642
6657 1.471212
6792 1.558758
6802 2.011981
6806 4.743804
6816 0.978716
6823 1.562293
6824 2.136324
6838 1.120336
6860 2.508169
6874 1.000676
6911 2.562293
6960 2.426679
6984 1.738384
7032 1.386202
7047 3.640018
7060 0.932204
7061 0.956625
7062 5.158987
7111 0.998169
7118 0.611279
7120 4.995529
7131 5.793398
7143 1.844286
7150 0.978716
7165 1.115135
7264 1.641474
7297 1.534264
7325 2.753313
7387 1.261263
7460 2.970588
7490 2.811891
7497 10.367545
7528 4.879481
7532 1.261263
7584 1.641474
7597 2.136324
7641 0.646717
7694 1.553926
7745 3.225672
7756 1.641474
7760 1.333004
7775 2.680888
7782 1.641474
7788 1.060423
7818 1.760661
7839 2.340444
7840 2.261263
7859 1.507134
7861 0.696991
7864 1.170182
7867 1.495346
7874 1.275986
7920 1.039414
7947 1.592256
7978 2.199790
8016 1.878087
8042 1.738384
8070 1.624441
8083 0.711035
8111 1.035093
8120 2.085172
8126 1.659203
8150 3.299685
8245 1.039414
8272 1.768156
8338 6.671380
8352 2.564168
8376 2.136324
8381 1.164353
8382 1.039414
8404 0.522218
8407 2.896699
8427 2.039414
8440 1.386202
8455 0.872539
8463 1.920466
8489 1.495346
8491 1.659203
8499 3.185504
8512 0.875061
8513 1.577016
8522 3.154032
8534 1.835294
8537 1.641474
8539 2.005039
8617 2.738384
8621 1.283539
8629 1.426630
8662 1.188156
8680 3.039414
8702 1.323411
8711 1.520900
8725 1.835294
8729 1.738384
8812 2.340444
8821 1.416165
8826 5.495765
8829 2.593916
8846 1.459631
8866 2.085172
8920 4.360096
8924 1.213339
8931 0.266359
8959 2.272648
8999 1.835294
9018 2.738384
9052 1.687029
9059 2.712422
9097 4.695218
9101 2.437354
9130 0.767573
9138 0.673926
9242 9.800139
9270 1.075626
9328 0.915562
9435 1.608050
9462 1.641474
9556 2.738384
9568 1.066286
9574 3.393983
9579 1.315138
9596 1.213339
9632 2.791923
9668 1.717195
9704 1.696991
9718 1.405946
9747 0.945992
9757 4.680888
9767 3.402471
9774 2.869886
9783 0.869152
9865 2.389128
9919 1.109995
9942 2.772403
10004 1.998021
10015 2.132573
10017 0.928824
10092 0.887126
10096 1.483112
10185 0.932204
10222 1.471212
10249 1.927734
10258 1.416165
10276 0.808965
10304 1.641474
10325 6.184884
10326 2.195754
10337 1.061691
10378 0.683388
10401 4.089523
10423 2.795880
10433 2.105285
10458 1.299051
10517 1.426630
10555 1.367316
10561 1.358173
10563 1.386202
10596 1.194316
10604 4.345049
10606 1.507935
10619 0.528869
10637 7.840931
10658 1.240074
10720 1.677686
10735 1.548052
10890 2.792297
10985 2.039414
11003 1.437354
11038 1.893286
11121 0.600081
11124 1.659203
11146 1.085172
11148 2.562293
11166 2.039414
11194 2.028217
11210 2.547247
11258 1.386202
11267 1.495346
11290 1.548052
11306 0.589165
11320 4.007950
11328 1.152923
11332 2.860527
11335 1.043779
11340 0.986336
11343 1.998021
11373 2.039414
11376 1.392679
11396 0.942504
11423 2.450093
11451 0.884078
11454 2.136324
11486 2.136324
11532 1.956073
11543 2.522526
11600 0.351885
11605 5.932826
11606 0.932204
