201

97 0.909080
127 1.437354
148 1.120336
194 0.723444
213 0.840757
217 0.808965
228 1.349218
320 1.738384
362 2.340444
396 2.194316
416 1.925471
417 1.863323
418 0.824570
457 1.061691
458 0.747158
486 1.395961
487 3.670588
630 1.107385
694 2.738384
739 1.893286
781 1.659203
799 2.085172
841 2.738384
1042 1.863323
1106 0.971228
1258 1.240074
1275 1.291226
1592 1.120336
1659 1.998021
1859 6.670893
1929 1.291226
1940 1.157033
2001 2.340444
2002 1.275986
2033 1.562293
2115 0.922143
2507 1.141348
2518 0.824570
2519 1.315138
2560 2.562293
2576 0.854723
2626 1.182082
2696 0.683388
2705 1.863323
2805 1.437354
2851 1.170182
2946 2.832330
3014 0.990196
3121 1.568283
3122 0.765256
3187 2.136324
3233 1.548052
3275 1.222559
3342 2.194316
3414 1.109995
3489 1.405946
3521 2.508169
3546 0.978716
3617 2.136324
3633 1.219870
3772 2.698436
3841 0.477121
3850 1.516762
4046 1.925471
4091 0.693061
4170 5.124586
4191 2.437354
4452 1.483112
4520 0.729784
4568 1.624441
4613 0.902694
4624 1.268562
4644 1.562293
4645 1.061691
4677 0.539727
4716 2.340444
4734 0.619458
4738 2.290186
4816 2.261263
4950 2.738384
5064 1.182082
5085 1.863323
5086 1.520900
5174 1.507935
5176 4.312062
5177 1.182082
5222 1.641474
5304 4.170343
5325 1.548052
5332 2.738384
5394 0.995670
5491 0.404937
5494 1.738384
5536 1.925471
5555 5.994064
5556 4.272648
5625 1.534264
5692 0.753857
5701 1.331844
5734 0.562293
5826 1.130929
5869 1.052642
5920 1.233234
5926 0.698970
5931 1.677686
6306 2.562293
6324 1.471212
6331 1.808965
6380 1.885008
6456 1.612836
6504 0.872097
6506 1.299051
6535 1.608050
6616 0.899535
6739 2.738384
6792 2.078345
6806 0.677686
6874 0.500338
6909 0.747158
6965 4.589278
7041 1.376656
7061 0.478313
7072 1.405946
7231 2.437354
7325 1.376656
7460 2.970588
7490 1.405946
7493 1.608050
7580 1.254084
7641 0.646717
7655 0.922143
7707 2.132573
7847 0.932204
7859 1.205707
7862 0.960233
7887 1.942457
7920 1.039414
7947 1.592256
7973 3.393983
8280 2.562293
8387 0.854723
8419 2.283574
8483 2.039414
8522 1.577016
8539 0.668346
8545 3.015870
8663 1.925471
8671 1.367316
8681 2.562293
8685 1.624441
8711 1.520900
8780 1.291226
8808 1.696991
8826 0.531848
8829 0.648479
8874 2.646822
9052 1.687029
9059 1.627453
9065 0.915562
9115 1.104916
9242 0.753857
9264 1.315138
9270 1.075626
9322 1.659203
9461 0.721351
9538 1.052642
9623 0.994091
9634 1.247022
9642 1.283539
9669 0.774596
9672 1.893286
9694 2.738384
9767 0.283539
9811 1.818161
10059 1.760661
10325 2.061628
10423 2.096910
10436 2.738384
10475 0.539727
10505 1.507935
10575 2.261263
10665 2.437354
10865 1.960233
10890 0.465383
11025 1.362959
11038 1.893286
11121 1.200163
11150 1.022381
11194 1.014108
11210 2.547247
11332 1.430263
11373 2.039414
11375 0.791441
11376 0.464226
11423 3.266791
11451 0.884078
11521 1.075626
11523 0.538355
11595 1.893286
11605 0.659203
11637 2.786473
