271

39 2.437354
45 1.405946
97 0.909080
98 1.066286
105 2.340444
157 1.358173
199 2.698436
213 2.522271
304 1.104916
318 0.824570
345 0.932204
346 0.506660
373 1.459631
401 3.216101
404 0.545260
455 1.507714
465 1.784142
486 1.395961
487 7.341177
531 0.918840
630 1.661078
791 2.413810
859 2.136324
934 3.617930
965 1.927734
1106 0.971228
1132 0.632874
1211 2.437354
1385 16.771009
1436 1.534264
1456 5.943577
1466 2.727241
1506 1.115135
1532 0.779343
1542 0.814105
1572 1.376656
1583 2.194316
1633 1.299051
1704 1.548052
1721 0.747158
1859 0.606445
1981 0.935610
2033 1.562293
2052 1.367316
2110 1.784142
2115 0.922143
2137 1.738384
2174 0.949509
2259 0.426630
2319 2.832330
2343 1.893286
2348 3.826515
2421 0.986336
2507 0.760899
2532 8.585505
2550 0.801368
2575 0.956629
2576 0.854723
2618 1.164353
2627 2.295769
2667 1.376656
2683 2.562293
2696 0.683388
2752 1.483112
2762 0.940080
2912 2.136324
3054 1.331844
3080 2.437354
3177 1.158601
3204 1.136324
3243 1.001988
3275 0.611279
3414 3.329986
3431 2.136324
3470 1.784142
3492 0.693061
3528 3.039414
3531 0.788994
3691 0.742749
3806 1.395961
3841 1.431364
3850 4.550285
3951 0.704960
4076 1.835294
4110 0.971228
4176 1.760661
4199 3.393983
4205 19.624012
4211 0.912309
4217 2.294639
4377 1.520900
4534 1.182082
4566 0.827227
4568 1.624441
4573 1.087740
4618 1.998021
4708 1.378332
4738 0.572546
4901 0.902694
4913 2.562293
4938 1.367316
4943 0.572546
4960 1.562293
4964 1.057143
5070 1.863323
5143 0.902694
5176 1.437354
5177 2.364163
5178 3.330353
5297 1.331844
5338 1.416165
5382 1.426630
5394 0.995670
5424 2.738384
5491 0.809874
5529 0.646717
5740 1.268562
5743 0.749380
5792 0.974956
5818 1.624441
5833 1.996339
5948 0.863323
5957 1.226501
5962 1.349218
6097 1.094931
6131 2.136324
6167 1.109995
6219 3.568283
6227 1.158601
6291 0.806418
6317 0.702954
6371 5.352425
6380 1.885008
6401 1.696991
6445 1.483112
6483 3.039414
6503 3.039414
6512 2.562293
6513 2.738384
6535 1.608050
6708 1.323411
6780 2.085172
6792 0.519586
6806 2.033059
6823 1.562293
6942 1.893286
7008 0.878046
7179 1.925471
7221 2.562293
7265 4.078828
7305 1.677686
7325 4.129969
7389 1.426630
7490 1.405946
7492 2.562293
7493 3.216101
7498 0.355467
7511 3.184512
7524 2.136324
7641 3.233586
7655 0.922143
7707 4.265145
7709 3.397893
7715 1.233234
7745 0.806418
7749 1.925471
7859 1.205707
7861 1.393983
7896 1.437354
7929 1.520900
8016 0.939044
8080 2.437354
8083 0.711035
8087 1.158601
8111 3.105278
8162 2.437354
8196 1.307020
8229 2.085172
8240 1.534264
8292 1.120336
8404 0.522218
8455 0.436270
8463 0.960233
8483 2.039414
8493 2.039414
8498 2.680888
8499 2.389128
8522 1.577016
8523 2.437354
8536 2.738384
8539 0.668346
8619 1.275986
8662 1.188156
8663 1.925471
8730 2.738384
8767 1.409921
8813 2.085172
8826 2.659241
8829 0.648479
8919 0.760661
8931 0.266359
8934 1.760661
8982 1.863323
9047 1.659798
9052 0.843514
9107 1.291226
9238 1.738384
9242 2.261570
9270 1.075626
9429 2.136324
9461 0.721351
9538 1.052642
9618 0.960233
9747 0.945992
9748 1.784142
9767 2.268314
9871 1.213339
9896 2.194316
9926 1.659203
9933 1.075626
10058 0.606445
10126 1.998021
10163 1.784142
10172 1.863323
10228 1.213339
10279 1.005990
10325 1.030814
10326 0.731918
10337 3.185072
10378 1.366777
10423 2.096910
10437 1.696991
10487 0.596934
10517 1.426630
10537 1.534264
10548 0.994091
10639 1.120336
10665 2.437354
10677 0.824570
10701 1.573122
10802 2.085172
10848 2.738384
10890 1.396149
10892 1.226501
10901 1.893286
10933 1.808965
11015 2.151253
11121 0.600081
11146 2.170343
11194 2.028217
11200 1.261263
11210 0.849082
11215 1.808965
11238 1.495346
11256 0.779343
11257 1.226501
11306 0.589165
11366 1.367316
11375 0.791441
11376 0.464226
11396 2.827512
11423 0.816698
11458 0.854723
11462 1.405946
11470 1.835294
11472 1.960233
11503 0.884078
11523 0.538355
11532 0.652024
11547 1.039414
11625 2.209831
