144

111 0.811527
268 1.247022
346 1.013319
352 1.331844
401 1.608050
404 0.545260
455 0.753857
596 1.358173
630 1.107385
637 1.275986
744 1.507935
831 0.819306
1074 1.120336
1155 2.136324
1284 1.080373
1422 2.340444
1499 1.052642
1542 0.814105
1760 1.507935
1798 1.176091
1807 0.928824
1818 1.307020
1872 0.638014
1986 1.125600
2154 1.355373
2174 0.949509
2268 0.760661
2456 2.738384
2633 1.094931
2651 0.784142
2696 0.683388
2851 1.170182
2979 2.738384
3014 0.990196
3142 3.039414
3185 1.624441
3236 12.674430
3337 2.136324
3492 2.079183
3761 2.376312
3818 1.409921
3951 2.114881
4091 0.693061
4488 1.835294
4613 0.902694
4747 1.275986
4789 2.136324
5012 0.827227
5025 0.840757
5059 1.624441
5070 3.726646
5176 1.437354
5177 1.182082
5178 2.497765
5234 1.835294
5333 1.998021
5334 2.437354
5491 0.404937
5500 2.562293
5797 1.066286
6058 1.893286
6065 2.716346
6071 0.619458
6274 1.200565
6317 0.702954
6346 4.187884
6380 0.942504
6421 1.181416
6506 1.299051
6587 0.622774
6657 1.471212
6725 1.275986
6806 0.677686
6858 1.130929
6945 2.562293
7062 0.687865
7325 1.376656
7388 1.548052
7500 2.039414
7532 5.045051
7580 1.254084
7635 0.704960
7641 0.646717
7704 1.426157
7745 0.806418
7812 3.015870
7813 2.261263
7931 1.659203
7981 1.850942
8227 0.816698
8343 0.986336
8352 1.709445
8427 2.039414
8444 1.608050
8470 1.152923
8482 2.087558
8499 0.796376
8613 1.507935
8728 1.233234
8801 3.039414
8826 1.063696
8829 0.648479
9044 3.039414
9059 2.169938
9097 0.939044
9104 0.893286
9105 1.061691
9106 1.696991
9264 1.315138
9351 1.367316
9381 1.125600
9408 2.738384
9469 1.641474
9592 1.070931
9669 1.549193
9671 1.592256
9761 0.835294
9767 0.283539
9770 1.022381
9825 2.039414
9860 1.784142
10096 1.483112
10185 0.932204
10228 1.213339
10251 1.182082
10304 1.641474
10326 2.195754
10423 1.397940
10596 1.194316
10604 1.448350
10770 1.960233
10858 2.437354
11015 1.075626
11066 2.562293
11076 2.194316
11165 3.355373
11195 1.534264
11320 1.001988
11332 0.715132
11377 1.226501
11462 1.405946
11469 2.738384
11534 1.696991
11605 1.318406
