202

97 0.038658
127 0.061123
148 0.047642
194 0.030764
213 0.035753
217 0.034401
228 0.057375
320 0.073924
362 0.099526
396 0.093312
416 0.081879
417 0.079237
418 0.035064
457 0.045148
458 0.031772
486 0.059362
487 0.156089
630 0.047091
694 0.116448
739 0.080511
781 0.070556
799 0.088671
841 0.116448
1042 0.079237
1106 0.041301
1258 0.052733
1275 0.054909
1592 0.047642
1659 0.084965
1859 0.283675
1929 0.054909
1940 0.049202
2001 0.099526
2002 0.054260
2033 0.066435
2115 0.039214
2507 0.048535
2518 0.035064
2519 0.055925
2560 0.108960
2576 0.036347
2626 0.050267
2696 0.029061
2705 0.079237
2805 0.061123
2851 0.049761
2946 0.120443
3014 0.042107
3121 0.066690
3122 0.032542
3187 0.090846
3233 0.065830
3275 0.051988
3342 0.093312
3414 0.047202
3489 0.059787
3521 0.106658
3546 0.041619
3617 0.090846
3633 0.051874
3772 0.114749
3841 0.020289
3850 0.064499
4046 0.081879
4091 0.029472
4170 0.217920
4191 0.103647
4452 0.063068
4520 0.031034
4568 0.069078
4613 0.038386
4624 0.053945
4644 0.066435
4645 0.045148
4677 0.022952
4716 0.099526
4734 0.026342
4738 0.097389
4816 0.096159
4950 0.116448
5064 0.050267
5085 0.079237
5086 0.064675
5174 0.064124
5176 0.183368
5177 0.050267
5222 0.069803
5304 0.177341
5325 0.065830
5332 0.116448
5394 0.042340
5491 0.017220
5494 0.073924
5536 0.081879
5555 0.254894
5556 0.181691
5625 0.065244
5692 0.064115
5701 0.056636
5734 0.023911
5826 0.048092
5869 0.044763
5920 0.052442
5926 0.029723
5931 0.071342
6306 0.108960
6324 0.062562
6331 0.076925
6380 0.080159
6456 0.068585
6504 0.037085
6506 0.055241
6535 0.068381
6616 0.038252
6739 0.116448
6792 0.088380
6806 0.028818
6874 0.021277
6909 0.031772
6965 0.195156
7041 0.058541
7061 0.020340
7072 0.059787
7231 0.103647
7325 0.058541
7460 0.126322
7490 0.059787
7493 0.068381
7580 0.053329
7641 0.027501
7655 0.039214
7707 0.090686
7847 0.039641
7859 0.051272
7862 0.040833
7887 0.082602
7920 0.044200
7947 0.067710
7973 0.144327
8280 0.108960
8387 0.036347
8419 0.097107
8483 0.086725
8522 0.067062
8539 0.028421
8545 0.128248
8663 0.081879
8671 0.058144
8681 0.108960
8685 0.069078
8711 0.064675
8780 0.054909
8808 0.072163
8826 0.022616
8829 0.027576
8874 0.112554
9052 0.071740
9059 0.069206
9065 0.038934
9115 0.046986
9242 0.032057
9264 0.055925
9270 0.045740
9322 0.070556
9461 0.030675
9538 0.044763
9623 0.042273
9634 0.053029
9642 0.054582
9669 0.032939
9672 0.080511
9694 0.116448
9767 0.012057
9811 0.077316
10059 0.074871
10325 0.087669
10423 0.089170
10436 0.116448
10475 0.022952
10505 0.064124
10575 0.096159
10665 0.103647
10865 0.083358
10890 0.019790
10991 0.075869
11025 0.057959
11038 0.080511
11121 0.051036
11150 0.043476
11194 0.043124
11210 0.108320
11332 0.060821
11373 0.086725
11375 0.033655
11376 0.019741
11423 0.138918
11451 0.037595
11521 0.045740
11523 0.022893
11595 0.080511
11605 0.028032
11637 0.118493
