299

13 0.033045
71 0.040373
79 0.021200
101 0.056035
111 0.093285
123 0.033557
166 0.031649
175 0.028197
194 0.016632
268 0.028669
280 0.058907
281 0.053807
282 0.032093
304 0.050804
308 0.021049
346 0.069889
385 0.056035
398 0.031649
401 0.036969
404 0.025071
429 0.036969
458 0.017177
479 0.027895
483 0.057663
486 0.032093
508 0.017808
516 0.053807
531 0.042248
536 0.020826
586 0.017177
630 0.050918
665 0.014550
733 0.041017
734 0.033298
791 0.027747
872 0.038570
895 0.019456
917 0.013197
939 0.062956
965 0.044319
1007 0.025287
1106 0.044657
1132 0.014550
1221 0.051986
1245 0.069876
1269 0.021589
1275 0.059371
1317 0.058907
1487 0.019266
1542 0.018716
1605 0.020537
1609 0.025637
1611 0.038145
1632 0.041588
1721 0.017177
1797 0.016161
1803 0.057663
1816 0.098395
1859 0.013942
1896 0.031019
1929 0.029685
1940 0.039900
1963 0.039965
1981 0.043019
1991 0.024514
2137 0.039965
2165 0.055794
2244 0.032323
2259 0.009808
2264 0.033045
2405 0.030425
2475 0.040478
2507 0.008747
2548 0.023601
2550 0.018423
2565 0.065115
2576 0.019650
2633 0.025173
2638 0.024408
2651 0.090137
2677 0.035590
2690 0.022414
2696 0.015711
2801 0.027601
2851 0.026903
2906 0.042193
2954 0.043019
2967 0.033557
3054 0.030619
3095 0.013580
3121 0.018027
3185 0.037346
3186 0.035590
3211 0.039478
3236 0.022414
3243 0.023036
3275 0.014053
3286 0.032093
3384 0.031019
3394 0.034667
3465 0.039965
3482 0.066731
3491 0.044267
3492 0.015933
3567 0.016347
3637 0.026124
3672 0.062956
3679 0.034667
3761 0.027316
3818 0.016207
3841 0.021938
3850 0.017435
3871 0.047938
3887 0.031869
3965 0.050447
4076 0.042193
4091 0.031867
4215 0.034422
4315 0.121681
4359 0.024621
4421 0.047938
4451 0.020186
4510 0.041588
4542 0.032558
4573 0.025007
4635 0.117814
4738 0.013163
4906 0.041588
4916 0.058329
4943 0.039489
5009 0.031649
5067 0.026769
5081 0.023698
5089 0.051986
5100 0.032230
5143 0.020753
5150 0.190726
5151 0.100895
5168 0.111579
5177 0.027176
5276 0.047938
5294 0.079931
5307 0.023698
5324 0.022329
5453 0.039014
5532 0.020395
5624 0.025287
5651 0.030235
5678 0.045352
5753 0.014949
5797 0.024514
5812 0.058907
5833 0.034422
5841 0.033823
5869 0.024200
6070 0.017076
6112 0.023063
6199 0.045935
6211 0.028197
6274 0.055202
6308 0.017228
6332 0.058907
6380 0.021668
6421 0.013580
6433 0.017435
6504 0.020050
6506 0.029865
6529 0.037346
6587 0.014318
6639 0.040478
6649 0.033823
6683 0.069876
6792 0.059726
6802 0.023128
6806 0.015580
6838 0.025757
6864 0.010030
6965 0.026377
7041 0.031649
7043 0.040478
7046 0.042193
7058 0.044267
7062 0.047442
7072 0.032323
7111 0.011474
7120 0.076565
7150 0.022501
7165 0.025637
7324 0.045935
7325 0.031649
7490 0.032323
7497 0.130009
7498 0.016344
7589 0.028996
7641 0.014868
7737 0.031224
7745 0.074158
7760 0.015323
7812 0.069335
7813 0.051986
7847 0.021431
7856 0.028831
7859 0.020789
7862 0.022076
8126 0.038145
8241 0.023409
8245 0.023896
8272 0.101625
8326 0.029164
8338 0.109554
8343 0.045352
8352 0.078600
8382 0.023896
8383 0.065597
8404 0.012006
8417 0.042193
8455 0.020060
8482 0.023997
8485 0.025637
8493 0.046886
8499 0.018309
8529 0.024514
8539 0.015365
8585 0.139752
8621 0.029509
8664 0.050447
8819 0.029865
8826 0.057060
8829 0.014909
8846 0.100671
8874 0.060850
8931 0.006124
8964 0.062956
9019 0.024304
9052 0.019392
9059 0.087302
9104 0.020537
9130 0.017647
9242 0.138649
9271 0.042193
9381 0.025878
9461 0.016584
9593 0.021829
9596 0.027895
9602 0.036256
9625 0.059730
9632 0.032093
9669 0.017808
9679 0.034966
9767 0.058667
9774 0.021993
9811 0.020900
9865 0.018309
9895 0.039965
9936 0.036969
10015 0.024514
10067 0.023409
10092 0.020395
10150 0.062956
10185 0.021431
10228 0.055789
10324 0.039014
10325 0.118492
10326 0.151441
10378 0.015711
10397 0.019456
10401 0.070514
10423 0.064277
10433 0.024200
10458 0.029865
10487 0.013724
10543 0.045066
10565 0.092451
10619 0.012159
10623 0.046886
10651 0.028352
10699 0.062956
10806 0.069876
10818 0.029865
10844 0.049114
10887 0.029164
10890 0.042797
11124 0.038145
11135 0.029685
11152 0.020537
11193 0.035590
11210 0.058561
11211 0.051986
11320 0.023036
11332 0.016441
11355 0.036606
11396 0.021668
11423 0.018776
11451 0.020325
11523 0.024754
11600 0.032359
11605 0.333412
11606 0.064294
11667 0.041017
