39

1074 1.120336
1466 1.818161
1636 1.115135
1899 1.548052
2005 1.158601
2042 1.349218
2572 0.884078
3048 1.254084
3203 1.130396
3205 1.416165
4214 3.039414
5307 1.030814
6112 0.501595
6436 2.736928
6449 1.738384
7126 0.769901
7655 0.922143
7788 1.060423
7977 3.039414
8271 0.925471
8343 0.986336
8641 1.254084
8761 0.747158
8771 1.534264
8826 0.177283
8931 0.266359
9444 0.939044
9761 0.835294
9919 1.109995
10036 0.736218
10397 0.846290
10507 1.022381
10619 0.528869
10701 0.786561
11256 0.779343
11295 1.213339
11376 0.464226
11526 0.890195
11637 1.857649
