241

13 0.047337
71 0.028917
74 0.031040
97 0.029939
111 0.053452
139 0.040174
157 0.089458
171 0.063412
217 0.026642
268 0.123205
282 0.045974
340 0.065801
346 0.066744
404 0.017957
424 0.044729
455 0.049654
485 0.039130
508 0.025510
527 0.090184
553 0.025824
603 0.072266
630 0.109409
665 0.020843
671 0.058758
822 0.049247
831 0.026982
1002 0.043044
1007 0.036223
1044 0.042524
1106 0.031986
1132 0.083370
1135 0.042271
1284 0.035580
1364 0.050088
1532 0.025666
1555 0.111775
1561 0.061365
1721 0.024606
1798 0.038733
1816 0.187934
1831 0.025279
1859 0.039944
1929 0.042524
1940 0.114315
2046 0.033533
2071 0.031986
2116 0.052438
2140 0.048070
2185 0.077860
2194 0.067165
2259 0.028101
2294 0.057984
2298 0.063412
2335 0.090457
2342 0.047699
2394 0.077078
2507 0.012529
2518 0.027156
2520 0.060442
2543 0.037603
2550 0.026392
2552 0.034375
2576 0.056298
2596 0.055252
2651 0.077473
2696 0.022506
2700 0.050982
2705 0.061365
2762 0.015480
2801 0.039539
2816 0.070356
2881 0.053498
3056 0.055887
3136 0.047337
3193 0.054643
3233 0.050982
3236 0.032108
3482 0.063728
3492 0.114124
3513 0.056553
3533 0.045652
3546 0.064465
3567 0.046833
3603 0.057251
3818 0.046433
3826 0.092605
3841 0.062853
3885 0.042271
3943 0.052438
3951 0.023217
3971 0.047337
4046 0.063412
4148 0.032232
4196 0.024175
4215 0.032873
4359 0.070538
4393 0.090184
4458 0.068750
4562 0.051936
4573 0.053734
4663 0.029317
4722 0.036060
4729 0.039539
4734 0.040802
4747 0.084045
4769 0.037970
4938 0.045030
4943 0.018856
4954 0.046639
5025 0.083067
5081 0.067896
5086 0.050088
5135 0.058668
5150 0.054643
5178 0.027420
5241 0.055887
5394 0.032791
5491 0.040008
5521 0.043044
5624 0.036223
5689 0.027599
5743 0.024679
5797 0.035116
5851 0.027871
5869 0.069334
5900 0.034231
6060 0.031986
6268 0.077078
6308 0.049359
6317 0.023151
6379 0.065801
6380 0.062079
6421 0.077816
6504 0.057442
6506 0.042782
6601 0.049247
6802 0.033131
6806 0.089274
6813 0.025904
6858 0.037245
6874 0.016478
6909 0.049213
6960 0.039959
6984 0.057251
7008 0.028917
7062 0.033980
7118 0.020131
7120 0.027420
7143 0.030369
7150 0.032232
7165 0.036725
7217 0.026227
7305 0.055252
7369 0.041537
7460 0.032610
7497 0.062079
7498 0.023413
7528 0.040174
7532 0.041537
7641 0.021298
7704 0.023484
7707 0.035116
7745 0.106232
7760 0.021950
7859 0.019854
7874 0.042022
7946 0.033809
7947 0.052438
7959 0.064557
8016 0.030926
8083 0.046833
8245 0.034231
8272 0.029116
8338 0.062774
8352 0.056298
8387 0.028149
8499 0.026227
8616 0.045030
8711 0.050088
8728 0.040614
8761 0.024606
8780 0.042524
8808 0.055887
8826 0.081739
8829 0.042713
8846 0.048070
8920 0.035898
8931 0.017544
8959 0.037423
9052 0.027780
9059 0.053597
9101 0.080270
9104 0.029419
9106 0.055887
9242 0.099308
9255 0.046302
9380 0.037423
9438 0.051451
9461 0.047513
9489 0.084385
9562 0.032357
9592 0.035269
9623 0.032739
9625 0.042782
9651 0.080270
9767 0.046689
9783 0.028624
9865 0.052454
9904 0.058758
10017 0.030589
10092 0.058432
10228 0.039959
10325 0.033948
10326 0.024104
10378 0.045012
10401 0.033670
10423 0.069058
10433 0.034667
10491 0.037785
10561 0.044729
10619 0.034835
10700 0.060442
10720 0.055252
10890 0.030653
11025 0.022443
11038 0.062352
11124 0.054643
11135 0.042524
11193 0.050982
11194 0.033398
11210 0.027963
11328 0.075939
11434 0.077078
11451 0.058231
11453 0.080270
11502 0.033398
11523 0.035460
11532 0.042947
11534 0.055887
11605 0.108548
11606 0.122802
