224

36 0.122743
73 0.140949
97 0.042158
111 0.037634
164 0.126990
176 0.125968
198 0.106931
308 0.042458
334 0.126816
345 0.172920
346 0.117479
353 0.126990
404 0.025286
458 0.034649
479 0.056267
485 0.055099
538 0.083889
554 0.237647
630 0.025677
683 0.113030
689 0.058828
806 0.063841
822 0.069345
828 0.090904
902 0.096698
906 0.096698
992 0.053729
1053 0.046466
1080 0.143578
1090 0.076122
1106 0.090079
1132 0.117395
1298 0.086410
1385 0.048609
1386 0.140949
1395 0.113030
1466 0.042158
1506 0.051713
1616 0.137555
1653 0.068778
1785 0.081649
1789 0.071150
1797 0.032599
1872 0.029587
1940 0.026828
1947 0.051239
1997 0.068778
2033 0.072450
2054 0.067689
2259 0.059354
2305 0.104864
2308 0.101759
2392 0.092656
2532 0.056878
2596 0.077801
2645 0.140949
2647 0.113030
2651 0.072727
2696 0.063383
2908 0.101759
3050 0.076944
3159 0.140949
3236 0.135638
3348 0.126990
3414 0.051475
3417 0.049881
3500 0.074572
3507 0.080616
3735 0.068778
3770 0.062568
3783 0.068226
3794 0.099070
3832 0.140949
3841 0.022126
3863 0.090904
3882 0.140949
4041 0.085110
4061 0.126990
4110 0.045040
4157 0.083889
4205 0.056878
4264 0.475294
4273 0.083889
4283 0.092656
4343 0.085110
4444 0.077801
4469 0.086410
4573 0.050443
4663 0.041282
4677 0.025029
4734 0.028727
4738 0.053102
4747 0.059172
4769 0.053466
4772 0.203518
4775 0.126990
4776 0.189151
4848 0.140949
4858 0.073839
4972 0.101759
4978 0.069345
5012 0.038362
5025 0.038989
5098 0.140949
5213 0.099070
5457 0.067166
5479 0.198139
5491 0.018778
5692 0.104878
5728 0.140949
5743 0.034752
5833 0.023144
5843 0.108535
5869 0.146445
5880 0.038736
5885 0.032785
5920 0.057190
5948 0.080071
6071 0.057453
6112 0.069783
6162 0.067166
6167 0.051475
6274 0.055675
6331 0.083889
6380 0.043708
6421 0.027393
6445 0.068778
6453 0.140949
6587 0.028880
6598 0.140949
6601 0.069345
6627 0.052949
6649 0.068226
6759 0.104864
6792 0.072286
6813 0.036476
6909 0.034649
7111 0.023144
7217 0.073862
7264 0.076122
7342 0.086410
7394 0.066158
7411 0.041425
7447 0.113030
7493 0.074572
7498 0.016484
7598 0.092656
7635 0.098075
7648 0.140949
7694 0.036031
7703 0.101759
7745 0.037397
7783 0.067166
7788 0.049176
7818 0.081649
7826 0.060242
7859 0.013978
7861 0.032322
7962 0.126990
7999 0.126990
8062 0.104864
8241 0.047219
8245 0.048202
8348 0.071150
8422 0.096698
8478 0.272711
8619 0.059172
8687 0.140949
8741 0.115659
8767 0.032692
8821 0.065673
8826 0.024664
8909 0.073132
8920 0.101097
9019 0.049024
9037 0.108535
9065 0.042458
9161 0.126990
9193 0.089292
9206 0.140949
9366 0.062162
9387 0.081649
9480 0.150663
9544 0.104864
9557 0.078696
9733 0.113030
9745 0.113030
9752 0.104864
9767 0.039446
9796 0.073839
9865 0.036931
9903 0.036816
9933 0.099762
9942 0.064284
10017 0.086146
10018 0.068778
10052 0.126990
10067 0.047219
10147 0.215368
10195 0.078491
10318 0.073839
10325 0.047803
10478 0.118823
10501 0.068226
10547 0.159266
10559 0.076944
10596 0.055385
10658 0.057507
10701 0.072952
10890 0.021582
11025 0.031603
11121 0.027828
11146 0.050324
11267 0.069345
11298 0.054818
11320 0.046466
11340 0.045740
11368 0.082738
11386 0.062568
11423 0.037873
11475 0.067689
11532 0.030237
11602 0.126990
11605 0.061140
