203

13 0.056772
79 0.036422
97 0.035907
111 0.064107
139 0.048182
194 0.028574
206 0.073597
282 0.055137
297 0.046689
346 0.040024
352 0.052605
398 0.054375
401 0.063514
404 0.021536
458 0.029511
483 0.099067
486 0.055137
600 0.038361
630 0.021870
787 0.086670
801 0.108160
831 0.032361
1004 0.076052
1007 0.086886
1053 0.079152
1132 0.049994
1273 0.101204
1284 0.042672
1333 0.064107
1336 0.063514
1387 0.042862
1455 0.053291
1499 0.083154
1605 0.035283
1807 0.036686
1818 0.103248
1902 0.040055
1940 0.045700
1949 0.066265
1969 0.086670
2115 0.036422
2140 0.057652
2185 0.046689
2259 0.050553
2335 0.036163
2348 0.037785
2507 0.030054
2518 0.032569
2539 0.044669
2543 0.045098
2550 0.031652
2568 0.120050
2684 0.089315
2696 0.026992
2700 0.061144
3040 0.066265
3211 0.067825
3236 0.115525
3287 0.064834
3367 0.070469
3492 0.082123
3533 0.054752
3598 0.060600
3627 0.049533
3655 0.092442
3818 0.055689
3943 0.062890
3971 0.056772
4041 0.072490
4179 0.058579
4344 0.149561
4458 0.041227
4488 0.072490
4673 0.092442
4677 0.021318
4729 0.284517
4866 0.037364
4943 0.067843
5025 0.066416
5050 0.037364
5135 0.023454
5177 0.093379
5345 0.058109
5394 0.019663
5457 0.057206
5491 0.031988
5532 0.035039
5624 0.086886
5747 0.077425
5753 0.025683
5807 0.062288
5926 0.027608
5945 0.045098
5953 0.152103
6097 0.043247
6112 0.039624
6144 0.050105
6215 0.060072
6281 0.047670
6308 0.059197
6381 0.064834
6418 0.057652
6421 0.023332
6456 0.031852
6504 0.034446
6547 0.198794
6659 0.082359
6792 0.041045
6806 0.053534
6838 0.044251
6860 0.049533
6934 0.057206
6980 0.047173
7008 0.034681
7023 0.058579
7045 0.082359
7061 0.018892
7062 0.040754
7064 0.078917
7111 0.019713
7118 0.048288
7150 0.077314
7165 0.044045
7217 0.062910
7254 0.084380
7282 0.072490
7324 0.078917
7325 0.163124
7404 0.044459
7411 0.035283
7490 0.055532
7498 0.042120
7532 0.049817
7635 0.027844
7704 0.028165
7745 0.095555
7753 0.078917
7859 0.011906
7862 0.037927
7887 0.038361
7981 0.073108
8083 0.028084
8098 0.049254
8115 0.120050
8128 0.046689
8272 0.069838
8338 0.037643
8342 0.120050
8352 0.033760
8377 0.049533
8404 0.041253
8499 0.062910
8613 0.119120
8616 0.054006
8662 0.046929
8761 0.029511
8818 0.092442
8826 0.028009
8846 0.115304
8930 0.041401
8931 0.031562
9019 0.083509
9142 0.060072
9168 0.120050
9242 0.089327
9261 0.054375
9290 0.068662
9379 0.058109
9382 0.101204
9461 0.028492
9480 0.064162
9596 0.047924
9614 0.070469
9767 0.033597
9783 0.034329
9865 0.031455
9903 0.031357
10015 0.042116
10092 0.035039
10222 0.058109
10276 0.063904
10325 0.040715
10326 0.057818
10352 0.038361
10396 0.040055
10458 0.051309
10475 0.021318
10487 0.023577
10718 0.067825
10890 0.036763
11025 0.053834
11210 0.033537
11306 0.023271
11328 0.045538
11376 0.018336
11423 0.032258
11462 0.111063
11521 0.042485
11532 0.051507
11547 0.041054
11600 0.013899
11605 0.312443
11606 0.220919
