207

50 0.060214
64 0.039148
71 0.024095
74 0.051727
79 0.025305
97 0.049892
109 0.033841
111 0.066808
166 0.113331
169 0.083405
194 0.039704
272 0.114439
304 0.030320
346 0.083420
404 0.014963
423 0.034029
458 0.020503
536 0.049716
600 0.026652
630 0.075970
671 0.048959
917 0.031504
965 0.026450
1007 0.301823
1090 0.045044
1132 0.052100
1135 0.035222
1275 0.035433
1295 0.033475
1455 0.148096
1475 0.267534
1484 0.270263
1532 0.064158
1605 0.049025
1721 0.020503
1779 0.046037
1831 0.021063
1859 0.033283
1872 0.017508
1940 0.015875
2044 0.047703
2058 0.024684
2091 0.033475
2115 0.050609
2176 0.044127
2256 0.111927
2259 0.011707
2284 0.051132
2519 0.072178
2651 0.021518
2688 0.053791
2708 0.056808
2806 0.056808
2946 0.038861
2996 0.036783
3014 0.027172
3158 0.083405
3185 0.089153
3186 0.084960
3236 0.026754
3244 0.225433
3423 0.025396
3455 0.032604
3472 0.070312
3482 0.053100
3492 0.038037
3498 0.040054
3524 0.055964
3540 0.047703
3573 0.021651
3599 0.031793
3602 0.083405
3691 0.020382
3701 0.083405
3887 0.038039
3984 0.036316
3986 0.057219
4046 0.052837
4215 0.013695
4315 0.228234
4421 0.114439
4462 0.031332
4467 0.050362
4602 0.133767
4613 0.024771
4615 0.040698
4663 0.024428
4738 0.015711
4866 0.025959
4938 0.037521
4943 0.015711
5050 0.051918
5100 0.019235
5112 0.079049
5135 0.032590
5148 0.051132
5168 0.233067
5177 0.032438
5178 0.022847
5294 0.190812
5307 0.028287
5325 0.042480
5457 0.039744
5477 0.070312
5491 0.022224
5496 0.026857
5532 0.048687
5624 0.301823
5689 0.022996
5734 0.015430
5753 0.017843
5756 0.040372
5807 0.043275
5900 0.028523
5902 0.037024
5913 0.064224
6070 0.020382
6071 0.016999
6165 0.049640
6215 0.041735
6354 0.051132
6367 0.038581
6380 0.051727
6418 0.160215
6445 0.040698
6639 0.096629
6681 0.060214
6725 0.070029
6860 0.103240
6902 0.083405
7008 0.024095
7061 0.013125
7062 0.018876
7111 0.041086
7120 0.114236
7150 0.080571
7165 0.030600
7324 0.109656
7325 0.037777
7411 0.024513
7498 0.009754
7563 0.066884
7694 0.021321
7738 0.029260
7745 0.022129
7847 0.025581
7855 0.040698
7859 0.016543
7911 0.034029
7913 0.042102
8083 0.019512
8089 0.051954
8292 0.030743
8381 0.031951
8396 0.044127
8499 0.021853
8522 0.086550
8711 0.041735
8767 0.019345
8826 0.072972
8829 0.017795
8920 0.029911
9138 0.018493
9210 0.075144
9328 0.025124
9596 0.033295
9618 0.026350
9625 0.035647
9700 0.046037
9767 0.023342
9827 0.070312
9907 0.041735
9919 0.060919
10004 0.164484
10015 0.029260
10017 0.050976
10058 0.049924
10092 0.097375
10096 0.081396
10222 0.040372
10228 0.033295
10296 0.054828
10309 0.027279
10325 0.169720
10326 0.060254
10423 0.038361
10433 0.028886
10543 0.053791
10555 0.037521
10565 0.073566
10890 0.025541
11025 0.018701
11095 0.070312
11135 0.035433
11183 0.066884
11328 0.031637
11381 0.052837
11397 0.026754
11423 0.022411
11532 0.017892
11547 0.028523
11600 0.028968
11605 0.162803
11606 0.051161
11617 0.083405
11625 0.030320
11655 0.066884
