202

71 0.878046
74 0.942504
111 0.811527
123 1.459631
139 1.219870
153 7.021332
217 0.808965
218 4.824151
223 2.261263
385 2.437354
458 0.747158
508 0.774596
536 0.905875
538 1.808965
598 1.659203
630 1.107385
665 0.632874
697 0.819306
831 0.819306
856 3.039414
857 3.475802
993 2.136324
994 1.448350
1002 1.307020
1071 2.340444
1091 1.998021
1093 1.405946
1106 2.913685
1167 1.459631
1336 1.608050
1344 2.136324
1476 2.562293
1484 1.641474
1532 1.558685
1533 1.738384
1548 1.367316
1604 3.039414
1643 1.043779
1721 0.747158
1816 1.426630
1895 1.495346
1934 5.124586
1940 4.049614
1973 1.696991
1981 0.935610
1991 1.066286
2278 1.219870
2294 1.760661
2313 1.358173
2335 1.831125
2490 2.738384
2507 0.380449
2575 0.956629
2658 1.696991
2680 1.507935
2696 2.050165
2702 1.893286
2708 1.035093
2763 0.756113
2775 2.738384
3121 1.568283
3134 1.641474
3236 0.974956
3238 3.039414
3263 1.760661
3282 6.883281
3289 1.340444
3313 1.507935
3414 1.109995
3492 0.693061
3501 2.562293
3524 2.039414
3573 0.788994
3681 1.158601
3721 2.039414
3748 1.998021
3818 0.704960
4064 3.039414
4110 0.971228
4315 1.512226
4346 1.696991
4359 1.070931
4362 1.367316
4617 1.471212
4677 0.539727
4769 2.305847
4834 1.057143
4858 4.776768
4918 2.738384
4936 1.960233
4943 0.572546
4945 1.925471
5135 0.593810
5201 2.738384
5232 2.085172
5284 1.760661
5298 2.738384
5382 1.426630
5491 0.404937
5504 1.808965
5651 1.315138
5678 0.986336
5693 1.261263
5701 1.331844
5753 0.650248
5864 1.784142
6070 0.742749
6162 1.448350
6211 1.226501
6212 3.039414
6217 1.206905
6317 0.702954
6415 1.857649
6493 3.039414
6505 5.293643
6506 1.299051
6515 2.562293
6601 1.495346
6647 2.738384
6665 1.835294
6695 1.998021
6743 3.039414
6767 3.039414
6802 2.011981
6806 1.355373
6960 2.426679
7008 0.878046
7118 1.222559
7120 3.330353
7453 1.893286
7528 1.219870
7745 0.806418
7760 0.666502
7782 1.641474
7788 1.060423
7885 1.863323
7978 2.199790
7987 1.376656
8070 1.624441
8120 10.425858
8352 0.854723
8381 1.164353
8456 1.592256
8616 1.367316
8632 1.925471
8722 2.437354
8729 1.738384
8740 3.318406
8826 0.177283
8931 0.266359
9008 3.850942
9047 0.829899
9095 1.194316
9156 2.340444
9220 2.261263
9237 2.136324
9242 3.769284
9244 2.261263
9351 1.367316
9408 2.738384
9461 0.721351
9463 2.738384
9605 1.760661
9635 1.548052
9637 3.039414
9700 1.677686
9704 1.696991
9748 1.784142
9791 3.039414
9796 1.592256
9974 2.480147
10018 1.483112
10069 1.592256
10258 1.416165
10423 0.698970
10454 3.355373
10501 1.471212
10540 2.738384
10558 2.772403
10565 1.340444
10739 2.738384
10903 1.548052
11025 2.725917
11076 2.194316
11125 2.261263
11135 1.291226
11215 1.808965
11259 2.340444
11298 1.182082
11302 2.738384
11326 2.340444
11328 1.152923
11332 0.715132
11340 0.986336
11343 1.998021
11363 4.170343
11486 2.136324
11502 1.014108
11523 0.538355
11600 0.351885
11605 1.318406
11662 3.039414
