229

13 0.056378
74 0.036968
85 0.050953
97 0.071314
122 0.038388
148 0.043943
194 0.028376
199 0.052921
259 0.053631
397 0.075523
398 0.053997
416 0.075523
417 0.073086
423 0.048640
455 0.029569
458 0.087918
487 0.143972
523 0.091800
630 0.021718
632 0.038839
734 0.056809
791 0.047339
799 0.081787
875 0.044785
895 0.033194
897 0.033749
950 0.064384
1042 0.073086
1255 0.069059
1258 0.048640
1275 0.050646
1296 0.038241
1333 0.031831
1444 0.057251
1451 0.064384
1455 0.052921
1464 0.057251
1592 0.043943
1659 0.078369
1797 0.027572
1859 0.142720
1940 0.022691
1947 0.043338
2000 0.038687
2033 0.122556
2046 0.079876
2054 0.057251
2058 0.035283
2073 0.053997
2118 0.074261
2154 0.026581
2165 0.063460
2244 0.055146
2284 0.073086
2344 0.153797
2364 0.079992
2504 0.050048
2507 0.119380
2519 0.051584
2524 0.041113
2530 0.056261
2550 0.031432
2565 0.055547
2626 0.046365
2650 0.067354
2688 0.076887
2696 0.026805
2700 0.060720
2769 0.043739
2801 0.047090
2818 0.064384
2958 0.119216
3186 0.060720
3187 0.083794
3275 0.047953
3281 0.069980
3303 0.107408
3369 0.081787
3465 0.068185
3535 0.039458
3547 0.071986
3637 0.044570
3841 0.037428
3850 0.089238
3951 0.027651
3968 0.056378
4046 0.075523
4076 0.071986
4148 0.038388
4176 0.069059
4191 0.095601
4268 0.070953
4291 0.095601
4317 0.049189
4359 0.042005
4568 0.063716
4613 0.070813
4618 0.078369
4624 0.049757
4644 0.061278
4663 0.034916
4677 0.021170
4708 0.054063
4721 0.088694
4738 0.044914
4866 0.037105
5121 0.091800
5176 0.281888
5177 0.092730
5217 0.050953
5333 0.078369
5412 0.074261
5499 0.070953
5536 0.075523
5555 0.078369
5692 0.029569
5734 0.044110
5743 0.029393
5821 0.036040
5880 0.032763
5957 0.048107
6023 0.055547
6071 0.024297
6291 0.031630
6380 0.036968
6381 0.064384
6456 0.063261
6505 0.051908
6535 0.063073
6559 0.039146
6670 0.088694
6792 0.040760
6806 0.026581
6816 0.038388
6838 0.043943
6864 0.034224
6909 0.029306
6965 0.045002
6980 0.093690
7041 0.107994
7062 0.053961
7111 0.019576
7325 0.269985
7460 0.116516
7462 0.119216
7641 0.025366
7707 0.125470
7750 0.086068
7760 0.026142
7859 0.082761
7887 0.076189
7896 0.056378
7915 0.040940
7973 0.066561
8003 0.095601
8098 0.097824
8162 0.095601
8169 0.088694
8227 0.032034
8237 0.045898
8238 0.095601
8272 0.034676
8405 0.088694
8444 0.063073
8445 0.062453
8455 0.017112
8483 0.079992
8499 0.031236
8508 0.100689
8514 0.107408
8522 0.061856
8605 0.028962
8662 0.046603
8663 0.075523
8685 0.063716
8711 0.059655
8826 0.055629
8874 0.051908
8879 0.065079
8959 0.089141
8999 0.071986
9001 0.081787
9035 0.079992
9052 0.033085
9059 0.042556
9097 0.073665
9189 0.056809
9197 0.059655
9381 0.044150
9469 0.064384
9538 0.082576
9552 0.088694
9618 0.037663
9643 0.045898
9651 0.191202
9669 0.030382
9747 0.037105
9767 0.022243
9783 0.034091
9811 0.035657
9865 0.031236
9873 0.053997
9969 0.086068
10030 0.060179
10195 0.033194
10228 0.047591
10249 0.075612
10325 0.040432
10326 0.028708
10378 0.053609
10423 0.027416
10505 0.059146
10561 0.053272
10619 0.020744
10639 0.131830
10667 0.063716
10890 0.018254
11025 0.026730
11194 0.119330
11373 0.079992
11396 0.036968
11423 0.064067
11440 0.069980
11443 0.037105
11523 0.042232
11547 0.040769
11595 0.074261
11600 0.013802
11637 0.036431
