144

26 3.212794
195 2.261263
424 1.358173
596 1.358173
600 0.971228
633 1.206905
831 1.638612
1269 0.939044
1298 3.726646
1469 2.562293
1512 3.039414
1711 3.039414
1721 0.747158
1797 1.405909
1804 1.323411
1940 2.314065
1981 0.935610
2000 0.986336
2047 2.194316
2165 0.808965
2259 0.426630
2267 1.247022
2335 2.746687
2344 1.307020
2455 0.851893
2507 0.760899
2641 1.893286
2696 0.683388
3102 1.608050
3255 1.367316
3415 1.386202
3460 1.624441
3492 2.079183
3567 2.844138
3683 1.070931
3901 3.039414
3914 1.738384
3951 0.704960
4150 1.998021
4181 1.520900
4211 2.736928
4277 2.738384
4458 1.043779
4467 1.835294
4542 2.832330
4573 0.543870
4578 12.157656
4708 0.689166
4722 1.094931
4727 1.925471
4747 2.551972
4764 1.152923
4796 5.910408
5012 2.481680
5025 1.681514
5224 1.925471
5320 1.818161
5351 1.960233
5394 2.489174
5491 0.809874
5495 2.738384
5529 1.940151
5740 1.268562
5750 1.925471
5753 0.650248
5787 2.738384
5851 1.692579
5949 1.837680
5962 1.349218
5976 1.738384
6071 0.619458
6242 1.562293
6308 2.997518
6445 1.483112
6504 0.872097
6559 0.998021
6596 1.760661
6802 3.017971
6806 2.710745
6858 1.130929
6909 1.494316
6960 6.066697
6984 3.476768
7061 0.956625
7062 0.687865
7101 2.437354
7281 15.197071
7342 1.863323
7439 1.641474
7498 0.355467
7530 0.998021
7559 2.261263
7580 1.254084
7594 3.015870
7641 0.646717
7745 0.806418
7808 1.677686
7862 0.960233
7946 1.026577
8157 0.939044
8284 1.426630
8352 0.854723
8381 6.986117
8394 1.233234
8529 1.066286
8653 1.080373
8702 1.323411
8708 3.039414
8826 1.595545
8829 0.648479
9062 1.075626
9097 0.939044
9242 2.261570
9325 2.562293
9338 1.760661
9364 2.194316
9774 1.913257
9777 1.784142
9865 0.796376
10058 1.212890
10085 2.078828
10279 1.005990
10284 2.437354
10296 1.998021
10378 0.683388
10423 2.096910
10487 1.193869
10541 1.386202
10561 1.358173
10619 1.586607
10711 1.268562
11015 1.075626
11025 2.044438
11139 1.426630
11200 2.522526
11210 0.849082
11287 1.043779
11304 1.863323
11335 1.043779
11443 1.891985
11521 1.075626
11523 0.538355
11600 0.351885
11606 0.932204
