53

139 1.219870
175 2.453002
346 0.506660
418 0.824570
791 1.206905
1132 1.265748
1387 1.085172
1542 0.814105
1872 1.276027
1940 0.578516
2135 2.039414
2507 0.380449
2651 1.568283
2933 1.738384
3095 0.590708
3236 0.974956
4076 1.835294
4359 1.070931
4954 2.832330
5177 1.182082
5307 1.030814
5457 1.448350
5780 2.340444
5926 0.698970
6112 0.501595
6234 2.437354
6380 1.885008
6568 0.723444
6806 0.677686
6907 2.194316
6965 1.147320
7318 1.562293
7528 1.219870
7532 1.261263
7761 1.200565
7948 1.376656
8007 0.838017
8338 0.953054
8352 0.854723
8404 0.522218
8826 0.177283
9096 2.738384
9320 2.437354
9593 0.949509
9767 0.283539
9865 0.796376
10222 1.471212
11025 0.681479
11194 2.028217
11328 2.305847
11377 1.226501
11396 0.942504
11605 0.659203
