338

74 0.022680
79 0.044379
97 0.021875
98 0.025658
99 0.026229
111 0.097640
139 0.029354
217 0.038933
268 0.030007
308 0.022031
346 0.036576
375 0.065894
404 0.026241
423 0.059680
455 0.018140
458 0.017979
475 0.032467
483 0.030177
485 0.028591
486 0.033591
508 0.055918
536 0.021798
553 0.018869
630 0.039971
665 0.045687
697 0.019715
791 0.029042
822 0.035983
831 0.039430
839 0.033832
897 0.020705
930 0.037251
1002 0.031451
1007 0.052934
1053 0.096444
1064 0.034329
1106 0.093484
1112 0.018415
1130 0.047170
1132 0.076145
1135 0.092658
1181 0.073138
1269 0.022596
1274 0.035402
1275 0.031071
1284 0.025997
1296 0.023461
1387 0.026113
1455 0.032467
1487 0.020165
1499 0.025330
1562 0.058651
1605 0.021495
1721 0.017979
1807 0.022351
1818 0.031451
1831 0.018470
1859 0.043779
1872 0.030705
1887 0.038695
1895 0.035983
1902 0.024403
1929 0.031071
1940 0.083526
1949 0.040371
2052 0.032902
2057 0.039926
2058 0.043291
2062 0.032048
2064 0.029042
2071 0.023371
2091 0.029354
2115 0.044379
2140 0.035123
2147 0.041831
2154 0.016307
2185 0.028445
2259 0.030798
2335 0.022031
2455 0.020499
2507 0.009155
2518 0.039684
2519 0.031646
2530 0.017258
2543 0.027475
2550 0.019283
2576 0.041135
2633 0.026348
2651 0.037738
2696 0.049334
2700 0.037251
2708 0.024908
2720 0.025330
2728 0.065894
2745 0.061657
2762 0.022621
2763 0.018195
2801 0.057779
2881 0.039089
2933 0.041831
2956 0.036919
3077 0.235848
3095 0.014214
3121 0.018869
3122 0.018415
3179 0.018583
3193 0.039926
3233 0.037251
3236 0.140764
3351 0.026348
3369 0.050176
3403 0.079852
3436 0.032902
3445 0.040371
3473 0.018470
3482 0.023282
3492 0.083386
3502 0.045559
3514 0.043530
3533 0.033356
3534 0.058651
3553 0.044163
3567 0.017110
3611 0.023734
3627 0.090532
3761 0.028591
3799 0.056319
3818 0.033927
3841 0.011481
3850 0.018249
3938 0.029676
3943 0.038315
3951 0.084818
3985 0.046333
4076 0.044163
4083 0.073138
4091 0.033355
4121 0.089521
4196 0.017664
4215 0.012010
4310 0.024602
4315 0.018195
4346 0.081670
4359 0.025770
4451 0.021129
4458 0.025117
4520 0.017561
4562 0.037948
4613 0.021722
4663 0.021421
4677 0.012988
4722 0.026348
4725 0.037948
4729 0.028889
4769 0.027743
4793 0.070804
4906 0.043530
4943 0.013777
5025 0.101157
5053 0.025997
5059 0.039089
5089 0.054413
5135 0.114312
5143 0.021722
5150 0.039926
5168 0.029197
5177 0.028445
5280 0.049075
5325 0.037251
5345 0.035402
5457 0.034852
5491 0.019488
5532 0.021347
5624 0.052934
5658 0.041321
5689 0.020165
5692 0.018140
5747 0.047170
5753 0.015647
5807 0.037948
5827 0.033356
5914 0.047170
5945 0.027475
6112 0.012070
6144 0.030526
6162 0.034852
6165 0.043530
6215 0.036598
6283 0.051766
6308 0.018032
6380 0.022680
6381 0.039499
6415 0.022351
6418 0.035123
6421 0.085286
6456 0.019405
6457 0.035983
6504 0.020985
6505 0.031846
6547 0.040371
6568 0.017408
6675 0.056319
6806 0.081537
6813 0.018927
6828 0.017258
6860 0.030177
6864 0.010498
6874 0.012040
6934 0.034852
6960 0.029197
6984 0.041831
7008 0.021129
7045 0.050176
7062 0.049657
7118 0.014709
7120 0.040070
7143 0.044379
7150 0.047102
7165 0.026834
7217 0.019163
7255 0.039499
7282 0.044163
7324 0.048079
7325 0.066254
7404 0.027086
7490 0.033832
7497 0.045359
7498 0.017107
7635 0.016964
7643 0.045359
7664 0.058084
7704 0.034318
7709 0.016353
7745 0.097025
7859 0.007253
7867 0.071966
7874 0.030704
7887 0.023371
7904 0.030704
7981 0.022270
7989 0.050446
8007 0.020165
8083 0.017110
8087 0.027880
8174 0.041831
8294 0.022270
8338 0.068801
8343 0.023734
8352 0.020567
8377 0.030177
8404 0.050265
8499 0.038327
8662 0.028591
8711 0.036598
8729 0.041831
8767 0.016964
8826 0.072522
8829 0.046813
8846 0.035123
8871 0.028591
8919 0.018304
8920 0.026229
8931 0.038457
9019 0.050877
9022 0.044163
9031 0.021274
9038 0.058651
9052 0.040595
9059 0.026108
9065 0.022031
9106 0.040835
9132 0.017612
9142 0.036598
9144 0.022270
9197 0.036598
9242 0.090701
9351 0.032902
9380 0.027344
9435 0.038695
9461 0.052074
9497 0.051407
9503 0.046333
9538 0.075990
9592 0.025770
9618 0.023106
9669 0.018639
9671 0.038315
9719 0.041321
9767 0.054583
9777 0.042932
9783 0.020915
9865 0.019163
9899 0.044163
9926 0.039926
10017 0.067052
10058 0.029186
10072 0.046333
10092 0.042694
10185 0.044864
10222 0.035402
10249 0.046388
10316 0.047170
10324 0.040835
10325 0.049609
10326 0.017612
10423 0.050458
10445 0.056319
10458 0.031259
10475 0.025975
10487 0.014364
10491 0.027608
10509 0.016964
10517 0.034329
10606 0.036286
10619 0.012726
10646 0.029197
10826 0.056319
10872 0.056319
10890 0.055993
11025 0.081993
11135 0.031071
11194 0.024403
11200 0.030350
11328 0.083229
11332 0.034417
11340 0.047469
11376 0.011171
11396 0.022680
11397 0.046921
11451 0.021274
11462 0.067663
11523 0.025909
11532 0.047069
11543 0.030350
11600 0.008467
11605 0.206213
11606 0.134591
11671 0.038315
