108

23 0.054899
26 0.057741
186 0.052365
292 0.060124
318 0.044458
404 0.029398
508 0.041763
808 0.159928
897 0.046392
1112 0.041260
1493 0.147644
1559 0.105689
1956 0.281182
1991 0.057490
2028 0.083465
2053 0.083465
2071 0.052365
2115 0.099437
2222 0.138150
2267 0.067235
2304 0.059847
2335 0.148091
2455 0.045931
2651 0.042278
2667 0.148449
2697 0.086700
2708 0.055808
2763 0.040767
2922 0.130838
2967 0.078698
3095 0.031849
3122 0.041260
3436 0.073721
3459 0.091496
3482 0.052166
3492 0.112102
3783 0.079322
3818 0.038009
3850 0.122667
3900 0.112425
3951 0.076018
4195 0.063092
4215 0.026909
4520 0.039347
4536 0.107726
4843 0.086700
4857 0.112425
4964 0.056997
5050 0.051004
5053 0.116500
5054 0.103814
5093 0.115183
5135 0.064032
5394 0.026841
5491 0.021833
5513 0.562125
5601 0.420241
5689 0.045183
5833 0.053818
5920 0.132983
6082 0.103814
6108 0.105689
6112 0.027044
6348 0.082722
6456 0.086958
6587 0.033578
6802 0.054239
6813 0.042409
6874 0.026976
7001 0.073228
7062 0.074174
7120 0.044890
7595 0.073721
7604 0.089458
7760 0.035935
7887 0.104730
8104 0.074739
8227 0.044033
8292 0.060404
8294 0.049898
8404 0.028156
8455 0.023522
8475 0.072745
8537 0.088502
8761 0.040284
8784 0.100522
8785 0.183118
8826 0.057351
8829 0.069927
8931 0.014361
9019 0.170992
9047 0.044745
9104 0.048163
9242 0.040645
9974 0.334301
9976 0.138150
9981 0.112425
10040 0.088502
10487 0.032185
10521 0.066492
10561 0.146456
10619 0.028515
11130 0.096194
11135 0.139236
11340 0.053180
11376 0.050059
11523 0.029026
11532 0.035155
