79

79 0.083487
122 0.088609
791 0.109268
898 0.140154
913 0.094104
921 0.140154
1039 0.211894
1252 0.184640
1296 0.088268
1456 0.076872
1466 0.082304
1797 0.063642
1803 0.113539
1831 0.069493
1859 0.054905
1899 0.140154
2042 0.122152
2064 0.109268
2268 0.068867
2497 0.145586
2572 0.080041
2618 0.105416
2876 0.171410
3203 0.153512
3417 0.097383
3531 0.071432
3841 0.043197
3850 0.068661
4738 0.051836
5067 0.105416
5100 0.063462
5222 0.148612
5569 0.185884
6071 0.112166
6144 0.114850
6211 0.111042
6436 0.330386
6568 0.065498
6816 0.088609
6874 0.045298
7045 0.188783
7123 0.105416
7126 0.069704
7150 0.088609
7215 0.155468
7788 0.096006
7859 0.054580
7861 0.063103
7981 0.083788
7982 0.188783
8281 0.123791
8404 0.047279
8771 0.138906
8826 0.016050
8959 0.102878
9047 0.075136
9115 0.300103
9116 0.107021
9152 0.275176
9306 0.145586
9444 0.085017
9669 0.070129
9752 0.204725
9868 0.204725
9903 0.071876
10036 0.066654
10067 0.092186
10303 0.161529
10475 0.048865
10627 0.141443
11162 0.113539
11242 0.094898
11290 0.140154
11376 0.042029
11423 0.073940
11466 0.100494
11523 0.048740
11526 0.080594
11637 0.084092
