139

97 2.727241
108 1.170182
111 0.811527
217 0.808965
313 1.448350
346 0.506660
404 0.545260
485 1.188156
600 0.971228
603 2.194316
630 1.107385
695 1.784142
744 1.507935
916 1.808965
917 0.574031
1053 6.011926
1106 0.971228
1112 1.530513
1132 0.632874
1555 1.696991
1562 2.437354
1636 1.115135
1649 0.881052
1666 0.753857
1721 0.747158
1816 8.559782
1835 2.582452
1895 2.990692
1940 1.735549
2025 1.426630
2052 1.367316
2053 6.192210
2071 0.971228
2154 0.677686
2313 2.716346
2455 1.703787
2485 2.194316
2518 2.473711
2530 0.717195
2605 1.863323
2696 0.683388
2708 2.070185
2763 1.512226
2889 1.960233
2922 1.213339
2933 1.738384
2996 1.340444
3179 0.772242
3386 2.480147
3423 0.925471
3436 4.101949
3473 0.767573
3482 4.837661
3492 6.237550
3502 3.786572
3533 1.386202
3562 1.562293
3567 2.133104
3627 5.016337
3761 1.188156
3795 1.395961
3841 0.477121
3869 1.416165
3938 1.233234
3951 2.819841
4121 1.240074
4529 1.307020
4613 1.805387
4615 1.483112
4677 0.539727
4708 1.378332
4738 0.572546
4769 3.458770
4938 1.367316
4978 1.495346
5023 1.070931
5025 0.840757
5050 0.945992
5100 0.700958
5112 1.920466
5479 2.136324
5491 0.809874
5532 0.887126
5902 1.349218
6283 1.075626
6421 1.181416
6504 4.360484
6675 9.361776
6802 1.005990
6806 4.743804
6812 1.226501
6984 5.215152
7061 0.478313
7062 1.719662
7147 2.194316
7217 1.592752
7478 2.194316
7635 0.704960
7745 0.806418
7862 0.960233
7867 2.990692
8016 0.939044
8227 1.633395
8234 1.275986
8294 2.776412
8387 0.854723
8404 0.522218
8826 3.191089
8829 1.296958
8920 1.090024
9138 0.673926
9144 1.850942
9242 2.261570
9387 1.760661
9461 0.721351
9592 2.141862
9669 0.774596
9671 1.592256
9747 0.945992
9777 1.784142
9905 1.608050
10195 0.846290
10249 0.963867
10326 2.195754
10423 1.397940
10475 0.539727
10491 1.147320
10517 1.426630
10547 1.717195
10589 1.315138
10596 1.194316
10646 1.213339
10720 1.677686
11025 2.044438
11124 1.659203
11162 1.254084
11306 1.178330
11328 1.152923
11437 2.426679
