107

217 0.066497
313 0.119054
630 0.045513
691 0.167639
831 0.067347
897 0.070727
1053 0.082363
1106 0.079834
1112 0.125807
1296 0.080141
1506 0.091664
1940 0.047554
2040 0.180372
2141 0.113160
2335 0.075259
2518 0.067779
2536 0.112393
2611 0.249838
2696 0.056174
2708 0.085084
2922 0.099736
2946 0.116408
3004 0.136386
3014 0.081394
3179 0.063478
3423 0.076073
3436 0.112393
3482 0.079531
3492 0.113939
3502 0.155627
3533 0.113945
3535 0.082692
3601 0.180372
3627 0.206170
3681 0.095236
3780 0.121911
3795 0.114747
3807 0.113945
3951 0.057947
4121 0.203867
4195 0.096188
4452 0.121911
4613 0.074201
4722 0.090003
4769 0.094770
4954 0.116408
5135 0.048811
5324 0.079834
5491 0.066571
5753 0.053450
5833 0.041025
5949 0.075528
6071 0.050919
6112 0.041231
6308 0.061599
6421 0.048556
6504 0.143372
6545 0.249838
6568 0.059467
6616 0.073941
6806 0.111411
7118 0.050247
7147 0.180372
7255 0.134928
7594 0.123952
7745 0.066287
7867 0.122917
8007 0.068885
8016 0.077189
8174 0.142894
8294 0.076073
8387 0.070258
8404 0.042926
8455 0.035861
8499 0.065462
8819 0.106781
8829 0.106609
8931 0.043789
9019 0.086897
9038 0.200349
9144 0.076073
9242 0.185900
9246 0.158273
9290 0.142894
9461 0.059295
9592 0.088030
9605 0.144725
9718 0.115568
9865 0.065462
10067 0.083698
10085 0.085439
10086 0.088416
10207 0.225094
10326 0.060163
10352 0.079834
10500 0.117268
10589 0.108104
11025 0.056017
11121 0.049326
11150 0.084039
11208 0.120933
11312 0.185875
11437 0.099736
11523 0.088505
11547 0.085439
11605 0.054186
11609 0.199472
