244

26 0.062538
99 0.031826
108 0.068334
111 0.142169
175 0.035811
179 0.037039
217 0.047240
218 0.046952
346 0.029587
394 0.054405
455 0.044022
473 0.149627
486 0.040759
508 0.022617
536 0.026450
553 0.091581
630 0.064667
733 0.104186
734 0.042289
831 0.023922
866 0.052818
895 0.024710
917 0.016760
1037 0.037477
1053 0.058512
1106 0.056716
1112 0.067032
1132 0.055436
1274 0.042956
1275 0.113103
1284 0.031545
1296 0.028467
1308 0.071166
1454 0.064069
1484 0.047928
1487 0.024468
1532 0.022755
1605 0.026082
1709 0.074813
1778 0.088744
1820 0.322318
1867 0.071166
1927 0.055280
1940 0.050674
2000 0.028799
2033 0.045616
2071 0.056716
2154 0.019787
2209 0.088744
2233 0.088744
2278 0.035618
2298 0.056220
2506 0.050138
2518 0.048151
2530 0.020941
2551 0.040759
2696 0.059860
2708 0.030222
2764 0.068336
2805 0.041968
2933 0.050757
2946 0.041349
3102 0.046952
3209 0.175014
3236 0.056933
3291 0.177489
3309 0.071166
3397 0.071166
3403 0.048445
3423 0.054044
3492 0.080944
3710 0.213497
3795 0.040759
3821 0.079955
3841 0.013931
3850 0.044286
3904 0.044028
3906 0.066024
3938 0.036008
3951 0.102917
3952 0.033178
4047 0.062376
4068 0.079955
4121 0.144830
4231 0.074813
4310 0.029851
4333 0.066356
4368 0.071166
4458 0.091428
4540 0.064069
4573 0.047639
4701 0.037256
4722 0.031970
4745 0.055280
4758 0.079955
4769 0.033663
4789 0.062376
4793 0.042956
4820 0.071166
4832 0.045200
4866 0.027621
4943 0.033434
5012 0.024153
5025 0.122742
5026 0.036207
5135 0.052014
5227 0.037701
5341 0.074813
5453 0.099097
5467 0.066024
5491 0.047293
5501 0.088744
5616 0.088744
5636 0.079955
5637 0.079955
5646 0.088744
5658 0.050138
5661 0.088744
5692 0.044022
5750 0.056220
5869 0.092205
5892 0.039138
5919 0.047430
6020 0.088744
6066 0.051408
6097 0.063939
6099 0.088744
6112 0.014646
6167 0.064819
6256 0.088744
6268 0.136672
6278 0.074813
6283 0.062812
6317 0.041050
6345 0.105636
6415 0.027120
6421 0.017247
6463 0.042289
6504 0.101853
6573 0.088744
6616 0.105058
6623 0.079955
6802 0.029373
6806 0.079148
6900 0.074813
6906 0.088744
6960 0.070854
7061 0.041897
7062 0.090379
7120 0.024310
7180 0.088744
7287 0.060883
7329 0.064069
7376 0.088744
7428 0.037930
7490 0.041051
7497 0.082557
7498 0.010379
7643 0.055038
7704 0.020820
7745 0.023546
7750 0.064069
7788 0.015481
7989 0.030605
8174 0.050757
8271 0.027022
8294 0.027022
8298 0.116676
8338 0.055654
8352 0.024956
8382 0.030349
8387 0.049912
8508 0.037477
8539 0.019514
8566 0.074813
8581 0.051408
8583 0.039394
8610 0.088744
8662 0.034692
8666 0.088744
8672 0.088744
8694 0.056220
8696 0.088744
8733 0.064069
8767 0.020583
8790 0.074813
8826 0.051763
8829 0.246145
8871 0.034692
8872 0.121765
8898 0.088744
8919 0.022210
8921 0.088744
8991 0.068336
8992 0.062376
9022 0.053587
9025 0.365295
9059 0.015839
9065 0.026732
9097 0.027418
9104 0.052164
9144 0.054044
9202 0.074813
9242 0.066033
9330 0.088744
9462 0.047928
9572 0.088744
9596 0.035427
9624 0.150415
9669 0.045233
9718 0.041051
9767 0.008279
9774 0.027932
10017 0.027120
10124 0.088744
10185 0.027218
10234 0.074813
10249 0.028143
10255 0.272025
10303 0.052093
10326 0.042741
10337 0.092997
10423 0.040817
10441 0.071166
10452 0.142331
10458 0.037930
10604 0.042289
10606 0.088057
10641 0.088744
10646 0.035427
10890 0.027176
11126 0.074813
11135 0.037701
11287 0.030476
11310 0.121765
11340 0.028799
11423 0.023846
11434 0.068336
11453 0.071166
11502 0.029610
11513 0.088744
11592 0.050138
11605 0.096237
11606 0.027218
