252

22 1.534264
50 15.360213
54 3.039414
64 2.853261
71 0.878046
79 1.844286
99 1.090024
111 2.434582
165 1.863323
297 1.182082
304 2.209831
336 3.039414
346 0.506660
483 2.508169
486 1.395961
536 0.905875
552 4.007950
630 2.214771
632 0.990196
665 1.265748
697 0.819306
857 1.158601
895 0.846290
958 2.437354
1035 2.039414
1053 1.001988
1132 3.164370
1274 10.298487
1275 21.950844
1276 7.686879
1305 2.340444
1456 0.849082
1462 1.717195
1499 2.105285
1532 0.779343
1689 1.437354
1796 1.459631
1818 1.307020
1940 1.157033
2024 1.022381
2065 2.039414
2135 2.039414
2165 1.617930
2205 1.507935
2259 1.706521
2304 1.109995
2441 2.340444
2497 3.216101
2507 0.760899
2519 1.315138
2575 0.956629
2653 1.507935
2696 0.683388
2763 0.756113
2768 1.010030
2806 1.035093
2908 2.194316
2916 1.459631
2954 2.806831
3040 1.677686
3054 1.331844
3095 1.181416
3121 1.568283
3136 1.437354
3144 1.592256
3236 3.899825
3262 2.261263
3275 0.611279
3311 2.085172
3414 1.109995
3423 0.925471
3433 2.437354
3455 1.188156
3482 0.967532
3483 2.136324
3492 1.386122
3508 2.261263
3514 9.044826
3567 0.711035
3681 1.158601
3704 3.039414
3841 1.908485
3850 1.516762
3887 1.386202
3926 0.986336
3927 1.696991
3938 1.233234
3943 1.592256
3951 1.409921
4071 1.018225
4117 3.039414
4179 1.483112
4215 1.497254
4315 5.292790
4362 1.367316
4430 16.430305
4451 0.878046
4537 1.109995
4562 1.577016
4602 2.437354
4610 1.315138
4611 2.437354
4669 1.696991
4725 1.577016
4860 2.738384
4866 0.945992
4889 2.738384
4943 0.572546
4954 1.416165
4966 1.206905
4969 1.141787
5009 1.376656
5029 2.562293
5042 1.562293
5050 0.945992
5112 0.960233
5135 1.187620
5150 3.318406
5168 2.426679
5177 1.182082
5217 1.299051
5294 1.738384
5366 2.085172
5394 0.497835
5485 6.192210
5486 2.261263
5491 0.404937
5532 0.887126
5620 1.376656
5649 3.039414
5689 0.838017
5712 0.967532
5734 0.562293
5749 0.967532
5797 1.066286
5857 4.481344
5919 4.873322
5949 0.918840
6070 0.742749
6106 3.216101
6240 1.448350
6380 1.885008
6628 1.893286
6649 1.471212
6682 3.039414
6711 5.124586
6725 6.379931
6878 1.275986
6949 6.078828
6965 2.294639
7045 4.170343
7061 0.956625
7062 0.343932
7111 1.497254
7118 0.611279
7120 0.832588
7177 2.340444
7188 1.376656
7209 3.039414
7374 1.358173
7385 0.769901
7388 1.548052
7408 2.039414
7410 2.085172
7411 0.893286
7488 2.194316
7490 1.405946
7498 0.355467
7641 0.646717
7704 3.565391
7707 1.066286
7745 1.612836
7775 1.340444
7847 0.932204
7899 0.887126
7931 1.659203
7972 1.254084
8104 1.386202
8245 1.039414
8272 1.768156
8326 1.268562
8352 1.709445
8383 1.426630
8387 1.709445
8404 0.522218
8432 3.039414
8455 0.872539
8461 2.261263
8470 1.152923
8511 1.893286
8641 1.254084
8662 1.188156
8684 1.268562
8702 1.323411
8728 1.233234
8761 0.747158
8824 2.738384
8826 2.127393
8872 2.085172
9019 1.057143
9065 0.915562
9104 0.893286
9105 1.061691
9107 1.291226
9130 1.535145
9144 0.925471
9461 0.721351
9522 1.507935
9584 1.340444
9623 0.994091
9635 1.548052
9671 1.592256
9767 0.567079
9817 3.039414
9951 1.459631
10009 1.784142
10058 1.212890
10092 1.774252
10147 1.548052
10228 1.213339
10247 2.136324
10254 1.659203
10275 1.182082
10309 0.994091
10324 3.393983
10325 2.061628
10326 2.195754
10401 1.022381
10403 1.376656
10415 1.659203
10423 0.698970
10433 2.105285
10526 1.893286
10543 3.920466
10596 1.194316
10619 0.528869
10621 9.004802
10830 2.562293
10890 0.930766
10892 1.226501
11079 1.659203
11085 2.437354
11215 1.808965
11269 2.738384
11298 1.182082
11362 1.164353
11397 0.974956
11521 1.075626
11532 0.652024
11600 1.759426
11605 8.569637
11606 10.254246
