367

13 1.437354
44 2.562293
50 2.194316
71 0.878046
74 0.942504
79 1.844286
97 0.909080
98 1.066286
99 2.180048
111 3.246110
139 1.219870
176 1.358173
217 3.235861
268 1.247022
282 1.395961
346 1.519979
375 2.738384
404 0.545260
423 2.480147
439 2.437354
455 0.753857
458 0.747158
475 1.349218
483 3.762253
485 1.188156
486 1.395961
508 2.323789
536 1.811750
553 1.568283
592 1.717195
599 1.158601
600 0.971228
630 3.322156
634 1.233234
665 0.632874
681 2.194316
697 0.819306
707 2.340444
744 1.507935
756 4.680888
791 1.206905
798 1.307020
822 1.495346
831 2.457918
839 1.405946
930 1.548052
1002 1.307020
1007 4.399579
1053 3.005963
1064 1.426630
1082 2.136324
1093 1.405946
1106 2.913685
1112 0.765256
1130 1.960233
1132 3.164370
1135 3.850618
1269 0.939044
1274 1.471212
1275 3.873678
1296 0.974956
1364 3.041800
1455 1.349218
1487 0.838017
1547 1.835294
1583 2.194316
1613 1.323411
1651 1.784142
1688 2.136324
1721 0.747158
1807 3.715298
1818 2.614041
1859 1.819334
1872 0.638014
1887 1.608050
1895 1.495346
1940 2.892581
1949 1.677686
2052 1.367316
2057 1.659203
2058 0.899535
2062 3.995532
2071 0.971228
2091 1.219870
2115 0.922143
2140 1.459631
2147 1.738384
2154 0.677686
2170 1.893286
2259 1.279891
2319 1.416165
2335 0.915562
2442 2.562293
2455 0.851893
2485 2.194316
2507 0.380449
2518 1.649141
2519 1.315138
2530 0.717195
2543 1.141787
2550 0.801368
2633 1.094931
2651 1.568283
2696 2.050165
2700 1.548052
2708 1.035093
2720 1.052642
2728 2.738384
2730 2.437354
2762 0.470040
2801 2.401130
2881 1.624441
2933 3.476768
2956 1.534264
3030 1.960233
3038 1.659203
3077 7.840931
3095 1.181416
3186 1.548052
3233 1.548052
3236 4.874781
3249 2.194316
3351 1.094931
3369 2.085172
3403 1.659203
3436 1.367316
3445 1.677686
3473 0.767573
3482 0.967532
3492 2.772245
3502 1.893286
3514 5.426896
3534 2.437354
3553 1.835294
3608 1.893286
3611 0.986336
3627 2.508169
3633 1.219870
3735 2.966223
3761 2.376312
3766 1.520900
3795 1.395961
3799 2.340444
3818 0.704960
3841 1.431364
3850 0.758381
3938 1.233234
3943 1.592256
3951 5.639683
3955 2.039414
3985 1.925471
4076 1.835294
4091 1.386122
4121 4.960294
4196 0.734063
4215 0.499085
4310 1.022381
4315 3.780564
4333 1.136324
4346 3.393983
4352 1.426630
4359 2.141862
4413 1.005990
4458 1.043779
4520 1.459568
4540 2.194316
4562 1.577016
4573 0.543870
4613 1.805387
4651 3.039414
4663 0.890195
4669 1.696991
4701 1.275986
4722 1.094931
4725 1.577016
4769 1.152923
4793 1.471212
4906 1.808965
4943 1.145093
4969 1.141787
5025 1.681514
5053 1.080373
5059 1.624441
5089 2.261263
5100 0.700958
5135 4.156669
5150 1.659203
5168 3.640018
5169 2.437354
5173 2.562293
5176 1.437354
5177 2.364163
5225 2.261263
5280 2.039414
5284 1.760661
5294 3.476768
5325 1.548052
5345 1.471212
5457 1.448350
5460 1.247022
5491 1.619747
5532 2.661377
5624 4.399579
5651 1.315138
5734 0.562293
5753 0.650248
5807 1.577016
5827 2.772403
5914 1.960233
6112 0.501595
6144 1.268562
6162 1.448350
6165 1.808965
6172 2.738384
6215 1.520900
6283 1.075626
6380 0.942504
6381 1.641474
6382 1.760661
6415 0.928824
6418 2.919261
6421 2.953539
6456 0.806418
6504 1.744194
6505 1.323411
6547 1.677686
6568 0.723444
6681 2.194316
6725 2.551972
6806 2.710745
6813 0.786561
6828 0.717195
6860 1.254084
6934 1.448350
6960 1.213339
7008 0.878046
7062 2.063595
7100 2.085172
7111 0.499085
7118 0.611279
7120 1.665176
7143 2.766428
7150 0.978716
7165 1.115135
7324 1.998021
7325 2.753313
7478 4.388632
7490 1.405946
7497 0.942504
7498 0.710934
7635 0.704960
7643 0.942504
7664 2.413810
7704 1.426157
7709 0.679579
7745 4.032090
7859 0.904280
7867 1.495346
7874 1.275986
7877 1.608050
7887 0.971228
7904 1.275986
7913 1.534264
7946 1.026577
7981 0.925471
7984 2.340444
7989 3.144564
8007 0.838017
8083 0.711035
8087 2.317201
8146 1.624441
8174 1.738384
8271 0.925471
8338 2.859163
8377 1.254084
8499 2.389128
8616 1.367316
8662 1.188156
8729 1.738384
8767 0.704960
8811 2.437354
8826 3.368372
8829 3.890874
8846 1.459631
8871 1.188156
8920 1.090024
8931 1.065438
9019 1.057143
9022 1.835294
9031 1.768156
9038 2.437354
9052 0.843514
9059 1.084969
9065 0.915562
9106 1.696991
9107 1.291226
9132 0.731918
9144 0.925471
9197 1.520900
9242 3.769284
9339 1.760661
9351 1.367316
9380 1.136324
9389 4.078828
9435 1.608050
9461 0.721351
9497 2.136324
9503 1.925471
9538 3.157927
9592 1.070931
9618 0.960233
9725 2.426679
9767 2.551853
9863 1.219870
9865 0.796376
9899 1.835294
9919 1.109995
9926 1.659203
10017 2.786473
10058 1.212890
10092 2.661377
10222 1.471212
10228 1.213339
10231 1.960233
10249 0.963867
10254 1.659203
10276 0.808965
10324 1.696991
10325 3.092442
10326 0.731918
10423 2.795880
10433 1.052642
10445 2.340444
10458 1.299051
10509 0.704960
10579 1.608050
10596 1.194316
10619 0.528869
10646 1.213339
10745 1.659203
10872 2.340444
10890 3.257680
11015 1.075626
11025 2.725917
11042 2.261263
11058 2.261263
11135 2.582452
11194 1.014108
11305 2.085172
11320 1.001988
11328 3.458770
11332 1.430263
11340 1.972671
11343 1.998021
11376 0.464226
11396 0.942504
11397 2.924868
11437 1.213339
11440 1.784142
11462 1.405946
11523 1.076710
11532 1.956073
11534 1.696991
11543 1.261263
11605 7.251232
11606 5.593225
11650 2.562293
