97

111 0.051121
176 0.085557
217 0.152880
553 0.148189
630 0.034879
634 0.077686
744 0.094991
831 0.154834
1053 0.063119
1064 0.089869
1093 0.088566
1106 0.061182
1112 0.144620
1135 0.080855
1494 0.098415
1532 0.049094
1547 0.231225
1605 0.112543
1613 0.083367
1895 0.094198
1940 0.036443
2259 0.026875
2485 0.138229
2600 0.103403
2696 0.043049
2763 0.047631
2933 0.109508
3004 0.104520
3030 0.123483
3038 0.104520
3095 0.037211
3473 0.048353
3492 0.043659
3533 0.087322
3573 0.099404
3627 0.158000
3633 0.076845
3735 0.186855
3761 0.074847
3766 0.095808
3772 0.084993
3795 0.087937
3841 0.090167
3951 0.088817
4121 0.234352
4333 0.071582
4413 0.063371
4540 0.138229
4613 0.056864
4701 0.080380
5025 0.105925
5284 0.110911
5491 0.025509
5658 0.216346
5692 0.047489
5827 0.087322
6283 0.203274
6382 0.110911
6421 0.037211
6806 0.085380
7062 0.021666
7478 0.138229
7745 0.050800
8146 0.102330
8174 0.109508
8294 0.116598
8338 0.060037
8352 0.107685
8826 0.033503
8829 0.245102
8919 0.047917
8931 0.033558
9107 0.081340
9144 0.058299
9242 0.094977
9339 0.110911
9461 0.045441
9669 0.048795
9725 0.076433
9767 0.035723
9863 0.076845
10017 0.058510
10185 0.176170
10231 0.123483
10476 0.108173
10517 0.089869
10579 0.101298
10589 0.082846
10890 0.058633
11025 0.042929
11343 0.125864
11397 0.061416
11423 0.102894
11437 0.076433
11547 0.065477
11605 0.041526
11606 0.058723
