82

153 0.153328
198 0.075531
199 0.176780
420 0.116883
630 0.036274
678 0.091452
684 0.124033
848 0.638706
965 0.063145
1152 0.124033
1284 0.070778
1333 0.106330
1940 0.037900
2005 0.075902
2050 0.179398
2156 0.212841
2696 0.044770
2762 0.030793
3111 0.159676
3125 0.111174
3197 0.199119
3275 0.040046
3613 0.065905
3621 0.117861
3841 0.031257
3951 0.046183
4091 0.045404
4413 0.065905
4614 0.093462
4617 0.096382
4734 0.040582
4747 0.167185
4866 0.061974
5154 0.474037
5307 0.067531
5681 0.075163
5725 0.179398
5732 0.051529
6018 0.398237
6282 0.360702
6308 0.049093
6806 0.044397
6837 0.162480
6858 0.074090
7060 0.061071
7501 0.137922
7750 0.143754
7937 0.097963
8150 0.072057
8227 0.053504
8455 0.028581
8513 0.103314
8826 0.034843
9059 0.035539
9132 0.047950
9242 0.049387
9244 0.296281
9248 0.139955
9394 0.126142
9584 0.087815
9623 0.065125
9919 0.145436
10195 0.055442
10283 0.199119
10305 0.094885
10423 0.045791
10565 0.087815
10887 0.415531
11025 0.044645
11063 0.112497
11256 0.102113
11278 0.248067
11297 0.287509
11306 0.038597
11332 0.093700
11356 0.139955
11375 0.051849
11376 0.030412
11523 0.176344
11526 0.233274
11600 0.023053
11605 0.043186
