132

7 0.159842
85 0.076949
99 0.064567
108 0.069316
111 0.048071
198 0.068293
217 0.047919
346 0.030012
374 0.138636
417 0.110374
447 0.071491
553 0.046449
594 0.105683
630 0.032798
831 0.048532
897 0.101936
1112 0.181319
1296 0.057751
1444 0.086461
1481 0.151777
1506 0.066055
1592 0.132726
1723 0.082111
1797 0.083279
1887 0.095253
1940 0.068537
1947 0.065450
1983 0.129980
2000 0.058425
2071 0.057531
2185 0.070020
2278 0.072259
2455 0.050462
2518 0.097687
2526 0.277272
2605 0.110374
2690 0.057751
2696 0.040480
2762 0.027843
2922 0.071872
2940 0.180039
3179 0.091487
3233 0.091699
3253 0.180039
3384 0.079921
3492 0.041053
3535 0.059590
3539 0.099378
3568 0.214308
3573 0.046736
3621 0.053284
3761 0.070380
3841 0.028262
3942 0.151777
3953 0.105683
4121 0.073456
4215 0.029563
4451 0.052011
4474 0.180039
4520 0.043229
4573 0.032216
4677 0.095912
4764 0.068293
4769 0.068293
4916 0.075143
4943 0.033915
5025 0.049802
5089 0.133946
5096 0.100521
5135 0.035174
5143 0.053471
5150 0.196565
5394 0.029489
5651 0.155804
6070 0.043997
6283 0.063715
6392 0.180039
6587 0.036890
6626 0.303554
6806 0.080285
6874 0.029637
6960 0.071872
7061 0.028333
7062 0.020373
7080 0.114055
7111 0.029563
7498 0.021056
7673 0.104293
7745 0.143304
7774 0.151777
7801 0.094317
7867 0.088577
7989 0.062089
8174 0.205946
8272 0.052368
8294 0.054820
8383 0.084506
8616 0.080993
8629 0.084506
8826 0.010501
8829 0.038413
8909 0.093414
8931 0.015778
9019 0.062620
9031 0.104737
9056 0.104293
9059 0.032134
9132 0.043355
9144 0.054820
9242 0.223273
9767 0.016795
9795 0.180039
9796 0.094317
9867 0.144376
9886 0.180039
10092 0.052549
10363 0.093414
10364 0.144376
10433 0.062353
10475 0.127883
10556 0.070020
10569 0.180039
10579 0.095253
10890 0.027567
10948 0.162208
11121 0.071092
11193 0.091699
11200 0.074711
11215 0.107154
11287 0.061828
11376 0.027498
11605 0.234287
