202

7 2.698436
23 3.054674
45 1.405946
103 1.219870
127 1.437354
139 1.219870
175 1.226501
346 1.013319
404 0.545260
508 0.774596
531 0.918840
536 0.905875
553 0.784142
630 0.553693
697 0.819306
736 1.448350
917 0.574031
1002 1.307020
1132 0.632874
1285 2.698436
1506 1.115135
1596 3.355373
1653 1.483112
1831 0.767573
1867 2.437354
1897 1.863323
1899 1.548052
1940 1.157033
2000 0.986336
2110 1.784142
2259 0.853261
2335 0.915562
2390 2.085172
2438 3.996043
2452 1.562293
2455 1.703787
2499 1.307020
2504 1.275986
2507 0.380449
2518 2.473711
2530 2.151584
2551 1.395961
2575 0.956629
2708 1.035093
2762 0.470040
2763 0.756113
2764 2.340444
2855 3.039414
3018 1.863323
3102 1.608050
3236 1.949912
3275 0.611279
3417 1.075626
3542 1.677686
3555 2.136324
3567 4.977242
3613 1.005990
3626 0.967532
3629 3.039414
3732 1.863323
3906 2.261263
4068 2.738384
4113 2.085172
4179 1.483112
4196 0.734063
4211 0.912309
4242 3.039414
4245 2.340444
4266 1.052642
4278 1.534264
4343 1.835294
4368 2.437354
4377 1.520900
4451 3.512184
4537 1.109995
4569 2.340444
4708 0.689166
4713 2.562293
4762 3.039414
4763 1.893286
4793 1.471212
4904 1.471212
4969 1.141787
5025 0.840757
5050 0.945992
5054 1.925471
5070 1.863323
5135 1.187620
5270 1.395961
5320 3.636321
5324 0.971228
5394 0.995670
5431 3.039414
5441 4.388632
5448 2.194316
5526 1.592256
5529 1.293434
5635 2.261263
5636 2.738384
5740 1.268562
5795 1.170182
5833 0.998169
5857 1.120336
5869 1.052642
5926 0.698970
5949 0.918840
6070 0.742749
6112 1.003190
6192 3.476768
6380 0.942504
6504 4.360484
6557 2.340444
6806 4.743804
6874 1.501014
6909 0.747158
7035 1.893286
7061 0.478313
7062 0.687865
7078 4.272648
7082 1.147320
7111 0.998169
7217 0.796376
7237 2.136324
7385 0.769901
7497 2.827512
7498 0.355467
7547 3.039414
7550 3.248882
7580 2.508169
7685 1.738384
7694 0.776963
7745 0.806418
7837 1.659203
7862 0.960233
7867 2.990692
7978 1.099895
7985 1.863323
7989 1.048188
8032 2.194316
8083 0.711035
8234 1.275986
8249 2.261263
8343 0.986336
8352 0.854723
8395 2.085172
8404 0.522218
8410 1.307020
8440 1.386202
8455 0.436270
8529 1.066286
8554 1.835294
8621 1.283539
8826 0.531848
8829 2.593916
8871 1.188156
8931 0.266359
9001 2.085172
9059 1.084969
9099 2.630276
9104 0.893286
9192 2.738384
9242 8.292425
9461 0.721351
9562 0.982509
9618 0.960233
9643 1.170182
9755 1.534264
9761 0.835294
9865 0.796376
9957 1.437354
10003 3.039414
10179 1.998021
10251 1.182082
10279 1.005990
10309 0.994091
10326 0.731918
10352 2.913685
10378 1.366777
10449 3.039414
10452 2.437354
10475 1.079454
10491 1.147320
10506 2.738384
10555 1.367316
10735 1.548052
10776 2.085172
10820 1.998021
11025 1.362959
11121 0.600081
11287 2.087558
11306 0.589165
11328 1.152923
11332 0.715132
11401 4.078828
11475 1.459631
11521 2.151253
11532 1.304049
11536 1.323411
11539 1.592256
11600 0.351885
11605 1.318406
11625 2.209831
