259

23 0.033246
36 0.043211
79 0.030109
127 0.046931
157 0.044346
186 0.031712
216 0.048825
298 0.054778
304 0.036077
404 0.017803
536 0.059156
552 0.032716
679 0.099240
689 0.041420
728 0.083662
827 0.058254
852 0.079582
865 0.051491
913 0.237567
1074 0.109741
1075 0.121679
1085 0.068083
1157 0.042941
1221 0.073833
1255 0.057488
1364 0.049659
1384 0.057488
1411 0.069753
1456 0.027724
1466 0.029683
1487 0.109449
1499 0.034370
1609 0.036410
1636 0.072821
1652 0.050546
1653 0.048425
1721 0.024396
1760 0.049236
1797 0.068857
1803 0.040947
1807 0.030327
1831 0.050124
1872 0.041664
1899 0.151637
1993 0.060840
2005 0.075659
2025 0.046581
2042 0.044054
2115 0.030109
2141 0.044949
2179 0.123636
2194 0.066589
2248 0.037281
2259 0.069650
2290 0.050095
2405 0.043211
2421 0.096615
2507 0.012422
2510 0.079582
2563 0.076418
2572 0.028866
2804 0.114052
2876 0.061818
2886 0.051491
2916 0.047659
2967 0.047659
3048 0.040947
3121 0.025603
3179 0.025215
3203 0.055363
3205 0.046239
3211 0.056068
3275 0.019959
3402 0.086422
3450 0.056760
3546 0.031956
3633 0.039830
3691 0.024252
3693 0.046931
3699 0.099240
3759 0.089411
3841 0.046736
3850 0.024762
4043 0.059924
4091 0.045258
4215 0.081478
4297 0.058254
4444 0.054778
4566 0.027010
4573 0.017758
4613 0.029474
4620 0.114975
4687 0.059924
4708 0.022502
4734 0.020226
4877 0.147666
4943 0.018694
4964 0.034517
4965 0.099240
5023 0.034967
5053 0.035275
5112 0.031353
5122 0.061818
5143 0.029474
5160 0.079582
5394 0.032510
5468 0.038996
5544 0.118130
5569 0.100557
5611 0.071647
5642 0.099240
5681 0.037461
5732 0.051364
5734 0.018360
5817 0.045261
5821 0.030001
5851 0.027632
5857 0.036580
5966 0.059924
6060 0.095135
6070 0.024252
6144 0.124260
6146 0.073833
6167 0.036243
6205 0.047659
6211 0.040047
6274 0.039200
6281 0.078814
6421 0.038575
6436 0.327668
6449 0.170281
6568 0.023621
6583 0.054778
6587 0.020334
6616 0.029371
6813 0.025682
6820 0.060840
6837 0.040490
6853 0.064004
6864 0.014245
6965 0.037461
6993 0.079582
7111 0.016296
7126 0.175967
7182 0.043486
7215 0.056068
7217 0.026003
7387 0.041182
7434 0.167324
7448 0.136167
7498 0.046426
7704 0.093131
7738 0.034815
7761 0.039200
7788 0.034624
7793 0.076418
7859 0.009842
7862 0.031353
7872 0.046239
7904 0.041662
7961 0.064004
7981 0.120871
7987 0.044949
8029 0.073833
8046 0.039830
8128 0.077193
8144 0.076418
8157 0.030661
8227 0.026666
8272 0.028866
8326 0.082840
8359 0.061818
8404 0.034102
8455 0.014245
8457 0.038996
8462 0.120140
8471 0.099240
8489 0.097650
8539 0.043645
8613 0.098472
8641 0.081895
8650 0.042416
8728 0.040267
8761 0.048791
8771 0.100191
8808 0.055409
8826 0.023154
8931 0.008697
8971 0.042676
9047 0.081291
9059 0.017713
9115 0.144307
9264 0.042941
9270 0.035120
9306 0.105009
9328 0.059788
9418 0.089411
9444 0.030661
9462 0.053596
9593 0.031003
9623 0.032458
9688 0.042941
9704 0.055409
9729 0.044054
9767 0.027774
9770 0.033382
9776 0.062869
9788 0.052505
9865 0.026003
9903 0.025922
9919 0.144971
9942 0.045261
9950 0.042941
9995 0.083662
10015 0.034815
10036 0.024038
10058 0.059403
10059 0.057488
10195 0.027632
10214 0.062869
10376 0.147666
10378 0.022313
10397 0.055265
10403 0.134848
10423 0.022822
10433 0.034370
10548 0.097375
10556 0.038596
10559 0.054175
10596 0.038996
10619 0.051805
10635 0.164335
10658 0.040490
10677 0.161539
10701 0.025682
10887 0.041420
10888 0.089411
10890 0.015195
10917 0.052505
10933 0.059065
11015 0.035120
11162 0.040947
11242 0.034225
11256 0.050893
11278 0.061818
11290 0.050546
11297 0.071647
11298 0.038596
11310 0.068083
11335 0.034081
11396 0.061548
11397 0.031833
11462 0.045906
11503 0.057732
11523 0.035156
11526 0.029066
11564 0.052505
11636 0.038017
11637 0.121309
