107

97 0.059813
111 0.053395
175 0.080698
187 0.124569
292 0.073370
603 0.144375
630 0.072861
744 0.099215
1053 0.131852
1130 0.128974
1274 0.096799
1275 0.084956
1874 0.103760
1887 0.105802
1929 0.084956
1940 0.114191
2033 0.102791
2053 0.101854
2198 0.180172
2342 0.095294
2444 0.103760
2455 0.168151
2518 0.054253
2574 0.168586
2605 0.122598
2669 0.199979
2696 0.089927
2708 0.068104
2933 0.114377
2967 0.096037
3145 0.180172
3236 0.128295
3275 0.040219
3401 0.176389
3402 0.087074
3414 0.073032
3436 0.089963
3492 0.182400
3502 0.124569
3611 0.064896
3613 0.066189
3776 0.180172
3795 0.091848
3938 0.081141
4121 0.081591
4566 0.054428
4722 0.144082
4734 0.040757
5012 0.054428
5025 0.165953
5100 0.046120
5135 0.078140
5376 0.165970
5753 0.042783
5833 0.032837
5919 0.213761
5926 0.045989
6168 0.100068
6250 0.360345
6380 0.062012
6421 0.077731
6504 0.114760
6616 0.059185
6806 0.133765
6874 0.065840
6998 0.411583
7062 0.045258
7120 0.054780
7152 0.199979
7460 0.065150
7497 0.062012
7514 0.180172
7745 0.053058
7788 0.034885
8157 0.061785
8334 0.090577
8455 0.028704
8826 0.023329
8829 0.170667
8931 0.017525
8956 0.071083
8999 0.120753
9052 0.055499
9197 0.100068
9380 0.074765
9592 0.070462
9651 0.160366
9669 0.050965
10030 0.100947
10062 0.128974
10185 0.061335
10195 0.055682
10326 0.048157
10475 0.035511
10887 0.083465
10933 0.119021
11025 0.089676
11194 0.066723
11298 0.077775
11332 0.047052
11396 0.062012
11451 0.058168
11462 0.092504
11523 0.035421
11605 0.086745
11606 0.122669
11609 0.079832
