160

13 2.874708
51 2.738384
99 4.360096
103 1.219870
111 2.434582
176 1.358173
194 0.723444
198 1.152923
282 2.791923
304 1.104916
346 1.013319
372 2.085172
373 2.919261
431 3.039414
553 0.784142
596 1.358173
623 2.039414
632 1.980392
917 1.722094
1007 1.099895
1028 1.376656
1175 1.808965
1255 1.760661
1296 0.974956
1333 1.623055
1399 2.340444
1617 1.291226
1779 1.677686
1940 0.578516
2046 1.018225
2062 1.331844
2071 0.971228
2165 0.808965
2259 2.559782
2262 1.863323
2267 1.247022
2342 1.448350
2405 1.323411
2518 1.649141
2627 0.765256
2696 0.683388
2720 1.052642
2762 2.350201
2768 1.010030
2805 1.437354
2933 8.691921
3095 1.181416
3203 1.130396
3384 1.349218
3403 1.659203
3405 1.998021
3461 2.562293
3492 0.693061
3514 1.808965
3531 0.788994
3573 1.577988
3603 1.738384
3611 0.986336
3626 0.967532
3850 0.758381
3885 1.283539
3952 1.136324
4121 1.240074
4148 1.957433
4215 2.994508
4286 1.760661
4315 3.024452
4359 2.141862
4549 2.738384
4566 0.827227
4708 0.689166
4969 1.141787
5067 1.164353
5081 1.030814
5135 0.593810
5143 1.805387
5150 1.659203
5168 1.213339
5320 1.818161
5324 0.971228
5521 1.307020
5532 0.887126
5624 1.099895
5749 1.935064
5792 0.974956
5797 1.066286
5851 0.846290
5913 2.340444
5926 1.397940
6112 0.501595
6162 1.448350
6317 1.405909
6324 1.471212
6380 0.942504
6504 0.872097
6514 1.534264
6601 2.990692
6657 1.471212
6806 1.355373
6838 1.120336
6965 1.147320
7062 0.343932
7077 1.893286
7120 1.665176
7259 2.562293
7325 1.376656
7389 1.426630
7411 0.893286
7707 6.397718
7760 0.666502
7775 1.340444
7859 0.301427
7867 1.495346
7872 1.416165
7915 1.043779
8042 1.738384
8083 1.422069
8241 1.018225
8245 1.039414
8259 1.696991
8338 2.859163
8352 1.709445
8383 1.426630
8476 1.717195
8482 1.043779
8829 0.648479
8846 2.919261
8931 0.799078
9019 1.057143
9106 1.696991
9144 0.925471
9624 1.717195
9625 1.299051
9662 1.677686
9767 0.283539
9952 2.562293
10058 1.212890
10195 0.846290
10296 1.998021
10309 0.994091
10352 1.942457
10378 0.683388
10401 2.044762
10433 3.157927
10619 2.115476
10623 2.039414
10661 3.015870
10818 1.299051
10890 0.465383
11058 2.261263
11079 4.977609
11121 0.600081
11473 7.686879
11502 1.014108
11532 0.652024
11547 1.039414
11600 1.407541
11605 6.592029
11606 2.796612
11609 1.213339
