61

111 1.623055
345 0.932204
346 0.506660
398 1.376656
483 1.254084
536 0.905875
600 0.971228
630 1.107385
681 2.194316
802 3.318406
865 1.577016
985 2.136324
1063 2.085172
1080 1.548052
1132 1.265748
1274 1.471212
1275 2.582452
1532 0.779343
1807 0.928824
1940 0.578516
2530 0.717195
2575 0.956629
2696 1.366777
2763 0.756113
2804 1.164353
3236 2.924868
3492 0.693061
3841 0.477121
4315 2.268339
4613 0.902694
4701 1.275986
5168 2.426679
5176 2.874708
5177 1.182082
5491 0.404937
6628 1.893286
7019 3.039414
7283 1.608050
7325 2.753313
7641 0.646717
7654 6.078828
7707 1.066286
7745 0.806418
7877 1.608050
8455 0.436270
8499 0.796376
8616 1.367316
8826 0.354565
8829 0.648479
9047 0.829899
9065 0.915562
9145 1.835294
9242 0.753857
9767 0.283539
10491 1.147320
10890 0.465383
10898 1.459631
10999 1.395961
11025 0.681479
11605 0.659203
11609 1.213339
