206

68 1.520900
84 2.738384
99 1.090024
100 1.760661
139 1.219870
185 1.495346
313 1.448350
331 2.738384
335 9.118242
404 0.545260
428 2.261263
465 1.784142
600 0.971228
644 1.835294
651 1.534264
734 1.448350
771 1.182082
783 17.982193
913 5.197071
917 0.574031
960 1.066286
965 0.963867
992 1.158601
1058 3.039414
1296 0.974956
1384 1.760661
1498 1.275986
1548 1.367316
1616 1.483112
1649 1.762103
1694 1.507935
1754 6.078828
1797 0.702954
1949 1.677686
2024 1.022381
2047 4.388632
2140 1.459631
2154 0.677686
2348 2.869886
2363 1.022381
2392 1.998021
2626 1.182082
2627 0.765256
2762 0.470040
3006 1.760661
3025 5.476768
3034 1.358173
3048 1.254084
3061 3.039414
3063 5.476768
3064 5.476768
3144 1.592256
3179 0.772242
3203 1.130396
3274 1.520900
3320 2.194316
3384 1.349218
3386 1.240074
3417 1.075626
3419 1.738384
3485 2.990692
3626 0.967532
3639 3.039414
3657 2.136324
3841 0.954243
3926 1.972671
3928 1.437354
3943 1.592256
3968 1.437354
4005 2.189863
4029 2.738384
4091 0.693061
4196 0.734063
4215 0.998169
4315 2.268339
4317 1.254084
4451 0.878046
4512 2.562293
4537 2.219990
4573 0.543870
4636 2.738384
4770 1.261263
4830 2.853261
4901 1.805387
4964 5.285714
5056 2.039414
5083 1.349218
5141 1.624441
5293 3.039414
5324 1.942457
5394 1.493505
5484 2.085172
5529 0.646717
5833 0.499085
5870 1.592256
5874 1.960233
5876 2.738384
6008 2.562293
6065 1.358173
6112 1.003190
6144 1.268562
6346 2.791923
6348 1.534264
6350 2.562293
6436 1.824619
6445 1.483112
6587 0.622774
6669 3.039414
6723 5.776412
6724 5.476768
6828 1.434390
6864 1.308809
6885 8.215152
6909 0.747158
7008 0.878046
7041 1.376656
7111 0.998169
7150 3.914865
7210 2.340444
7214 3.039414
7353 1.717195
7404 1.125600
7498 2.132802
7511 1.592256
7550 3.248882
7589 2.522526
7635 0.704960
7655 2.766428
7709 0.679579
7715 1.233234
7722 6.078828
7758 0.994091
7788 0.530212
7856 1.254084
7859 0.301427
7861 1.393983
7872 1.416165
7939 1.624441
7981 0.925471
7995 1.835294
8128 3.546245
8157 0.939044
8183 1.405946
8237 2.340365
8241 1.018225
8292 1.120336
8350 6.078828
8351 3.699702
8457 1.194316
8559 1.562293
8605 0.738384
8662 3.564467
8719 2.738384
8826 0.354565
8931 1.065438
9065 0.915562
9110 2.494045
9115 2.209831
9116 1.182082
9130 0.767573
9138 0.673926
9361 2.261263
9444 0.939044
9513 6.078828
9520 1.520900
9587 1.291226
9618 0.960233
9729 1.349218
9761 0.835294
9763 3.039414
9814 4.388632
9863 1.219870
9865 1.592752
9963 1.738384
10058 0.606445
10067 1.018225
10163 1.784142
10195 0.846290
10327 1.416165
10541 2.772403
10563 1.386202
10596 1.194316
10619 0.528869
10651 1.233234
10711 1.268562
10879 1.960233
11121 1.800244
11139 1.426630
11238 1.495346
11256 7.014085
11257 1.226501
11376 0.464226
11437 1.213339
11506 3.039414
11521 1.075626
11532 1.304049
11556 2.562293
11587 6.078828
11590 3.039414
11600 0.351885
11614 6.078828
11625 5.524578
11627 1.738384
11630 3.726646
11637 3.715298
11638 3.726646
