218

11 2.738384
13 1.437354
71 0.878046
79 0.922143
103 1.219870
111 2.434582
157 1.358173
194 1.446888
282 1.395961
297 1.182082
308 0.915562
346 1.013319
455 0.753857
536 0.905875
630 1.107385
632 0.990196
638 1.863323
744 1.507935
810 2.085172
831 1.638612
836 3.039414
837 3.039414
879 6.078828
1007 5.499474
1053 1.001988
1112 0.765256
1132 1.265748
1176 2.340444
1197 1.495346
1242 2.340444
1274 1.471212
1275 1.291226
1295 1.219870
1371 1.925471
1475 2.437354
1487 0.838017
1496 2.261263
1498 1.275986
1605 0.893286
1616 1.483112
1721 0.747158
1725 1.200565
1735 2.136324
1779 1.677686
1940 1.157033
2040 2.194316
2046 1.018225
2220 1.624441
2256 2.039414
2259 0.426630
2342 1.448350
2348 0.956629
2392 1.998021
2413 2.562293
2443 2.562293
2484 1.863323
2507 0.380449
2530 0.717195
2550 0.801368
2585 1.471212
2638 1.061691
2690 0.974956
2696 0.683388
2801 1.200565
3077 1.960233
3149 2.240672
3211 1.717195
3236 1.949912
3243 1.001988
3274 1.520900
3455 2.376312
3492 1.386122
3508 2.261263
3531 0.788994
3573 0.788994
3579 3.039414
3613 1.005990
3761 1.188156
3841 0.477121
3850 2.275142
3926 0.986336
3951 0.704960
4215 0.998169
4315 4.536677
4344 1.893286
4359 1.070931
4362 1.367316
4421 2.085172
4504 3.039414
4537 1.109995
4642 3.039414
4677 0.539727
4701 1.275986
4708 0.689166
4724 1.696991
4725 1.577016
4793 1.471212
4849 1.395961
4858 1.592256
4901 0.902694
4943 1.145093
4946 2.738384
4987 1.592256
5053 1.080373
5168 2.426679
5188 2.437354
5217 1.299051
5226 3.039414
5232 2.085172
5294 1.738384
5457 1.448350
5477 2.562293
5485 6.192210
5486 4.522526
5491 0.809874
5532 0.887126
5624 4.399579
5681 1.147320
5693 1.261263
5712 0.967532
5734 0.562293
5857 1.120336
6215 1.520900
6381 1.641474
6415 0.928824
6418 1.459631
6421 1.181416
6681 2.194316
6792 0.519586
6860 1.254084
6878 1.275986
6968 1.268562
7041 1.376656
7165 1.115135
7198 2.136324
7289 3.039414
7324 1.998021
7439 1.641474
7498 0.710934
7528 1.219870
7641 0.646717
7694 0.776963
7704 0.713078
7708 2.562293
7745 0.806418
7855 1.483112
7859 0.301427
7946 1.026577
8027 1.358173
8042 1.738384
8083 0.711035
8215 2.039414
8272 0.884078
8338 1.906109
8387 1.709445
8467 1.577016
8474 0.982509
8476 1.717195
8498 1.340444
8552 1.331844
8678 2.562293
8684 1.268562
8826 1.063696
8829 0.648479
8846 1.459631
8871 1.188156
9052 0.843514
9059 1.084969
9104 0.893286
9196 1.893286
9242 0.753857
9380 1.136324
9461 0.721351
9592 1.070931
9669 1.549193
9679 1.520900
9700 1.677686
9767 0.283539
9903 0.793901
9911 1.998021
10000 1.448350
10017 0.928824
10102 3.039414
10222 1.471212
10228 1.213339
10316 1.960233
10326 2.927672
10401 1.022381
10423 0.698970
10489 1.960233
10537 1.534264
10542 3.039414
10543 7.840931
10556 2.364163
10558 1.386202
10561 1.358173
10604 1.448350
10621 1.125600
10623 2.039414
10624 2.085172
10625 6.078828
10673 2.562293
10872 2.340444
10890 0.465383
11025 0.681479
11135 1.291226
11183 2.437354
11211 2.261263
11286 3.039414
11328 1.152923
11362 1.164353
11397 2.924868
11445 1.738384
11600 0.703770
11605 6.592029
11606 0.932204
11625 1.104916
11655 2.437354
