198

23 1.018225
26 3.212794
65 1.534264
97 1.818161
98 1.066286
111 3.246110
313 1.448350
318 0.824570
345 0.932204
346 0.506660
418 0.824570
455 1.507714
511 2.039414
549 1.459631
599 1.158601
600 0.971228
603 2.194316
629 1.863323
630 0.553693
633 2.413810
665 0.632874
733 10.704850
895 0.846290
1053 3.005963
1106 1.942457
1112 0.765256
1132 1.898622
1226 5.476768
1487 1.676034
1555 1.696991
1616 1.483112
1617 1.291226
1649 0.881052
1721 0.747158
1726 2.136324
1816 5.706521
1835 2.582452
1859 0.606445
1929 3.873678
1940 4.628130
1973 1.696991
2000 0.986336
2044 1.738384
2053 1.548052
2071 1.942457
2156 1.624441
2313 1.358173
2335 2.746687
2410 2.437354
2507 0.380449
2518 3.298281
2548 1.026577
2550 0.801368
2576 1.709445
2605 1.863323
2696 0.683388
2708 1.035093
2711 1.562293
2996 1.340444
3054 1.331844
3102 1.608050
3236 0.974956
3301 1.960233
3386 1.240074
3417 1.075626
3436 1.367316
3482 1.935064
3492 2.772245
3502 1.893286
3533 2.772403
3562 1.562293
3627 2.508169
3638 3.850942
3770 1.349218
3780 1.483112
3795 1.395961
3806 1.395961
3850 0.758381
3869 1.416165
3951 2.819841
3971 2.874708
4121 1.240074
4315 0.756113
4458 4.175116
4566 0.827227
4573 1.631609
4613 0.902694
4677 0.539727
4708 1.378332
4726 1.863323
4938 1.367316
5012 0.827227
5025 0.840757
5050 0.945992
5100 0.700958
5112 0.960233
5135 0.593810
5453 1.696991
5491 0.404937
5496 0.978716
5532 0.887126
5696 3.568283
5732 0.786561
5753 0.650248
5827 1.386202
5833 0.998169
5851 0.846290
5900 1.039414
5926 0.698970
6060 0.971228
6063 1.808965
6071 0.619458
6101 3.039414
6227 1.158601
6283 1.075626
6291 0.806418
6315 1.275986
6380 0.942504
6456 0.806418
6504 3.488387
6601 1.495346
6802 1.005990
6806 6.776863
6960 1.213339
6962 2.401130
7009 1.717195
7062 0.687865
7073 2.738384
7120 0.832588
7217 0.796376
7497 1.885008
7515 1.405946
7641 1.293434
7694 0.776963
7707 1.066286
7745 3.225672
7788 0.530212
7794 1.448350
7847 0.932204
7859 0.301427
7862 0.960233
7867 1.495346
7918 3.096105
7989 1.048188
7995 1.835294
8016 0.939044
8294 1.850942
8332 2.966223
8338 3.812217
8381 1.164353
8387 0.854723
8404 1.044436
8470 1.152923
8508 1.283539
8539 0.668346
8552 6.659220
8802 2.261263
8826 2.836524
8828 1.835294
8829 1.296958
8871 1.188156
8959 2.272648
9052 0.843514
9059 1.627453
9144 0.925471
9242 6.784711
9568 1.066286
9669 0.774596
9747 0.945992
9761 0.835294
9777 1.784142
9863 1.219870
9865 1.592752
10036 0.736218
10067 1.018225
10195 0.846290
10326 1.463836
10378 0.683388
10438 1.998021
10491 1.147320
10517 1.426630
10541 1.386202
10561 1.358173
10596 1.194316
11025 0.681479
11031 1.448350
11125 2.261263
11150 1.022381
11162 1.254084
11210 1.698165
11306 1.178330
11328 1.152923
11375 0.791441
11437 1.213339
11451 0.884078
11600 0.351885
11605 1.318406
11606 0.932204
