176

13 0.064999
79 0.041701
108 0.052917
139 0.055164
175 0.110929
259 0.061832
308 0.041403
346 0.045824
418 0.037288
454 0.137447
455 0.034091
485 0.053730
487 0.331979
630 0.075117
632 0.044778
791 0.054578
926 0.105839
939 0.123834
1132 0.028620
1180 0.193216
1231 0.046234
1387 0.049073
1506 0.050428
1532 0.035243
1542 0.036815
1633 0.058745
1725 0.054291
1859 0.054849
1872 0.115408
1940 0.026161
1986 0.050901
1995 0.051633
2000 0.044604
2046 0.046046
2048 0.165990
2057 0.075032
2135 0.092225
2154 0.061292
2348 0.043260
2365 0.096608
2427 0.115871
2593 0.115871
2651 0.106380
2696 0.030904
2756 0.071315
2762 0.021256
2873 0.115871
2933 0.078612
3095 0.026713
3185 0.073460
3236 0.088178
3274 0.068777
3275 0.027643
3405 0.090354
3495 0.052917
3506 0.110221
3531 0.035680
3720 0.123834
3818 0.031879
3850 0.034295
3951 0.063759
4076 0.082995
4121 0.056078
4138 0.137447
4359 0.048429
4386 0.137447
4645 0.048011
4721 0.102258
4738 0.077674
4842 0.073460
4954 0.128082
5083 0.061014
5100 0.031698
5122 0.085617
5176 0.064999
5177 0.213822
5193 0.078612
5215 0.115871
5222 0.074230
5307 0.046615
5336 0.123834
5457 0.065497
5499 0.081804
5734 0.025428
5735 0.068191
5780 0.105839
5795 0.052917
5807 0.071315
5827 0.062686
5926 0.031609
6023 0.064041
6067 0.137447
6195 0.123834
6234 0.110221
6308 0.033888
6346 0.063128
6380 0.085243
6456 0.036467
6547 0.075868
6568 0.032715
6618 0.096608
6670 0.102258
6806 0.030646
6837 0.056078
6907 0.099230
6965 0.051884
6974 0.085617
7041 0.062255
7150 0.044259
7318 0.070649
7324 0.090354
7325 0.186764
7460 0.044778
7528 0.055164
7532 0.057036
7575 0.088645
7761 0.054291
7859 0.040893
7889 0.096608
7920 0.047004
7948 0.062255
8007 0.037896
8319 0.094295
8338 0.043099
8352 0.077304
8382 0.047004
8404 0.023616
8488 0.084262
8510 0.115871
8583 0.061014
8784 0.042156
8826 0.080170
8920 0.049293
9052 0.038145
9093 0.085877
9096 0.123834
9104 0.080792
9320 0.110221
9322 0.150063
9381 0.101803
9544 0.102258
9593 0.042938
9669 0.140114
9767 0.051288
9865 0.036013
10058 0.027424
10163 0.080682
10195 0.076541
10222 0.066531
10275 0.053456
10304 0.074230
10325 0.046615
10388 0.137447
10423 0.031609
10534 0.066531
10565 0.060617
10619 0.047833
10689 0.137447
10764 0.137447
10890 0.021045
11025 0.030818
11121 0.027137
11165 0.075868
11194 0.321017
11328 0.052137
11377 0.055464
11396 0.042622
11423 0.036932
11480 0.079620
11523 0.024345
11532 0.029486
11534 0.076741
11583 0.137447
11595 0.085617
11605 0.029810
11625 0.049966
