127

23 1.018225
111 1.623055
171 1.925471
179 1.268562
188 1.120336
318 0.824570
404 0.545260
553 0.784142
596 1.358173
620 1.863323
733 1.784142
1002 1.307020
1132 1.265748
1269 0.939044
1336 3.216101
1484 3.282948
1636 1.115135
1895 1.495346
1940 3.471098
1981 0.935610
2000 0.986336
2024 1.022381
2028 1.548052
2064 1.206905
2115 0.922143
2181 1.738384
2335 3.662250
2339 1.147320
2455 3.407574
2507 0.380449
2524 1.048188
2696 2.050165
2913 1.925471
2922 2.426679
2927 1.624441
2946 1.416165
2974 1.495346
3014 0.990196
3048 1.254084
3102 1.608050
3289 1.340444
3423 0.925471
3432 1.471212
3473 2.302718
3482 0.967532
3533 2.772403
3535 1.005990
3611 0.986336
3681 2.317201
3732 1.863323
3761 2.376312
3778 1.863323
3900 2.085172
3951 2.114881
3955 2.039414
4041 1.835294
4279 1.738384
4346 1.696991
4359 1.070931
4513 2.261263
4520 0.729784
4573 1.087740
4582 4.486038
4769 3.458770
4901 0.902694
5338 1.416165
5453 1.696991
5529 0.646717
5678 0.986336
5732 0.786561
5753 0.650248
5792 0.974956
5821 0.918840
5826 1.130929
5948 0.863323
6060 0.971228
6505 1.323411
6798 1.998021
6806 4.743804
6864 0.436270
6874 0.500338
6960 1.213339
7041 2.753313
7497 1.885008
7532 1.261263
7707 1.066286
7745 0.806418
7760 0.666502
7788 0.530212
8243 1.495346
8284 1.426630
8372 1.784142
8419 1.141787
8440 6.931008
8470 1.152923
8508 1.283539
8539 1.336693
8653 1.080373
8826 1.772827
8916 1.863323
8931 0.266359
8956 2.160745
9104 0.893286
9165 2.562293
9242 9.800139
9475 5.151584
9568 1.066286
9669 1.549193
9719 1.717195
9748 1.784142
9943 3.521321
9988 1.808965
10084 1.624441
10249 1.927734
10326 1.463836
10461 1.577016
11025 3.407396
11121 1.200163
11135 1.291226
11306 0.589165
11340 1.972671
11376 0.464226
11523 1.076710
11568 1.349218
11600 0.351885
11605 0.659203
11625 1.104916
