387

26 1.070931
44 2.562293
50 2.194316
79 0.922143
99 2.180048
111 3.246110
175 1.226501
176 1.358173
217 3.235861
268 1.247022
346 1.519979
382 2.136324
398 1.376656
404 0.545260
423 2.480147
439 2.437354
455 0.753857
483 5.016337
485 1.188156
504 2.437354
508 1.549193
536 0.905875
553 2.352425
592 1.717195
600 1.942457
630 4.429542
634 2.466468
665 1.265748
671 1.784142
681 2.194316
697 0.819306
707 2.340444
733 1.784142
734 1.448350
744 1.507935
756 4.680888
822 1.495346
831 2.457918
917 0.574031
1002 1.307020
1004 1.925471
1007 4.399579
1053 4.007950
1064 1.426630
1077 3.039414
1082 2.136324
1093 1.405946
1106 2.913685
1112 1.530513
1132 3.164370
1135 3.850618
1185 1.893286
1269 0.939044
1274 1.471212
1275 2.582452
1364 3.041800
1387 1.085172
1455 1.349218
1487 0.838017
1510 1.960233
1532 2.338028
1547 1.835294
1600 2.261263
1613 1.323411
1651 1.784142
1657 2.194316
1688 2.136324
1721 1.494316
1797 1.405909
1807 3.715298
1816 1.426630
1818 2.614041
1859 0.606445
1872 1.276027
1880 1.395961
1887 1.608050
1895 1.495346
1902 1.014108
1940 2.892581
1949 1.677686
1986 1.125600
2000 1.972671
2005 1.158601
2057 1.659203
2058 0.899535
2061 2.738384
2091 1.219870
2120 2.136324
2141 1.376656
2154 0.677686
2249 1.760661
2259 0.853261
2298 1.925471
2319 1.416165
2335 0.915562
2342 1.448350
2361 3.039414
2442 2.562293
2485 2.194316
2518 2.473711
2519 1.315138
2530 0.717195
2633 1.094931
2651 0.784142
2677 1.548052
2696 2.050165
2708 1.035093
2730 2.437354
2801 3.601695
2881 1.624441
2922 1.213339
2933 1.738384
2956 1.534264
3014 0.990196
3030 1.960233
3038 1.659203
3040 1.677686
3077 1.960233
3095 1.181416
3102 1.608050
3107 1.998021
3186 1.548052
3229 1.960233
3233 1.548052
3236 3.899825
3249 2.194316
3301 1.960233
3351 1.094931
3368 3.039414
3405 1.998021
3423 0.925471
3473 0.767573
3482 1.935064
3492 3.465306
3514 3.617930
3608 1.893286
3611 1.972671
3633 1.219870
3735 2.966223
3761 1.188156
3766 1.520900
3772 1.349218
3795 2.791923
3799 2.340444
3818 0.704960
3841 2.862728
3850 0.758381
3951 4.934723
4041 1.835294
4063 2.189863
4077 2.437354
4121 4.960294
4196 1.468125
4310 1.022381
4315 4.536677
4333 2.272648
4346 3.393983
4352 1.426630
4359 1.070931
4413 1.005990
4458 4.175116
4520 0.729784
4540 2.194316
4562 1.577016
4573 0.543870
4613 0.902694
4623 1.534264
4669 1.696991
4677 0.539727
4701 1.275986
4729 1.200565
4769 1.152923
4793 1.471212
4943 1.145093
5002 2.738384
5035 1.784142
5050 0.945992
5053 1.080373
5059 1.624441
5081 1.030814
5100 0.700958
5112 0.960233
5135 2.969050
5150 1.659203
5168 1.213339
5169 2.437354
5173 2.562293
5174 1.507935
5176 1.437354
5177 2.364163
5213 2.136324
5225 2.261263
5280 2.039414
5284 1.760661
5294 1.738384
5394 0.497835
5441 2.194316
5453 1.696991
5491 2.024684
5532 2.661377
5624 4.399579
5651 1.315138
5678 1.972671
5734 0.562293
5747 1.960233
5753 0.650248
5807 3.154032
5827 1.386202
5833 0.499085
5851 0.846290
5869 1.052642
5914 1.960233
5964 1.659203
6071 0.619458
6112 0.501595
6144 1.268562
6162 4.345049
6215 1.520900
6283 1.075626
6308 1.498759
6381 1.641474
6393 2.562293
6399 3.039414
6415 0.928824
6418 2.919261
6421 1.772123
6456 0.806418
6505 1.323411
6547 3.355373
6559 0.998021
6574 1.863323
6601 1.495346
6635 1.233234
6681 2.194316
6725 2.551972
6763 3.039414
6802 1.005990
6806 4.066118
6860 1.254084
6934 1.448350
6960 1.213339
7007 3.039414
7061 0.478313
7062 1.031797
7100 2.085172
7102 2.562293
7111 0.998169
7143 1.844286
7150 1.957433
7165 1.115135
7217 2.389128
7324 3.996043
7325 6.883281
7388 1.548052
7430 1.738384
7436 2.261263
7478 2.194316
7490 1.405946
7497 1.885008
7498 1.421868
7532 1.261263
7635 2.114881
7745 3.225672
7761 1.200565
7788 0.530212
7859 0.602854
7862 0.960233
7877 1.608050
7887 0.971228
7946 1.026577
7981 0.925471
7984 2.340444
7988 1.960233
7989 1.048188
8087 1.158601
8146 1.624441
8150 1.099895
8174 1.738384
8183 1.405946
8186 1.548052
8271 0.925471
8272 0.884078
8332 1.483112
8338 0.953054
8387 0.854723
8440 1.386202
8498 1.340444
8499 3.981880
8508 1.283539
8601 1.760661
8616 2.734633
8662 1.188156
8728 1.233234
8767 0.704960
8811 2.437354
8826 3.545655
8829 2.593916
8871 1.188156
8909 1.577016
8920 1.090024
8931 0.532719
9019 1.057143
9025 2.085172
9031 0.884078
9036 3.039414
9052 0.843514
9059 0.542484
9106 1.696991
9107 1.291226
9132 0.731918
9142 1.520900
9184 1.608050
9197 1.520900
9242 6.784711
9339 1.760661
9351 2.734633
9389 4.078828
9435 1.608050
9461 2.164052
9503 1.925471
9538 2.105285
9574 1.696991
9636 3.039414
9667 1.158601
9669 1.549193
9709 2.194316
9719 1.717195
9725 1.213339
9767 1.134157
9783 1.738305
9860 1.784142
9863 1.219870
9911 1.998021
9919 1.109995
10015 1.066286
10017 0.928824
10039 2.194316
10058 1.212890
10086 1.075626
10092 0.887126
10109 1.835294
10185 0.932204
10228 1.213339
10231 1.960233
10276 0.808965
10316 1.960233
10324 1.696991
10325 2.061628
10397 0.846290
10423 1.397940
10433 1.052642
10437 1.696991
10475 0.539727
10491 1.147320
10579 1.608050
10617 1.863323
10619 0.528869
10804 2.340444
10818 1.299051
10890 1.396149
11015 1.075626
11025 0.681479
11031 1.448350
11042 2.261263
11125 2.261263
11135 2.582452
11305 2.085172
11320 1.001988
11332 0.715132
11340 0.986336
11363 2.085172
11376 0.464226
11377 1.226501
11397 3.899825
11423 0.816698
11434 4.680888
11440 1.784142
11462 1.405946
11502 1.014108
11523 1.615065
11532 1.956073
11534 1.696991
11543 1.261263
11547 1.039414
11605 5.273623
11606 1.864408
11650 2.562293
