251

23 1.018225
36 1.323411
42 2.437354
111 0.811527
122 0.978716
141 1.717195
268 1.247022
346 0.506660
388 2.340444
443 1.893286
447 1.206905
470 1.835294
594 1.784142
630 0.553693
634 1.233234
693 1.624441
697 0.819306
734 1.448350
968 3.039414
1064 1.426630
1269 0.939044
1385 7.337316
1456 4.245412
1466 4.545402
1506 2.230270
1538 2.039414
1587 5.476768
1605 1.786572
1636 1.115135
1643 1.043779
1760 1.507935
1773 2.085172
1859 1.819334
1940 0.578516
1967 1.893286
1974 1.738384
2073 1.376656
2111 3.039414
2115 1.844286
2320 1.738384
2344 2.614041
2348 0.956629
2473 1.026577
2507 1.902246
2518 0.824570
2532 1.226501
2548 1.026577
2550 0.801368
2572 0.884078
2627 2.295769
2644 2.136324
2696 0.683388
2720 1.052642
2725 1.863323
2762 0.940080
2768 2.020061
2804 1.164353
2892 1.520900
2894 3.039414
2912 2.136324
2945 3.039414
2954 0.935610
2966 3.670588
3060 1.426630
3149 2.240672
3150 1.176091
3156 2.753313
3203 1.130396
3211 3.434390
3414 1.109995
3432 1.471212
3480 4.129969
3482 0.967532
3558 1.206905
3560 3.039414
3613 1.005990
3691 0.742749
3770 1.349218
3806 1.395961
3841 0.477121
3850 0.758381
3951 1.409921
4033 1.283539
4091 0.693061
4110 0.971228
4148 0.978716
4205 17.171011
4229 3.039414
4526 1.641474
4534 1.182082
4573 0.543870
4582 1.495346
4646 2.194316
4677 1.079454
4725 1.577016
4738 1.717639
4908 1.784142
4942 2.437354
5007 1.760661
5105 1.925471
5122 1.893286
5143 0.902694
5145 1.998021
5148 1.863323
5176 1.437354
5178 2.497765
5222 1.641474
5324 0.971228
5348 2.738384
5538 12.157656
5689 0.838017
5732 0.786561
5743 0.749380
5753 0.650248
5766 6.078828
5792 0.974956
5817 1.386202
5833 0.998169
5851 0.846290
5880 0.835294
5926 2.096910
5928 2.194316
6070 0.742749
6071 0.619458
6097 2.189863
6168 1.520900
6227 1.158601
6291 0.806418
6380 1.885008
6381 1.641474
6401 1.696991
6641 1.760661
6792 1.039172
6854 2.437354
6864 1.308809
6874 0.500338
6878 1.275986
6942 1.893286
6980 1.194316
7043 1.760661
7050 2.328706
7060 0.932204
7229 3.039414
7234 2.261263
7264 1.641474
7325 1.376656
7460 3.960784
7498 1.066401
7529 2.039414
7560 2.738384
7626 2.136324
7635 0.704960
7641 0.646717
7646 1.760661
7653 1.760661
7655 1.844286
7694 1.553926
7707 2.132573
7709 0.679579
7715 1.233234
7726 3.039414
7745 0.806418
7826 1.299051
7830 1.808965
7847 0.932204
7854 2.039414
7859 1.205707
7861 0.696991
7915 1.043779
7920 2.078828
7939 1.624441
8007 0.838017
8016 0.939044
8083 0.711035
8089 1.893286
8191 4.170343
8255 2.194316
8381 1.164353
8387 0.854723
8463 4.801164
8476 1.717195
8746 2.738384
8767 0.704960
8780 1.291226
8826 1.418262
8829 0.648479
8914 2.340444
8931 0.532719
8942 3.039414
9047 0.829899
9059 1.084969
9106 1.696991
9255 1.405946
9270 1.075626
9322 3.318406
9333 1.426630
9342 3.039414
9381 1.125600
9486 2.085172
9520 1.520900
9560 2.085172
9634 1.247022
9669 1.549193
9718 1.405946
9845 2.340444
9865 0.796376
9896 4.388632
9904 3.568283
10015 1.066286
10031 2.261263
10058 1.819334
10077 2.646822
10092 0.887126
10137 3.039414
10212 1.998021
10242 2.874708
10249 0.963867
10326 0.731918
10378 2.050165
10401 1.022381
10509 0.704960
10617 1.863323
10619 0.528869
10658 1.240074
10665 2.437354
10701 1.573122
10770 1.960233
10818 1.299051
10892 1.226501
10919 2.437354
10929 2.340444
11025 0.681479
11064 2.136324
11146 1.085172
11152 0.893286
11194 2.028217
11238 2.990692
11257 2.453002
11278 1.893286
11328 1.152923
11332 1.430263
11340 0.986336
11358 2.136324
11376 0.464226
11386 1.349218
11423 2.450093
11458 0.854723
11523 0.538355
11536 1.323411
11600 0.351885
11605 0.659203
