97

23 1.018225
85 1.299051
346 0.506660
651 1.534264
665 0.632874
696 2.085172
897 0.860437
1215 4.170343
1269 0.939044
1364 1.520900
1370 1.109995
1704 3.096105
1721 0.747158
1956 1.738384
2005 2.317201
2010 1.459631
2064 1.206905
2156 4.873322
2335 0.915562
2524 1.048188
2638 1.061691
2680 3.015870
2696 0.683388
2708 1.035093
2752 1.483112
2763 0.756113
2824 1.158601
3095 0.590708
3455 1.188156
3459 3.393983
3473 0.767573
3492 0.693061
3633 1.219870
3715 3.068528
3850 0.758381
4195 1.170182
4196 0.734063
4199 1.696991
4417 4.874708
4520 0.729784
4573 0.543870
4842 1.624441
4904 1.471212
5601 5.196206
5833 0.499085
6421 1.772123
6433 0.758381
6488 2.562293
6568 1.446888
6574 1.863323
6874 0.500338
6942 1.893286
6974 1.893286
6975 2.811891
7001 1.358173
7060 0.932204
7062 0.687865
7064 1.998021
7072 1.405946
7120 2.497765
7501 1.052642
7552 2.136324
7861 0.696991
8150 1.099895
8272 0.884078
8294 0.925471
8404 1.044436
8456 1.592256
8457 1.194316
8485 1.115135
8512 0.875061
8537 4.924422
8745 6.582948
8767 0.704960
8785 1.698165
8826 0.354565
8931 0.799078
8955 1.960233
9026 2.039414
9132 0.731918
9197 1.520900
9328 0.915562
9370 3.068528
9615 5.476768
9767 0.283539
9857 3.039414
9966 1.717195
9974 4.960294
9984 2.562293
10208 6.078828
10487 0.596934
10521 1.233234
10890 0.465383
11121 0.600081
11146 1.085172
11523 0.538355
11544 1.624441
