256

46 2.085172
64 1.426630
108 1.170182
111 4.057637
186 0.971228
188 2.240672
204 1.315138
318 0.824570
346 1.013319
358 3.039414
404 1.090519
455 0.753857
458 0.747158
483 1.254084
536 0.905875
553 2.352425
630 4.429542
633 1.206905
639 1.960233
651 1.534264
664 2.738384
733 3.568283
822 1.495346
895 0.846290
898 1.548052
906 2.085172
930 1.548052
1007 1.099895
1044 1.291226
1053 1.001988
1106 2.913685
1132 4.430118
1258 2.480147
1333 0.811527
1364 1.520900
1422 2.340444
1487 0.838017
1489 1.592256
1532 0.779343
1605 0.893286
1616 1.483112
1617 1.291226
1701 2.194316
1702 2.562293
1721 0.747158
1767 1.808965
1797 0.702954
1807 3.715298
1816 1.426630
1822 1.483112
1831 1.535145
1940 4.049614
1974 1.738384
1981 0.935610
2031 2.437354
2033 1.562293
2044 3.476768
2071 0.971228
2157 7.312062
2259 0.426630
2319 1.416165
2335 1.831125
2340 1.018225
2455 1.703787
2497 1.608050
2507 0.760899
2554 2.716346
2576 3.418891
2708 1.035093
2711 1.562293
2720 1.052642
2762 0.470040
2805 1.437354
2851 1.170182
2858 2.085172
2922 1.213339
2933 1.738384
3042 1.835294
3121 0.784142
3225 3.039414
3236 2.924868
3243 1.001988
3263 1.760661
3417 1.075626
3436 2.734633
3464 1.426630
3473 2.302718
3482 3.870128
3489 2.811891
3492 4.851428
3499 3.015870
3507 1.738384
3533 1.386202
3539 1.677686
3611 1.972671
3621 0.899535
3627 3.762253
3806 1.395961
3807 1.386202
3818 0.704960
3841 0.477121
3852 1.717195
3944 1.784142
3951 3.524802
3965 2.194316
3971 2.874708
4091 0.693061
4211 0.912309
4215 0.499085
4315 2.268339
4377 1.520900
4458 2.087558
4613 1.805387
4623 1.534264
4638 1.998021
4682 2.437354
4729 1.200565
4769 1.152923
4834 2.114286
4866 0.945992
4943 1.145093
5012 0.827227
5054 1.925471
5059 1.624441
5081 1.030814
5135 1.781430
5143 0.902694
5168 2.426679
5394 0.497835
5453 1.696991
5457 1.448350
5485 1.548052
5491 0.404937
5532 0.887126
5620 1.376656
5624 1.099895
5747 1.960233
5833 1.996339
5857 1.120336
5880 0.835294
5914 1.960233
6072 2.738384
6227 1.158601
6274 1.200565
6358 2.437354
6380 0.942504
6421 1.181416
6587 0.622774
6802 1.005990
6806 0.677686
6816 0.978716
6864 0.872539
6909 0.747158
6930 3.039414
6984 1.738384
7061 0.478313
7062 7.566514
7072 1.405946
7080 1.925471
7120 2.497765
7143 0.922143
7150 0.978716
7165 1.115135
7217 0.796376
7264 1.641474
7270 2.562293
7404 1.125600
7497 1.885008
7498 0.710934
7515 1.405946
7557 3.039414
7597 2.136324
7635 1.409921
7745 4.032090
7760 0.666502
7782 3.282948
7783 1.448350
7819 3.039414
7911 1.240074
7918 3.096105
7995 1.835294
8083 0.711035
8215 2.039414
8271 0.925471
8332 2.966223
8338 2.859163
8352 0.854723
8360 2.437354
8446 2.085172
8455 0.872539
8499 2.389128
8552 2.663688
8695 3.039414
8729 1.738384
8761 0.747158
8826 4.077503
8829 1.296958
8872 2.085172
8920 1.090024
8931 0.266359
9008 1.925471
9059 1.627453
9097 1.878087
9219 2.562293
9242 1.507714
9333 1.426630
9380 1.136324
9461 0.721351
9574 3.393983
9579 1.315138
9592 1.070931
9625 1.299051
9626 1.925471
9669 0.774596
9767 0.283539
9865 3.981880
10017 0.928824
10069 1.592256
10222 1.471212
10249 0.963867
10279 2.011981
10326 2.195754
10327 1.416165
10423 2.096910
10433 1.052642
10469 2.194316
10509 0.704960
10520 2.194316
10543 1.960233
10556 1.182082
10561 1.358173
10565 1.340444
10720 1.677686
10813 1.893286
10827 1.717195
10890 0.465383
10903 1.548052
10961 2.738384
11080 3.039414
11094 3.039414
11124 1.659203
11210 0.849082
11306 1.178330
11320 4.007950
11328 2.305847
11335 1.043779
11340 1.972671
11362 1.164353
11368 1.784142
11375 0.791441
11377 1.226501
11437 1.213339
11532 1.304049
11605 1.318406
11606 2.796612
11620 1.085172
