414

13 0.025485
26 0.094940
65 0.054406
71 0.015568
74 0.033422
82 0.048553
97 0.016118
99 0.019327
111 0.115110
139 0.021629
157 0.024081
217 0.014343
282 0.024751
313 0.025680
346 0.017967
398 0.024409
404 0.048338
418 0.029240
447 0.021399
455 0.013366
458 0.119227
475 0.047844
483 0.066706
485 0.021066
486 0.024751
536 0.016062
553 0.027806
586 0.013247
587 0.035426
593 0.028231
595 0.064147
625 0.034139
630 0.157075
632 0.017557
697 0.029053
701 0.043215
739 0.033569
744 0.026736
756 0.041497
791 0.021399
822 0.026513
831 0.014527
883 0.053932
895 0.060020
906 0.036971
917 0.010178
1012 0.041497
1053 0.142125
1064 0.025295
1106 0.103322
1132 0.044884
1275 0.068682
1277 0.035426
1284 0.019155
1333 0.014389
1387 0.019241
1454 0.038906
1456 0.015055
1487 0.014858
1532 0.027636
1555 0.030088
1616 0.026296
1651 0.031634
1779 0.029746
1785 0.031217
1798 0.020853
1807 0.032937
1831 0.054437
1835 0.045788
1872 0.011312
1887 0.057023
1940 0.164117
1981 0.016589
2010 0.103519
2023 0.048553
2028 0.027448
2044 0.030822
2054 0.025880
2076 0.025680
2154 0.024031
2259 0.007564
2274 0.040093
2278 0.021629
2330 0.040093
2335 0.064933
2342 0.025680
2363 0.018127
2455 0.120835
2473 0.036403
2506 0.030447
2507 0.040473
2508 0.045430
2518 0.014620
2530 0.025432
2548 0.018202
2551 0.049502
2562 0.036971
2576 0.015155
2663 0.043215
2696 0.048467
2722 0.066075
2762 0.008334
2766 0.048553
2793 0.086430
2804 0.041289
2805 0.025485
2858 0.036971
2921 0.030447
2922 0.043026
3040 0.029746
3077 0.139023
3095 0.041894
3102 0.028511
3115 0.031634
3126 0.041497
3156 0.024409
3168 0.034139
3179 0.082153
3209 0.035426
3236 0.069145
3285 0.027961
3286 0.024751
3289 0.023767
3316 0.021866
3319 0.037878
3351 0.019414
3354 0.038906
3401 0.023767
3403 0.029418
3414 0.019681
3417 0.019071
3423 0.032818
3473 0.013609
3482 0.051464
3489 0.049856
3492 0.086018
3499 0.106945
3500 0.028511
3502 0.033569
3507 0.030822
3553 0.032540
3573 0.069946
3611 0.017488
3613 0.017837
3633 0.021629
3681 0.020542
3715 0.027203
3748 0.035426
3761 0.042133
3766 0.026966
3780 0.052592
3790 0.034756
3807 0.024578
3818 0.012499
3841 0.016919
3951 0.112493
3971 0.025485
4041 0.032540
4043 0.032540
4063 0.019414
4076 0.032540
4091 0.012288
4100 0.040093
4211 0.016176
4315 0.120656
4346 0.030088
4359 0.056964
4458 0.129546
4529 0.023174
4614 0.025295
4725 0.027961
4726 0.033037
4734 0.010983
4764 0.020442
4784 0.029746
4832 0.054895
4834 0.018744
4866 0.050318
4878 0.045430
4943 0.020303
5008 0.033569
5035 0.031634
5050 0.016773
5053 0.019155
5081 0.018277
5083 0.023922
5100 0.012428
5131 0.041497
5135 0.031585
5143 0.016005
5150 0.058837
5168 0.107565
5176 0.050970
5177 0.020959
5178 0.014762
5324 0.017220
5394 0.008827
5460 0.022110
5491 0.014359
5496 0.034706
5521 0.023174
5529 0.011467
5605 0.033037
5620 0.024409
5678 0.034976
5679 0.027448
5689 0.014858
5692 0.026732
5723 0.029418
5732 0.027892
5753 0.011529
5827 0.024578
5833 0.008849
5851 0.015005
5869 0.037328
5880 0.014810
5885 0.012535
5900 0.018429
5919 0.028802
5926 0.012393
5949 0.016291
5964 0.058837
6071 0.021966
6112 0.017787
6308 0.013287
6317 0.062318
6324 0.026085
6358 0.043215
6380 0.016711
6415 0.032937
6421 0.010473
6466 0.019071
6504 0.061850
6505 0.023465
6547 0.029746
6559 0.017695
6587 0.011042
6601 0.132565
6641 0.031217
6685 0.045430
6806 0.156203
6810 0.048553
6813 0.013946
6816 0.017353
6874 0.008871
6909 0.039742
6965 0.020342
6982 0.031217
7047 0.021513
7060 0.016528
7061 0.008481
7062 0.054882
7100 0.036971
7118 0.010838
7120 0.059048
7150 0.017353
7192 0.040093
7217 0.028240
7263 0.027961
7270 0.045430
7325 0.024409
7411 0.031677
7490 0.024928
7497 0.016711
7513 0.041497
7521 0.033037
7528 0.043258
7532 0.044725
7580 0.022235
7584 0.029104
7635 0.012499
7641 0.022933
7653 0.062434
7655 0.016350
7694 0.055103
7707 0.018906
7745 0.057192
7760 0.059087
7859 0.005344
7874 0.022624
7877 0.028511
7913 0.027203
7925 0.080898
7955 0.031217
8007 0.014858
8009 0.028511
8022 0.036160
8083 0.037821
8126 0.058837
8271 0.032818
8272 0.015675
8295 0.072243
8338 0.033796
8343 0.017488
8352 0.015155
8385 0.040093
8404 0.027777
8407 0.025680
8440 0.049156
8446 0.036971
8452 0.030822
8455 0.061882
8470 0.020442
8499 0.028240
8522 0.027961
8545 0.026736
8702 0.023465
8740 0.029418
8826 0.053436
8829 0.034493
8846 0.051760
8856 0.037878
8872 0.073942
8874 0.023465
8920 0.019327
8931 0.009445
8959 0.020147
8989 0.026085
9020 0.037878
9031 0.047025
9062 0.019071
9065 0.032467
9097 0.016650
9217 0.048553
9219 0.045430
9242 0.106929
9270 0.019071
9279 0.024243
9328 0.016233
9370 0.054406
9383 0.027203
9391 0.033569
9424 0.026296
9435 0.028511
9461 0.063949
9462 0.058208
9574 0.060177
9592 0.018988
9596 0.021513
9624 0.060893
9625 0.046065
9643 0.020748
9669 0.041202
9718 0.024928
9747 0.016773
9761 0.014810
9767 0.020109
9842 0.033569
9865 0.070600
9908 0.027700
9919 0.019681
9926 0.029418
9960 0.048553
9988 0.032074
9998 0.027203
10011 0.032540
10015 0.018906
10017 0.016468
10058 0.010753
10093 0.029104
10096 0.026296
10097 0.034139
10151 0.037878
10234 0.045430
10249 0.034179
10290 0.034139
10305 0.025680
10316 0.034756
10325 0.073107
10326 0.051909
10363 0.027961
10415 0.029418
10423 0.086751
10433 0.037328
10458 0.023033
10487 0.010584
10491 0.040685
10555 0.024243
10556 0.020959
10565 0.023767
10701 0.013946
10720 0.029746
10779 0.028511
10880 0.029418
10890 0.024754
10898 0.025880
10954 0.045430
11079 0.029418
11122 0.038906
11130 0.031634
11135 0.206045
11208 0.026085
11298 0.020959
11320 0.053297
11328 0.020442
11332 0.012680
11335 0.018507
11340 0.052464
11349 0.022758
11376 0.016462
11381 0.034139
11396 0.016711
11397 0.017286
11423 0.014480
11437 0.021513
11439 0.036971
11521 0.019071
11532 0.023121
11534 0.030088
11543 0.022363
11547 0.036858
11600 0.006239
11605 0.035064
11606 0.082642
