415

13 0.025481
26 0.094925
65 0.054398
71 0.015566
74 0.033417
82 0.048545
97 0.016116
99 0.019324
111 0.115091
139 0.021625
157 0.024077
217 0.014341
282 0.024747
313 0.025676
346 0.008982
398 0.024405
404 0.048331
418 0.029235
447 0.021396
455 0.013364
458 0.119208
475 0.047837
483 0.066696
485 0.021063
486 0.024747
536 0.016059
553 0.027802
586 0.013245
587 0.035420
593 0.028227
595 0.064137
625 0.034134
630 0.157050
632 0.017554
697 0.029049
701 0.043208
739 0.033563
744 0.026732
756 0.041490
791 0.021396
822 0.026509
831 0.014524
883 0.053924
895 0.060011
906 0.036965
917 0.010176
1012 0.041490
1053 0.142103
1064 0.025291
1106 0.103305
1132 0.044877
1275 0.068671
1277 0.035420
1284 0.019152
1333 0.014386
1387 0.019237
1454 0.038900
1456 0.015052
1487 0.014856
1532 0.027632
1555 0.030084
1616 0.026292
1651 0.031629
1779 0.029741
1785 0.031212
1798 0.020849
1807 0.032932
1831 0.054429
1835 0.045781
1872 0.011310
1887 0.057014
1940 0.164091
1981 0.016586
2010 0.103503
2023 0.048545
2028 0.027443
2044 0.030817
2054 0.025876
2076 0.025676
2154 0.024028
2259 0.007563
2274 0.040087
2278 0.021625
2330 0.040087
2335 0.064923
2342 0.025676
2363 0.018124
2455 0.120816
2473 0.036397
2506 0.030442
2507 0.040467
2508 0.045423
2518 0.029235
2530 0.025428
2548 0.018199
2551 0.049494
2562 0.036965
2576 0.015152
2663 0.043208
2696 0.048459
2722 0.066064
2762 0.008333
2766 0.048545
2793 0.086417
2804 0.041282
2805 0.025481
2858 0.036965
2921 0.030442
2922 0.043019
3040 0.029741
3077 0.139001
3095 0.041887
3102 0.028507
3115 0.031629
3126 0.041490
3156 0.024405
3168 0.034134
3179 0.082140
3209 0.035420
3236 0.069135
3285 0.027957
3286 0.024747
3289 0.023763
3316 0.021862
3319 0.037872
3351 0.019411
3354 0.038900
3401 0.023763
3403 0.029414
3414 0.019678
3417 0.019068
3423 0.032813
3473 0.013607
3482 0.051456
3489 0.049848
3492 0.086004
3499 0.106928
3500 0.028507
3502 0.033563
3507 0.030817
3553 0.032535
3573 0.069935
3611 0.017485
3613 0.017834
3633 0.021625
3681 0.020539
3715 0.027199
3748 0.035420
3761 0.042126
3766 0.026962
3780 0.052584
3790 0.034750
3807 0.024574
3818 0.012497
3841 0.016916
3951 0.112475
3971 0.025481
4041 0.032535
4043 0.032535
4063 0.019411
4076 0.032535
4091 0.012286
4100 0.040087
4211 0.016173
4315 0.120637
4346 0.030084
4359 0.056955
4458 0.129526
4529 0.023170
4614 0.025291
4725 0.027957
4726 0.033032
4734 0.010982
4764 0.020439
4784 0.029741
4832 0.054887
4834 0.018741
4866 0.050311
4878 0.045423
4943 0.020300
5008 0.033563
5035 0.031629
5050 0.016770
5053 0.019152
5081 0.018274
5083 0.023918
5100 0.012426
5131 0.041490
5135 0.031580
5143 0.016003
5150 0.058827
5168 0.107548
5176 0.050962
5177 0.020955
5178 0.014760
5324 0.017218
5394 0.008825
5460 0.022107
5491 0.014357
5496 0.034701
5521 0.023170
5529 0.011465
5605 0.033032
5620 0.024405
5678 0.034971
5679 0.027443
5689 0.014856
5692 0.026728
5723 0.029414
5732 0.027888
5753 0.011527
5827 0.024574
5833 0.008848
5851 0.015003
5869 0.037322
5880 0.014808
5885 0.012533
5900 0.018426
5919 0.028797
5926 0.012391
5949 0.016289
5964 0.058827
6071 0.021963
6112 0.017784
6308 0.013285
6317 0.062308
6324 0.026081
6358 0.043208
6380 0.016708
6415 0.032932
6421 0.010472
6466 0.019068
6504 0.061841
6505 0.023461
6547 0.029741
6559 0.017693
6587 0.011040
6601 0.132544
6641 0.031212
6685 0.045423
6806 0.156179
6810 0.048545
6813 0.013944
6816 0.017350
6874 0.008870
6909 0.039736
6965 0.020339
6982 0.031212
7047 0.021510
7060 0.016526
7061 0.008479
7062 0.054874
7100 0.036965
7118 0.010837
7120 0.059039
7150 0.017350
7192 0.040087
7217 0.028236
7263 0.027957
7270 0.045423
7325 0.024405
7411 0.031672
7490 0.024924
7497 0.016708
7513 0.041490
7521 0.033032
7528 0.043251
7532 0.044718
7580 0.022232
7584 0.029099
7635 0.012497
7641 0.022929
7653 0.062425
7655 0.016347
7694 0.055095
7707 0.018903
7745 0.057183
7760 0.059077
7859 0.005344
7867 0.026509
7874 0.022620
7877 0.028507
7913 0.027199
7925 0.080886
7955 0.031212
8007 0.014856
8009 0.028507
8022 0.036154
8083 0.037815
8126 0.058827
8271 0.032813
8272 0.015673
8295 0.072231
8338 0.033791
8343 0.017485
8352 0.015152
8385 0.040087
8404 0.027773
8407 0.025676
8440 0.049148
8446 0.036965
8452 0.030817
8455 0.061872
8470 0.020439
8499 0.028236
8522 0.027957
8545 0.026732
8702 0.023461
8740 0.029414
8826 0.053428
8829 0.034488
8846 0.051751
8856 0.037872
8872 0.073930
8874 0.023461
8920 0.019324
8931 0.009444
8959 0.020144
8989 0.026081
9020 0.037872
9031 0.047018
9062 0.019068
9065 0.032461
9097 0.016647
9217 0.048545
9219 0.045423
9242 0.106913
9270 0.019068
9279 0.024239
9328 0.016231
9370 0.054398
9383 0.027199
9391 0.033563
9424 0.026292
9435 0.028507
9461 0.063939
9462 0.058199
9574 0.060167
9592 0.018985
9596 0.021510
9624 0.060883
9625 0.046058
9643 0.020745
9669 0.041195
9718 0.024924
9747 0.016770
9761 0.014808
9767 0.020106
9842 0.033563
9865 0.070589
9908 0.027696
9919 0.019678
9926 0.029414
9960 0.048545
9988 0.032069
9998 0.027199
10011 0.032535
10015 0.018903
10017 0.016466
10058 0.010751
10093 0.029099
10096 0.026292
10097 0.034134
10151 0.037872
10234 0.045423
10249 0.034174
10290 0.034134
10305 0.025676
10316 0.034750
10325 0.073095
10326 0.051901
10363 0.027957
10415 0.029414
10423 0.086737
10433 0.037322
10458 0.023029
10487 0.010582
10491 0.040678
10555 0.024239
10556 0.020955
10565 0.023763
10701 0.013944
10720 0.029741
10779 0.028507
10880 0.029414
10890 0.024750
10898 0.025876
10954 0.045423
11079 0.029414
11122 0.038900
11130 0.031629
11135 0.206013
11208 0.026081
11298 0.020955
11320 0.053289
11328 0.020439
11332 0.012678
11335 0.018504
11340 0.052456
11349 0.022754
11376 0.016459
11381 0.034134
11396 0.016708
11397 0.017284
11423 0.014478
11437 0.021510
11439 0.036965
11521 0.019068
11532 0.023118
11534 0.030084
11543 0.022359
11547 0.036853
11600 0.006238
11605 0.035058
11606 0.082629
