72

99 0.106886
111 0.079577
417 0.182714
831 0.080340
1053 0.098253
1112 0.075040
1470 0.239002
1613 0.129771
1896 0.132302
1935 0.221735
1940 0.113456
2518 0.080856
2530 0.070327
3014 0.097097
3473 0.075267
3482 0.094874
3492 0.067960
3611 0.096718
3761 0.116508
3795 0.136885
3841 0.046786
3852 0.168385
3951 0.138254
4121 0.121599
4526 0.160960
4566 0.162232
4677 0.105849
4701 0.125121
4793 0.144264
5135 0.058228
5346 0.172647
5491 0.039707
5833 0.048939
6071 0.060743
6165 0.177384
6167 0.108844
6315 0.125121
6504 0.085516
6806 0.132905
6874 0.049062
6909 0.073265
6960 0.237955
7497 0.092420
7641 0.063416
7745 0.158152
7867 0.146631
8619 0.125121
8807 0.199981
8808 0.166404
8829 0.190766
8919 0.149178
8931 0.026119
9130 0.075267
9132 0.071770
9144 0.090750
9568 0.104558
9761 0.081907
9767 0.027803
9872 0.111961
10185 0.091410
10423 0.068540
10491 0.112504
10890 0.045635
11025 0.066825
11150 0.100253
11165 0.164511
11200 0.123677
11375 0.077607
11376 0.045521
11386 0.132302
11523 0.052790
11605 0.064640
