133

71 1.756092
74 0.942504
97 0.909080
204 1.315138
216 1.495346
268 1.247022
346 0.506660
404 0.545260
458 0.747158
475 1.349218
603 2.194316
604 1.495346
629 1.863323
630 3.875849
634 1.233234
1044 1.291226
1053 4.007950
1106 3.884913
1360 2.194316
1506 1.115135
1572 1.376656
1807 0.928824
1872 0.638014
1896 1.349218
1940 2.314065
2024 1.022381
2091 1.219870
2284 1.863323
2455 0.851893
2519 1.315138
2551 1.395961
2696 1.366777
2708 1.035093
2769 1.115135
3014 0.990196
3233 1.548052
3286 1.395961
3289 1.340444
3489 1.405946
3492 0.693061
3511 2.738384
3524 2.039414
3573 0.788994
3841 0.477121
4042 2.261263
4148 0.978716
4315 2.268339
4359 1.070931
4451 0.878046
4573 0.543870
4614 1.426630
4677 0.539727
4734 0.619458
4738 0.572546
4769 1.152923
4916 1.268562
5026 1.240074
5127 5.476768
5135 1.187620
5150 1.659203
5228 5.476768
5491 0.809874
5496 1.957433
5532 0.887126
5753 0.650248
5821 0.918840
5841 1.471212
5851 0.846290
5926 0.698970
5947 1.247022
5962 1.349218
6046 1.437354
6060 0.971228
6106 1.608050
6288 2.261263
6317 0.702954
6345 1.808965
6381 1.641474
6601 2.990692
6960 1.213339
7008 0.878046
7032 1.386202
7047 1.213339
7060 0.932204
7072 1.405946
7111 0.499085
7120 1.665176
7255 1.641474
7387 1.261263
7388 1.548052
7497 5.655025
7528 1.219870
7641 1.293434
7707 1.066286
7745 0.806418
7788 0.530212
7839 2.340444
8023 1.960233
8338 0.953054
8382 1.039414
8499 2.389128
8702 1.323411
8728 1.233234
8729 1.738384
8829 1.945437
8931 1.065438
8955 1.960233
8959 1.136324
9019 1.057143
9242 1.507714
9381 1.125600
9461 1.442702
9557 1.696991
9592 1.070931
9747 0.945992
9767 0.283539
9796 1.592256
9865 0.796376
10017 0.928824
10029 1.677686
10326 2.927672
10555 1.367316
10851 2.085172
11025 2.044438
11148 2.562293
11162 1.254084
11200 1.261263
11320 1.001988
11328 2.305847
11423 0.816698
11532 0.652024
11547 1.039414
11605 1.318406
