308

5 1.471212
31 2.437354
45 1.405946
63 0.945992
64 1.426630
122 0.978716
139 1.219870
163 2.194316
226 1.998021
228 1.349218
304 2.209831
308 0.915562
318 0.824570
320 1.738384
346 0.506660
404 1.090519
483 2.508169
485 1.188156
531 1.837680
553 0.784142
560 2.437354
596 1.358173
630 1.107385
665 0.632874
689 3.805686
724 2.340444
733 1.784142
734 1.448350
736 1.448350
822 1.495346
831 0.819306
839 1.405946
906 2.085172
935 2.194316
960 1.066286
1016 2.437354
1044 1.291226
1132 1.898622
1184 2.194316
1292 2.562293
1296 0.974956
1333 0.811527
1357 2.194316
1385 1.048188
1387 1.085172
1506 1.115135
1532 0.779343
1542 0.814105
1616 2.966223
1689 1.437354
1701 2.194316
1721 0.747158
1816 1.426630
1831 0.767573
1872 0.638014
1940 0.578516
1979 1.641474
1981 1.871221
1995 1.141787
2025 1.426630
2028 1.548052
2033 1.562293
2115 0.922143
2128 2.039414
2154 0.677686
2165 1.617930
2185 1.182082
2205 1.507935
2230 1.426630
2244 1.405946
2259 0.426630
2348 2.869886
2421 0.986336
2473 2.053154
2532 2.453002
2576 0.854723
2652 1.738384
2653 1.507935
2677 1.548052
2696 0.683388
2720 1.052642
2731 1.960233
2756 1.577016
2768 1.010030
2801 1.200565
2806 1.035093
2953 2.562293
2966 1.835294
2996 1.340444
3048 1.254084
3119 2.194316
3140 2.340444
3149 1.120336
3186 1.548052
3287 1.641474
3349 1.738384
3423 0.925471
3437 2.874708
3455 1.188156
3480 1.376656
3482 0.967532
3499 1.507935
3500 1.608050
3521 2.508169
3535 1.005990
3537 1.925471
3546 0.978716
3558 1.206905
3673 1.349218
3679 1.507935
3748 1.998021
3793 2.039414
3841 2.862728
3850 0.758381
3863 1.960233
3891 1.315138
3986 2.085172
3992 1.960233
4067 2.562293
4110 0.971228
4148 0.978716
4164 2.261263
4215 0.998169
4315 2.268339
4335 2.340444
4359 1.070931
4384 2.437354
4422 4.680888
4451 0.878046
4510 1.808965
4520 0.729784
4552 1.548052
4573 0.543870
4613 0.902694
4724 3.393983
4738 1.145093
4841 3.393983
4858 1.592256
4901 0.902694
4924 2.194316
5004 4.078828
5009 1.376656
5050 0.945992
5053 1.080373
5067 1.164353
5081 3.092442
5100 1.401915
5133 1.507935
5168 3.640018
5177 1.182082
5307 2.061628
5394 1.493505
5408 2.562293
5453 1.696991
5491 0.809874
5496 0.978716
5531 1.835294
5678 0.986336
5701 1.331844
5743 1.498759
5746 2.562293
5747 5.880699
5750 1.925471
5753 0.650248
5792 0.974956
5797 1.066286
5833 0.499085
5841 4.413637
5851 0.846290
5869 1.052642
5880 0.835294
6162 2.896699
6319 2.562293
6323 1.863323
6380 2.827512
6421 0.590708
6505 1.323411
6725 1.275986
6792 1.558758
6799 1.358173
6802 2.011981
6839 1.307020
6962 1.200565
7001 1.358173
7009 1.717195
7032 1.386202
7050 1.164353
7061 0.478313
7072 1.405946
7111 0.499085
7118 0.611279
7120 3.330353
7124 1.562293
7143 0.922143
7239 2.562293
7264 1.641474
7404 1.125600
7435 1.960233
7450 1.376656
7497 0.942504
7528 1.219870
7635 5.639683
7641 1.293434
7694 2.330889
7704 0.713078
7707 1.066286
7745 0.806418
7760 0.666502
7812 3.015870
7826 1.299051
7830 1.808965
7849 2.562293
7855 1.483112
7859 0.301427
7872 1.416165
7881 1.548052
7892 1.760661
7939 1.624441
7967 2.194316
7978 1.099895
8016 0.939044
8025 2.085172
8126 1.659203
8175 1.448350
8227 0.816698
8236 2.085172
8237 1.170182
8292 1.120336
8315 1.608050
8338 0.953054
8352 4.273613
8382 1.039414
8410 1.307020
8412 1.608050
8478 1.960233
8489 1.495346
8583 1.349218
8621 2.567079
8761 0.747158
8826 1.063696
8920 2.180048
8931 0.532719
9047 0.829899
9059 2.712422
9065 0.915562
9080 1.784142
9130 0.767573
9132 1.463836
9133 1.659203
9172 1.998021
9239 2.562293
9355 1.760661
9357 1.376656
9507 2.562293
9554 4.272648
9626 1.925471
9669 0.774596
9688 1.315138
9753 2.437354
9767 1.417696
9774 0.956629
9783 2.607457
9811 0.909080
9865 1.592752
9883 2.437354
9934 1.808965
9944 1.182082
9951 1.459631
10017 0.928824
10057 1.299051
10058 0.606445
10067 1.018225
10159 4.522526
10228 1.213339
10246 2.085172
10325 1.030814
10326 4.391508
10433 1.052642
10475 0.539727
10596 1.194316
10619 0.528869
10646 4.853357
10658 1.240074
10663 1.835294
10667 3.248882
10745 1.659203
10861 2.085172
10890 1.861531
10985 2.039414
11013 2.136324
11112 1.863323
11121 3.000407
11124 1.659203
11152 1.786572
11215 1.808965
11245 1.784142
11267 4.486038
11306 0.589165
11312 2.261263
11362 1.164353
11445 1.738384
11480 1.760661
11523 0.538355
11532 1.304049
11539 1.592256
11543 1.261263
11544 1.624441
11605 3.296014
