321

26 2.141862
44 2.562293
50 2.194316
79 0.922143
98 1.066286
99 2.180048
111 4.057637
148 1.120336
171 1.925471
175 1.226501
176 1.358173
188 1.120336
217 1.617930
318 0.824570
346 0.506660
439 2.437354
483 3.762253
485 1.188156
508 0.774596
536 0.905875
553 0.784142
592 1.717195
596 1.358173
599 1.158601
600 0.971228
630 2.768463
665 0.632874
671 1.784142
681 2.194316
707 2.340444
733 3.568283
756 4.680888
822 1.495346
831 0.819306
881 2.738384
895 0.846290
917 1.148063
1002 1.307020
1004 1.925471
1007 4.399579
1053 2.003975
1064 1.426630
1082 2.136324
1102 1.247022
1106 1.942457
1112 0.765256
1132 2.531496
1135 1.283539
1246 2.738384
1274 1.471212
1275 2.582452
1330 3.039414
1364 3.041800
1455 1.349218
1487 0.838017
1532 0.779343
1605 0.893286
1651 1.784142
1688 2.136324
1721 0.747158
1797 0.702954
1807 3.715298
1818 2.614041
1872 1.276027
1880 1.395961
1895 1.495346
1940 5.785163
1949 1.677686
1973 1.696991
2057 1.659203
2091 1.219870
2181 1.738384
2319 1.416165
2335 4.577812
2339 1.147320
2372 1.835294
2442 2.562293
2455 0.851893
2518 0.824570
2519 1.315138
2520 1.835294
2524 1.048188
2530 0.717195
2576 1.709445
2599 2.261263
2633 1.094931
2651 1.568283
2696 2.050165
2708 1.035093
2730 2.437354
2801 1.200565
2913 1.925471
2922 2.426679
2933 1.738384
2974 1.495346
3004 1.659203
3077 5.880699
3095 0.590708
3121 0.784142
3122 0.765256
3179 0.772242
3186 1.548052
3229 1.960233
3233 1.548052
3236 3.899825
3243 1.001988
3249 2.194316
3275 0.611279
3301 1.960233
3405 1.998021
3423 0.925471
3436 1.367316
3473 0.767573
3482 1.935064
3492 4.158367
3514 3.617930
3573 0.788994
3608 1.893286
3611 1.972671
3638 1.925471
3795 2.791923
3799 2.340444
3818 0.704960
3841 1.431364
3850 1.516762
3938 1.233234
3951 4.229762
3955 2.039414
4041 1.835294
4063 1.094931
4121 4.960294
4196 1.468125
4310 1.022381
4315 4.536677
4333 1.136324
4346 1.696991
4352 1.426630
4359 1.070931
4458 1.043779
4513 2.261263
4520 1.459568
4573 1.087740
4613 0.902694
4623 1.534264
4669 1.696991
4677 0.539727
4722 1.094931
4726 1.863323
4727 1.925471
4729 1.200565
4769 3.458770
4793 1.471212
4866 0.945992
4943 1.145093
4955 1.562293
5025 0.840757
5035 1.784142
5050 0.945992
5081 1.030814
5100 0.700958
5135 2.969050
5150 1.659203
5168 1.213339
5169 2.437354
5173 2.562293
5174 1.507935
5176 1.437354
5177 2.364163
5213 2.136324
5225 2.261263
5280 2.039414
5294 1.738384
5324 0.971228
5441 2.194316
5453 1.696991
5491 2.429621
5532 1.774252
5624 4.399579
5658 1.717195
5734 0.562293
5753 0.650248
5851 0.846290
6144 1.268562
6162 2.896699
6215 1.520900
6283 1.075626
6308 0.749380
6381 1.641474
6415 0.928824
6418 2.919261
6421 2.953539
6456 0.806418
6505 1.323411
6506 1.299051
6547 1.677686
6574 1.863323
6616 0.899535
6681 2.194316
6725 1.275986
6792 0.519586
6806 4.066118
6813 0.786561
6860 1.254084
6864 0.436270
6934 1.448350
6960 2.426679
7041 1.376656
7062 1.031797
7100 2.085172
7111 0.499085
7143 0.922143
7150 0.978716
7165 1.115135
7217 0.796376
7325 2.753313
7389 1.426630
7430 1.738384
7498 0.355467
7635 2.114881
7745 1.612836
7761 1.200565
7788 0.530212
7859 0.301427
7877 1.608050
7887 0.971228
7913 1.534264
7946 1.026577
7981 0.925471
7984 2.340444
7988 1.960233
8175 1.448350
8183 1.405946
8186 1.548052
8271 0.925471
8332 1.483112
8352 0.854723
8387 0.854723
8404 0.522218
8440 1.386202
8455 0.436270
8470 2.305847
8499 2.389128
8508 1.283539
8539 0.668346
8601 1.760661
8616 2.734633
8662 1.188156
8784 0.932204
8811 2.437354
8826 2.481958
8829 3.242395
8871 1.188156
8909 1.577016
8919 4.563963
8920 1.090024
8931 0.266359
8956 1.080373
8959 1.136324
9019 1.057143
9052 0.843514
9059 1.084969
9104 0.893286
9106 1.696991
9132 0.731918
9184 1.608050
9197 1.520900
9242 6.030854
9389 4.078828
9461 0.721351
9538 1.052642
9624 1.717195
9669 2.323789
9709 2.194316
9719 1.717195
9767 0.850618
9783 1.738305
9811 0.909080
9865 0.796376
9907 1.520900
9911 1.998021
10017 0.928824
10041 2.437354
10058 1.212890
10086 1.075626
10092 0.887126
10185 0.932204
10228 1.213339
10249 0.963867
10276 0.808965
10316 1.960233
10324 1.696991
10325 3.092442
10326 0.731918
10423 1.397940
10433 1.052642
10437 1.696991
10461 1.577016
10487 0.596934
10606 3.015870
10617 1.863323
10890 1.861531
11015 1.075626
11025 2.725917
11305 2.085172
11332 1.430263
11340 0.986336
11376 0.464226
11377 2.453002
11397 0.974956
11423 0.816698
11440 1.784142
11462 1.405946
11502 1.014108
11523 1.615065
11532 0.652024
11534 1.696991
11547 1.039414
11605 3.955217
11606 1.864408
11650 2.562293
11671 1.592256
