186

13 0.115731
108 0.047110
122 0.039402
186 0.039100
198 0.046415
213 0.101543
259 0.055046
282 0.056199
346 0.020397
416 0.232550
423 0.049923
455 0.030349
485 0.047833
487 0.073886
526 0.064102
620 0.075015
630 0.044582
633 0.097176
637 0.051369
693 0.130795
791 0.048588
1042 0.075015
1231 0.082319
1237 0.157832
1258 0.049923
1269 0.037804
1275 0.051983
1456 0.034183
1464 0.058763
1670 0.066797
1721 0.060159
1816 0.057434
1859 0.146487
1895 0.060200
1940 0.046580
1981 0.112999
2058 0.072428
2062 0.053618
2167 0.258016
2244 0.056601
2344 0.052619
2365 0.086005
2507 0.015316
2627 0.030808
2633 0.044080
2650 0.069132
2696 0.027512
2768 0.040662
2769 0.044894
2800 0.086005
2806 0.041671
3095 0.023781
3121 0.063137
3168 0.077517
3179 0.031089
3186 0.124644
3274 0.122458
3275 0.049218
3492 0.027902
3611 0.039708
3626 0.038951
3747 0.103154
3761 0.095667
3929 0.066083
3951 0.085142
4063 0.044080
4076 0.073886
4091 0.027902
4205 0.049377
4708 0.027745
4721 0.182070
4724 0.068318
4738 0.092199
4866 0.038084
5083 0.054317
5105 0.077517
5176 0.057866
5177 0.047589
5222 0.066083
5234 0.073886
5491 0.016302
5499 0.072826
5504 0.072826
5536 0.232550
5689 0.033737
5734 0.045274
5864 0.071827
5880 0.033628
5957 0.049377
6024 0.098124
6291 0.064930
6380 0.113831
6381 0.132167
6456 0.032465
6509 0.048847
6547 0.067541
6568 0.058249
6601 0.060200
6618 0.086005
6670 0.455175
6792 0.020918
6798 0.080437
6802 0.040500
6806 0.027283
6828 0.028873
6837 0.099847
6874 0.020143
6909 0.060159
7047 0.048847
7061 0.019256
7062 0.013846
7120 0.033519
7325 0.221688
7460 0.119591
7515 0.056601
7635 0.028381
7641 0.026036
7709 0.054718
7820 0.103154
7859 0.097080
7861 0.028060
7862 0.038658
7887 0.039100
7889 0.086005
7966 0.129475
8343 0.039708
8352 0.034410
8404 0.021024
8427 0.082104
8455 0.017564
8491 0.066797
8499 0.032061
8653 0.043494
8662 0.047833
8826 0.057097
8829 0.026107
8846 0.058763
8919 0.061246
8920 0.043883
9035 0.082104
9052 0.067917
9059 0.021840
9130 0.030901
9191 0.103154
9279 0.055046
9322 0.066797
9379 0.059229
9381 0.045315
9579 0.052945
9618 0.038658
9667 0.093287
9735 0.091035
9767 0.011415
9783 0.034991
9865 0.064122
10030 0.247069
10036 0.029639
10163 0.071827
10195 0.136281
10275 0.095178
10326 0.029466
10423 0.056279
10487 0.024032
10505 0.060707
10509 0.028381
10517 0.057434
10534 0.059229
10548 0.040021
10555 0.055046
10596 0.048081
10639 0.090206
11025 0.027435
11121 0.024158
11125 0.091035
11146 0.087375
11194 0.081653
11245 0.071827
11258 0.055806
11328 0.046415
11396 0.037944
11423 0.131516
11521 0.086606
11523 0.065020
11595 0.076221
11605 0.026539
11606 0.037529
