227

68 1.520900
111 1.623055
176 1.358173
213 0.840757
217 5.662756
226 1.998021
313 1.448350
345 0.932204
346 0.506660
458 1.494316
553 3.920708
630 2.214771
634 1.233234
697 0.819306
736 1.448350
784 6.408972
831 5.735142
898 1.548052
1050 1.495346
1053 1.001988
1064 1.426630
1093 1.405946
1106 0.971228
1112 2.295769
1132 0.632874
1135 1.283539
1141 1.323411
1285 1.349218
1296 0.974956
1301 2.194316
1494 1.562293
1532 2.338028
1547 5.505882
1548 1.367316
1605 0.893286
1613 1.323411
1649 0.881052
1728 2.340444
1881 1.717195
1940 1.735549
2059 1.863323
2064 1.206905
2246 1.659203
2259 0.426630
2380 2.261263
2421 0.986336
2499 1.307020
2506 1.717195
2507 0.380449
2513 2.437354
2524 1.048188
2576 0.854723
2599 2.261263
2626 1.182082
2651 0.784142
2667 1.376656
2673 1.784142
2696 0.683388
2763 0.756113
2768 1.010030
2806 2.070185
2869 2.738384
2925 2.136324
2933 1.738384
2948 1.331844
3004 4.977609
3030 1.960233
3038 1.659203
3048 1.254084
3049 1.835294
3095 0.590708
3120 2.738384
3200 2.261263
3403 3.318406
3460 3.248882
3473 0.767573
3492 0.693061
3521 2.508169
3567 0.711035
3573 0.788994
3627 2.508169
3633 1.219870
3685 1.437354
3735 2.966223
3766 1.520900
3772 2.698436
3806 1.395961
3811 3.996043
3826 1.405946
3841 1.431364
3912 2.085172
3951 0.704960
4121 4.960294
4143 2.562293
4247 4.680888
4266 1.052642
4315 3.780564
4333 1.136324
4377 1.520900
4413 1.005990
4462 1.141787
4520 2.189352
4540 2.194316
4613 0.902694
4677 1.619181
4701 1.275986
4707 2.136324
4722 3.284794
4734 1.238917
4901 0.902694
5025 0.840757
5026 2.480147
5227 1.291226
5284 1.760661
5346 1.760661
5394 0.995670
5422 2.738384
5491 0.809874
5658 12.020364
5692 2.261570
5753 0.650248
5827 1.386202
5839 1.960233
5892 1.340444
6071 0.619458
6112 0.501595
6283 4.302505
6317 0.702954
6323 1.863323
6387 2.738384
6415 0.928824
6421 2.362831
6463 1.448350
6792 0.519586
6802 1.005990
6806 0.677686
6814 1.219870
6828 0.717195
6874 0.500338
6960 1.213339
7012 2.136324
7062 0.343932
7154 1.376656
7217 0.796376
7308 1.562293
7411 0.893286
7425 1.760661
7532 1.261263
7553 2.738384
7641 0.646717
7643 2.827512
7644 2.085172
7694 1.553926
7745 1.612836
8146 1.624441
8174 6.953536
8269 2.437354
8294 0.925471
8332 1.483112
8338 0.953054
8352 0.854723
8455 0.436270
8769 4.874708
8776 2.562293
8819 1.299051
8826 1.063696
8829 5.187832
8919 1.521321
8931 0.532719
9047 0.829899
9107 1.291226
9130 0.767573
9132 0.731918
9138 0.673926
9144 2.776412
9242 1.507714
9270 1.075626
9283 1.835294
9311 2.738384
9335 2.738384
9339 1.760661
9461 1.442702
9562 0.982509
9618 0.960233
9718 1.405946
9725 1.213339
9767 0.850618
9774 0.956629
9863 1.219870
9909 3.850942
9911 1.998021
9957 1.437354
10017 0.928824
10033 1.696991
10067 1.018225
10071 2.085172
10231 3.920466
10279 1.005990
10461 1.577016
10475 0.539727
10487 0.596934
10517 1.426630
10579 1.608050
10589 1.315138
10593 2.194316
10606 3.015870
10628 1.960233
10639 1.120336
10890 1.396149
11025 1.362959
11200 1.261263
11287 1.043779
11295 2.426679
11306 1.178330
11343 1.998021
11364 1.437354
11366 1.367316
11397 0.974956
11400 2.562293
11437 1.213339
11464 2.194316
11502 1.014108
11547 5.197071
11551 1.808965
11603 2.194316
11605 1.318406
11606 0.932204
