224

13 0.097350
74 0.031917
108 0.039627
109 0.041763
122 0.033144
186 0.032890
198 0.039043
213 0.085415
259 0.046303
282 0.047273
345 0.031568
346 0.017158
416 0.195614
423 0.041994
455 0.025529
485 0.040236
487 0.062151
526 0.053921
549 0.049429
620 0.063100
630 0.037501
633 0.081742
637 0.043210
693 0.110021
791 0.040871
1042 0.063100
1231 0.069244
1237 0.132764
1258 0.041994
1269 0.031800
1275 0.043726
1456 0.028754
1464 0.049429
1670 0.056188
1721 0.050604
1816 0.048312
1859 0.143758
1895 0.050639
1902 0.034342
1940 0.058773
1981 0.095051
2058 0.060924
2062 0.045102
2154 0.022949
2167 0.217035
2244 0.047611
2344 0.044261
2365 0.072345
2507 0.012884
2575 0.032396
2627 0.025915
2633 0.037079
2650 0.058152
2696 0.023142
2744 0.072345
2768 0.034204
2769 0.075526
2800 0.072345
2806 0.035053
3095 0.020004
3121 0.053109
3168 0.130409
3179 0.052303
3186 0.104847
3233 0.104847
3274 0.103008
3275 0.082802
3492 0.046940
3611 0.033402
3626 0.032765
3747 0.086770
3761 0.080472
3818 0.023873
3929 0.055587
3951 0.071619
4056 0.082539
4063 0.037079
4076 0.062151
4091 0.023470
4205 0.041535
4228 0.092733
4451 0.029734
4462 0.038666
4663 0.030146
4708 0.023338
4721 0.153152
4724 0.057467
4738 0.077555
4858 0.053921
4866 0.032035
5083 0.045690
5105 0.065205
5176 0.048675
5177 0.040030
5222 0.055587
5234 0.062151
5491 0.027426
5492 0.058152
5499 0.061259
5504 0.061259
5536 0.195614
5689 0.028379
5734 0.057125
5864 0.060419
5880 0.028287
5885 0.023941
5957 0.041535
6024 0.082539
6220 0.047957
6227 0.078470
6291 0.054618
6380 0.127669
6381 0.111175
6456 0.027309
6509 0.041089
6547 0.056814
6568 0.048998
6601 0.050639
6618 0.072345
6670 0.459456
6792 0.017595
6798 0.067662
6802 0.034067
6806 0.022949
6828 0.024287
6837 0.083988
6874 0.016944
6909 0.050604
7041 0.046619
7047 0.041089
7061 0.016198
7062 0.011647
7111 0.016901
7120 0.028195
7325 0.186478
7460 0.100597
7498 0.024075
7515 0.047611
7635 0.023873
7641 0.021901
7709 0.046027
7820 0.086770
7859 0.102076
7861 0.023603
7862 0.032518
7887 0.032890
7889 0.072345
7946 0.034764
7966 0.108911
8128 0.040030
8227 0.027657
8305 0.092733
8343 0.033402
8352 0.057889
8404 0.017685
8427 0.069063
8455 0.029548
8491 0.056188
8499 0.026969
8616 0.046303
8653 0.036586
8662 0.040236
8759 0.050224
8826 0.060036
8829 0.065881
8846 0.049429
8919 0.077278
8920 0.036913
8960 0.070613
9035 0.069063
9052 0.057130
9059 0.018371
9130 0.025993
9191 0.086770
9279 0.046303
9322 0.112375
9379 0.049822
9381 0.038118
9579 0.044536
9618 0.032518
9667 0.078470
9735 0.076576
9767 0.009602
9783 0.029433
9865 0.053937
9933 0.036425
10030 0.259784
10036 0.024931
10058 0.020537
10163 0.060419
10195 0.114636
10235 0.047611
10275 0.080061
10318 0.053921
10326 0.024786
10423 0.047340
10475 0.018277
10487 0.040429
10505 0.051065
10509 0.023873
10517 0.048312
10534 0.099643
10548 0.033664
10555 0.046303
10596 0.080889
10639 0.075879
11025 0.046156
11063 0.058152
11121 0.040643
11125 0.076576
11146 0.073497
11194 0.137368
11245 0.060419
11258 0.046943
11328 0.039043
11376 0.015721
11378 0.069063
11396 0.063834
11423 0.110627
11521 0.072851
11523 0.072924
11595 0.064115
11605 0.022323
11606 0.031568
