118

7 0.543781
204 0.066256
234 0.153123
259 0.068884
304 0.055665
458 0.075283
536 0.091275
913 0.052365
1075 0.093873
1090 0.082696
1499 0.053031
1803 0.063180
1986 0.056707
2363 0.103014
2388 0.107626
2575 0.048194
2633 0.165486
2651 0.039504
2653 0.075969
2690 0.049118
2708 0.052147
2762 0.047361
2876 0.095382
3034 0.068424
3203 0.113897
3374 0.058953
3381 0.129086
4317 0.063180
4566 0.041675
4708 0.034720
4711 0.098755
4738 0.028844
4951 0.129086
5053 0.108857
5569 0.051718
5678 0.049691
5734 0.028328
5833 0.025144
5968 0.215253
6023 0.071345
6035 0.097004
6189 0.275916
6211 0.061790
6227 0.058369
6436 0.183846
6568 0.072893
6794 0.087579
6813 0.039626
6837 0.062474
6874 0.151240
6881 0.129086
7061 0.024097
7082 0.057801
7126 0.155148
7215 0.086511
7264 0.082696
7460 0.049885
7498 0.017908
7641 0.065162
7709 0.034237
7758 0.050082
7788 0.053423
7859 0.030371
7864 0.058953
7981 0.046625
8009 0.081012
8046 0.061456
8048 0.119717
8122 0.306247
8151 0.306247
8234 0.064283
8398 0.107626
8771 0.077295
8785 0.085552
8826 0.008931
8931 0.013419
8959 0.114494
9052 0.084991
9095 0.060169
9099 0.066256
9115 0.111330
9238 0.087579
9288 0.098755
9290 0.175157
9328 0.046125
9444 0.094617
9767 0.028569
9919 0.055921
9933 0.108379
9998 0.077295
9999 0.060169
10033 0.256480
10036 0.074180
10058 0.061104
10129 0.117910
10303 0.089884
10378 0.068857
10475 0.108764
10500 0.143745
10506 0.137958
10507 0.154520
10701 0.039626
11121 0.090695
11151 0.095382
11152 0.045003
11228 0.057522
11242 0.052807
11355 0.080217
11376 0.023387
11377 0.061790
11423 0.041145
11503 0.044539
11521 0.054189
11531 0.153123
11532 0.098546
11570 0.071873
11636 0.058659
11637 0.046793
