42

127 1.437354
632 0.990196
913 1.039414
1387 1.085172
1466 0.909080
1487 0.838017
1797 0.702954
1807 0.928824
1872 0.638014
1899 1.548052
1991 1.066286
2291 2.039414
2572 0.884078
2762 0.470040
3203 1.695594
3540 1.738384
4215 0.499085
5569 1.026577
5948 0.863323
6436 0.912309
6449 1.738384
7050 1.164353
7126 1.539802
7385 0.769901
7788 0.530212
7859 0.301427
8157 0.939044
8272 0.884078
8771 1.534264
9138 0.673926
9444 0.939044
9919 1.109995
9950 1.315138
9995 2.562293
10058 1.212890
10475 0.539727
11242 1.048188
11256 0.779343
11320 1.001988
11458 0.854723
11636 1.164353
11637 0.928824
