230

68 0.052414
108 0.040327
111 0.055934
176 0.046806
213 0.028974
217 0.195151
226 0.068856
313 0.049913
345 0.032126
346 0.017461
458 0.051498
553 0.135117
630 0.076326
634 0.042500
697 0.028235
736 0.049913
784 0.220868
831 0.197646
898 0.053349
1050 0.051533
1053 0.034531
1064 0.049165
1093 0.048452
1106 0.033471
1112 0.079117
1132 0.021810
1135 0.044234
1141 0.045608
1285 0.046497
1296 0.033599
1301 0.075621
1494 0.053840
1532 0.080574
1547 0.189745
1548 0.047121
1605 0.030785
1613 0.045608
1649 0.030363
1728 0.080657
1881 0.059178
1940 0.059811
2059 0.064214
2064 0.041593
2246 0.057180
2259 0.014703
2380 0.077928
2421 0.033991
2499 0.045043
2506 0.059178
2507 0.013111
2513 0.083997
2524 0.036123
2576 0.029456
2599 0.077928
2626 0.040737
2651 0.027023
2667 0.047443
2673 0.061486
2696 0.023551
2763 0.026057
2768 0.034808
2806 0.071343
2869 0.094371
2925 0.073623
2933 0.059909
2948 0.045898
3004 0.171540
3030 0.067554
3038 0.057180
3048 0.043219
3049 0.063248
3095 0.020357
3120 0.094371
3200 0.077928
3403 0.114360
3460 0.111964
3473 0.026452
3492 0.023884
3521 0.086437
3567 0.024504
3573 0.027191
3627 0.086437
3633 0.042040
3685 0.049534
3735 0.102223
3766 0.052414
3772 0.092994
3806 0.048108
3811 0.137713
3826 0.048452
3841 0.049328
3912 0.071860
3951 0.024295
4121 0.170943
4143 0.088302
4247 0.161314
4266 0.036276
4315 0.130287
4333 0.039160
4377 0.052414
4413 0.034669
4462 0.039349
4520 0.075450
4540 0.075621
4613 0.031109
4677 0.055801
4701 0.043973
4707 0.073623
4722 0.113201
4734 0.042696
4901 0.031109
5025 0.057949
5026 0.085472
5227 0.044499
5284 0.060676
5346 0.060676
5394 0.034313
5422 0.094371
5491 0.027910
5658 0.414249
5692 0.077939
5753 0.022409
5827 0.047772
5839 0.067554
5892 0.046195
6071 0.021348
6112 0.017286
6283 0.148274
6317 0.024225
6323 0.064214
6387 0.094371
6415 0.032009
6421 0.081429
6463 0.049913
6792 0.017906
6802 0.034669
6806 0.023355
6814 0.042040
6828 0.024716
6874 0.017243
6960 0.041814
7012 0.073623
7062 0.011853
7154 0.047443
7217 0.027445
7308 0.053840
7411 0.030785
7425 0.060676
7532 0.043466
7553 0.094371
7641 0.022287
7643 0.097443
7644 0.071860
7694 0.053552
7745 0.055582
8146 0.055982
8174 0.239635
8269 0.083997
8294 0.031894
8332 0.051111
8338 0.032844
8352 0.029456
8455 0.015035
8470 0.039732
8769 0.167994
8776 0.088302
8819 0.044768
8826 0.036657
8829 0.201133
8919 0.052428
8931 0.018359
9047 0.028600
9107 0.044499
9130 0.026452
9132 0.025224
9138 0.023225
9144 0.095681
9242 0.051959
9270 0.037069
9283 0.063248
9311 0.094371
9335 0.094371
9339 0.060676
9461 0.049719
9562 0.033860
9618 0.033092
9718 0.048452
9725 0.041814
9767 0.029314
9774 0.032968
9863 0.042040
9907 0.052414
9909 0.132712
9911 0.068856
9957 0.049534
10017 0.032009
10033 0.058482
10067 0.035090
10071 0.071860
10231 0.135108
10279 0.034669
10461 0.054348
10475 0.018600
10487 0.020572
10517 0.049165
10579 0.055417
10589 0.045323
10593 0.075621
10606 0.155901
10628 0.067554
10639 0.038609
10890 0.048114
11025 0.046971
11200 0.043466
11287 0.035971
11295 0.083629
11306 0.040608
11343 0.068856
11364 0.049534
11366 0.047121
11397 0.033599
11400 0.088302
11437 0.041814
11464 0.075621
11502 0.034948
11547 0.143282
11551 0.062341
11603 0.075621
11605 0.045435
11606 0.032126
