203

23 2.036450
26 2.141862
98 1.066286
111 2.434582
171 1.925471
175 2.453002
313 1.448350
318 0.824570
346 0.506660
418 1.649141
455 1.507714
553 0.784142
596 1.358173
599 1.158601
629 1.863323
630 0.553693
633 1.206905
665 0.632874
733 8.920708
895 1.692579
1002 1.307020
1106 1.942457
1112 0.765256
1132 1.265748
1269 0.939044
1555 1.696991
1616 1.483112
1617 1.291226
1859 0.606445
1872 0.638014
1895 1.495346
1940 4.049614
1973 1.696991
2000 0.986336
2024 1.022381
2044 1.738384
2135 2.039414
2156 1.624441
2181 1.738384
2230 1.426630
2259 0.426630
2335 4.577812
2455 3.407574
2507 0.760899
2518 0.824570
2524 1.048188
2576 0.854723
2651 1.568283
2696 1.366777
2697 1.608050
2708 2.070185
2711 1.562293
2720 1.052642
2762 0.470040
2913 1.925471
2922 1.213339
2974 1.495346
3014 0.990196
3048 1.254084
3236 0.974956
3289 2.680888
3301 1.960233
3386 1.240074
3417 1.075626
3432 1.471212
3473 0.767573
3482 0.967532
3492 1.386122
3533 2.772403
3638 1.925471
3683 1.070931
3732 3.726646
3761 1.188156
3770 1.349218
3772 1.349218
3780 2.966223
3818 0.704960
3850 0.758381
3951 1.409921
3955 2.039414
3971 1.437354
4121 1.240074
4279 1.738384
4346 1.696991
4359 1.070931
4458 3.131337
4513 2.261263
4573 2.175479
4677 2.158908
4726 1.863323
4738 1.145093
4769 2.305847
4901 0.902694
4938 1.367316
4943 0.572546
5023 1.070931
5135 1.187620
5222 1.641474
5453 1.696991
5491 0.404937
5496 0.978716
5529 0.646717
5732 0.786561
5753 0.650248
5833 0.499085
5851 0.846290
5885 1.413951
5900 1.039414
5926 0.698970
5948 0.863323
6060 2.913685
6063 1.808965
6112 0.501595
6315 2.551972
6380 1.885008
6421 0.590708
6504 1.744194
6505 1.323411
6601 1.495346
6806 4.066118
6828 0.717195
6864 0.436270
6960 2.426679
6965 1.147320
7041 1.376656
7062 1.031797
7450 1.376656
7497 1.885008
7515 1.405946
7528 1.219870
7641 1.293434
7707 1.066286
7724 2.738384
7745 3.225672
7761 2.401130
7788 0.530212
7812 1.507935
7859 0.301427
7862 0.960233
7918 3.096105
7995 1.835294
8016 0.939044
8186 1.548052
8284 1.426630
8294 0.925471
8332 2.966223
8338 0.953054
8352 0.854723
8372 1.784142
8381 1.164353
8387 0.854723
8440 5.544806
8455 0.436270
8470 2.305847
8499 0.796376
8508 1.283539
8526 2.738384
8539 0.668346
8552 3.995532
8702 1.323411
8826 1.772827
8829 1.945437
8919 0.760661
9052 0.843514
9059 2.169938
9104 0.893286
9130 0.767573
9132 1.463836
9165 2.562293
9242 6.784711
9322 1.659203
9380 1.136324
9475 3.434390
9568 1.066286
9669 1.549193
9767 0.567079
9865 0.796376
9943 1.760661
9988 1.808965
10067 1.018225
10084 1.624441
10249 1.927734
10326 0.731918
10378 0.683388
10423 0.698970
10438 1.998021
10461 1.577016
10487 0.596934
10509 0.704960
10561 1.358173
10628 1.960233
10890 0.465383
11025 2.725917
11328 2.305847
11343 1.998021
11375 1.582882
11376 0.464226
11377 1.226501
11423 1.633395
11502 1.014108
11523 1.076710
11568 1.349218
11605 1.318406
