192

13 0.107508
108 0.043762
122 0.036602
186 0.036322
198 0.043117
213 0.094328
259 0.051135
282 0.052206
346 0.018948
416 0.216026
423 0.046376
455 0.028193
485 0.044435
487 0.068636
526 0.059547
549 0.054587
620 0.069684
630 0.041414
633 0.090271
637 0.047719
693 0.121501
791 0.045136
1042 0.069684
1231 0.076470
1237 0.146617
1258 0.046376
1269 0.035118
1275 0.048289
1456 0.031754
1464 0.054587
1670 0.062051
1721 0.055884
1816 0.053353
1859 0.136079
1895 0.055923
1902 0.037925
1940 0.043271
1981 0.104970
2058 0.067281
2062 0.049808
2167 0.239682
2244 0.052579
2344 0.048880
2365 0.079894
2507 0.014228
2627 0.028619
2633 0.040948
2650 0.064219
2696 0.025557
2768 0.037773
2769 0.041704
2800 0.079894
2806 0.038710
3095 0.022091
3121 0.058650
3168 0.072009
3179 0.028880
3186 0.115788
3274 0.113757
3275 0.045721
3492 0.025919
3611 0.036887
3626 0.036184
3747 0.095824
3761 0.088869
3929 0.061388
3951 0.079092
4063 0.040948
4076 0.068636
4091 0.025919
4205 0.045869
4708 0.025773
4721 0.169133
4724 0.063464
4738 0.085648
4866 0.035378
5083 0.050458
5105 0.072009
5176 0.053754
5177 0.044207
5222 0.061388
5234 0.068636
5491 0.015144
5499 0.067651
5504 0.067651
5536 0.216026
5689 0.031340
5734 0.063086
5864 0.066723
5880 0.031238
5957 0.045869
6024 0.091152
6291 0.060317
6380 0.105743
6381 0.122775
6456 0.030158
6509 0.045376
6547 0.062742
6568 0.054111
6601 0.055923
6618 0.079894
6670 0.507399
6792 0.019431
6798 0.074722
6802 0.037622
6806 0.025344
6828 0.026822
6837 0.092752
6874 0.018712
6909 0.055884
7041 0.051484
7047 0.045376
7061 0.017888
7062 0.012862
7120 0.031137
7325 0.205936
7460 0.111094
7515 0.052579
7635 0.026364
7641 0.024186
7709 0.050830
7820 0.095824
7859 0.112727
7861 0.026066
7862 0.035911
7887 0.036322
7889 0.079894
7946 0.038392
7966 0.120275
8227 0.030543
8343 0.036887
8352 0.063930
8404 0.019530
8427 0.076270
8455 0.032631
8491 0.062051
8499 0.029783
8653 0.040404
8662 0.044435
8826 0.053040
8829 0.024252
8846 0.054587
8919 0.056894
8920 0.040765
9035 0.076270
9052 0.063091
9059 0.020288
9130 0.028706
9191 0.095824
9279 0.051135
9322 0.124101
9379 0.055020
9381 0.042095
9579 0.049183
9618 0.035911
9667 0.086658
9735 0.084566
9767 0.010604
9783 0.032504
9865 0.059566
10030 0.286891
10036 0.027533
10163 0.066723
10195 0.126598
10275 0.088415
10326 0.027372
10423 0.052280
10475 0.020185
10487 0.044648
10505 0.056394
10509 0.026364
10517 0.053353
10534 0.110040
10548 0.037177
10555 0.051135
10596 0.089330
10639 0.083796
11025 0.025486
11121 0.044884
11125 0.084566
11146 0.081166
11194 0.075851
11245 0.066723
11258 0.051841
11328 0.043117
11396 0.070495
11423 0.122171
11521 0.080452
11523 0.080533
11595 0.070805
11605 0.024653
11606 0.034862
