377

13 0.028834
19 0.044019
26 0.128899
65 0.061556
71 0.017614
97 0.054709
108 0.023474
111 0.179074
171 0.038625
186 0.077932
188 0.022474
217 0.032456
222 0.048894
268 0.025016
282 0.028003
308 0.055099
313 0.029054
318 0.016541
346 0.020327
372 0.083658
404 0.010938
418 0.049623
447 0.024211
458 0.014988
475 0.027066
485 0.023835
486 0.028003
536 0.018172
553 0.062920
599 0.046484
623 0.040911
630 0.066643
671 0.035790
689 0.025448
701 0.048894
733 0.035790
744 0.090749
781 0.033284
822 0.029997
831 0.032871
897 0.017261
921 0.031054
1053 0.180901
1055 0.045362
1083 0.060971
1106 0.038966
1112 0.015351
1116 0.040911
1130 0.078646
1135 0.025748
1178 0.046950
1274 0.029513
1275 0.051805
1454 0.044019
1486 0.054933
1532 0.031268
1555 0.034042
1666 0.015123
1779 0.033655
1789 0.030778
1797 0.014101
1859 0.012165
1872 0.012799
1940 0.174078
2000 0.019786
2010 0.058561
2046 0.020426
2058 0.072180
2071 0.019483
2154 0.027189
2171 0.035790
2181 0.034872
2185 0.047426
2259 0.017117
2278 0.024471
2294 0.035319
2335 0.110199
2338 0.081822
2348 0.019190
2455 0.068357
2473 0.020593
2494 0.048894
2507 0.015264
2524 0.021027
2551 0.028003
2565 0.028409
2569 0.033655
2576 0.017146
2577 0.054933
2605 0.037379
2658 0.034042
2690 0.019558
2696 0.068545
2708 0.020764
2762 0.009429
2768 0.020261
2769 0.022370
2793 0.048894
2805 0.028834
2912 0.042855
2921 0.034447
2933 0.069745
2947 0.054933
2974 0.029997
2996 0.026890
3004 0.033284
3034 0.027245
3077 0.157291
3095 0.023700
3122 0.015351
3168 0.038625
3179 0.015491
3193 0.033284
3243 0.040200
3268 0.040911
3289 0.053779
3351 0.021965
3354 0.044019
3401 0.026890
3403 0.033284
3423 0.018565
3473 0.030795
3482 0.058227
3492 0.069515
3498 0.029281
3499 0.030250
3500 0.032258
3502 0.037980
3553 0.036816
3573 0.015827
3611 0.019786
3621 0.036090
3627 0.025157
3653 0.048894
3672 0.054933
3679 0.090749
3715 0.030778
3761 0.047669
3766 0.030510
3780 0.029752
3783 0.029513
3790 0.039323
3795 0.084010
3807 0.027808
3823 0.025448
3850 0.015213
3855 0.060971
3938 0.024739
3951 0.084850
3955 0.081822
4071 0.020426
4091 0.013903
4121 0.099505
4195 0.023474
4215 0.010012
4315 0.030336
4317 0.025157
4359 0.021483
4451 0.017614
4458 0.104692
4459 0.182914
4513 0.045362
4529 0.026219
4547 0.031941
4568 0.032587
4573 0.021820
4613 0.036217
4617 0.059026
4677 0.010827
4722 0.087858
4729 0.048167
4769 0.023128
4784 0.033655
4895 0.046950
4938 0.027429
4943 0.045942
4945 0.038625
4969 0.045809
5023 0.042966
5025 0.016866
5035 0.035790
5050 0.037954
5081 0.041357
5135 0.119120
5143 0.018108
5168 0.024340
5324 0.038966
5382 0.028619
5453 0.034042
5491 0.024369
5529 0.012973
5658 0.034447
5678 0.079145
5679 0.031054
5712 0.019409
5732 0.015779
5734 0.045119
5750 0.038625
5753 0.026088
5869 0.063349
5880 0.016756
5900 0.020851
6065 0.027245
6106 0.032258
6112 0.020124
6123 0.034447
6162 0.087163
6172 0.054933
6272 0.034042
6274 0.024084
6308 0.060131
6317 0.014101
6378 0.060971
6380 0.037814
6415 0.018632
6421 0.059249
6433 0.015213
6504 0.017494
6559 0.020021
6601 0.119988
6641 0.035319
6649 0.029513
6792 0.010423
6806 0.190324
6838 0.022474
6864 0.017503
6869 0.045362
6874 0.010037
6909 0.044965
6911 0.051400
6960 0.024340
7008 0.017614
7047 0.073020
7060 0.018700
7062 0.048296
7120 0.083510
7143 0.018498
7154 0.027616
7202 0.042855
7254 0.042855
7255 0.032928
7310 0.031054
7418 0.048894
7430 0.069745
7490 0.028204
7497 0.037814
7498 0.007131
7524 0.042855
7528 0.024471
7530 0.020021
7532 0.025301
7635 0.014142
7643 0.018907
7709 0.013633
7745 0.097062
7760 0.040111
7761 0.048167
7782 0.032928
7812 0.030250
7859 0.012093
7861 0.013982
7913 0.061556
7946 0.020593
7978 0.044128
7987 0.027616
8022 0.040911
8104 0.027808
8111 0.041528
8174 0.034872
8227 0.016383
8295 0.027245
8338 0.038237
8344 0.051400
8358 0.039323
8372 0.071581
8404 0.052379
8422 0.041829
8440 0.027808
8455 0.035007
8469 0.051805
8470 0.046256
8511 0.037980
8512 0.017554
8601 0.035319
8699 0.032928
8702 0.026548
8729 0.034872
8734 0.044019
8740 0.066568
8767 0.014142
8799 0.121943
8826 0.039120
8829 0.039026
8846 0.146403
8909 0.031635
8912 0.037980
8919 0.076295
8920 0.021866
8931 0.021373
8959 0.022795
8989 0.029513
9031 0.017735
9059 0.010882
9065 0.018366
9133 0.033284
9138 0.013519
9144 0.018565
9242 0.166348
9247 0.060971
9309 0.146682
9366 0.026890
9370 0.030778
9424 0.029752
9568 0.021390
9574 0.102126
9596 0.024340
9669 0.031077
9670 0.097788
9700 0.067310
9747 0.018977
9767 0.005688
9783 0.017435
9865 0.015976
9907 0.061019
9908 0.031340
9926 0.033284
10010 0.021298
10015 0.064170
10017 0.018632
10057 0.052119
10058 0.048662
10085 0.020851
10249 0.116013
10275 0.047426
10279 0.020180
10298 0.097788
10305 0.029054
10316 0.039323
10326 0.088095
10363 0.031635
10393 0.051400
10423 0.028043
10458 0.026059
10501 0.029513
10585 0.060971
10589 0.026382
10606 0.030250
10782 0.054933
10822 0.046950
10867 0.036288
10877 0.074758
10880 0.033284
10890 0.018671
10976 0.051400
10980 0.054933
10998 0.042855
11130 0.071581
11135 0.129512
11210 0.034066
11246 0.060971
11288 0.044019
11306 0.011819
11328 0.069384
11332 0.043037
11335 0.020938
11340 0.059358
11343 0.120243
11364 0.028834
11377 0.024604
11437 0.024340
11523 0.032399
11543 0.025301
11547 0.062553
11568 0.054131
11600 0.007059
11605 0.039671
11606 0.093501
