39

217 0.124826
630 0.085437
744 0.232679
831 0.126422
1112 0.118082
1296 0.150439
1547 0.283192
1872 0.098448
1940 0.089267
2696 0.105449
3004 0.256021
3567 0.109715
3841 0.073621
4121 0.191348
4333 0.175339
4445 0.376092
4677 0.083282
4701 0.196889
5491 0.062483
5692 0.116323
6308 0.115632
6315 0.196889
6421 0.091148
7643 0.145432
7903 0.376092
7919 0.256021
8294 0.142803
8419 0.176182
8469 0.199241
8539 0.103128
8829 0.200125
9132 0.112937
9242 0.116323
9270 0.165973
10185 0.143842
10475 0.083282
10589 0.202930
11025 0.105155
11609 0.187222
