96

74 0.942504
97 0.909080
160 2.261263
404 0.545260
458 0.747158
475 1.349218
603 2.194316
630 0.553693
703 3.039414
906 2.085172
917 0.574031
1007 1.099895
1106 0.971228
1132 0.632874
1515 4.874708
1807 0.928824
1896 1.349218
1929 1.291226
1940 1.735549
2000 0.986336
2154 0.677686
2335 0.915562
2455 2.555680
2576 0.854723
2696 0.683388
2708 4.140371
2709 2.738384
2843 1.471212
2922 2.426679
3122 0.765256
3432 1.471212
3492 2.079183
3499 3.015870
3608 1.893286
3611 0.986336
3621 0.899535
3627 2.508169
3691 0.742749
3841 0.477121
3979 1.471212
4315 3.780564
4346 1.696991
4613 0.902694
4663 0.890195
4834 2.114286
4943 0.572546
4978 2.990692
5081 1.030814
5113 3.039414
5135 2.375240
5168 1.213339
5366 2.085172
5624 1.099895
5679 1.548052
5833 0.499085
5892 1.340444
5926 1.397940
6195 2.738384
6505 1.323411
6628 1.893286
6806 1.355373
6828 0.717195
6874 0.500338
7062 0.687865
7150 2.936149
7165 1.115135
7497 0.942504
7635 0.704960
7694 1.553926
7782 1.641474
7896 1.437354
8044 1.483112
8227 0.816698
8234 1.275986
8440 1.386202
8499 3.981880
8659 6.078828
8761 0.747158
8931 0.799078
8956 1.080373
9052 0.843514
9242 2.261570
9767 0.283539
10325 1.030814
10326 2.195754
10509 0.704960
10555 1.367316
10619 2.115476
10890 0.465383
11025 2.044438
11306 0.589165
11340 0.986336
11451 0.884078
11523 0.538355
11532 0.652024
11605 0.659203
