276

26 3.212794
63 0.945992
79 0.922143
98 1.066286
99 1.090024
108 1.170182
111 4.869164
148 1.120336
171 1.925471
175 1.226501
176 1.358173
188 1.120336
217 1.617930
318 0.824570
417 3.726646
483 1.254084
485 1.188156
553 1.568283
596 1.358173
599 1.158601
630 1.661078
634 1.233234
665 0.632874
733 3.568283
781 3.318406
791 1.206905
822 1.495346
831 1.638612
881 2.738384
895 0.846290
917 1.148063
1002 1.307020
1007 3.299685
1053 1.001988
1064 1.426630
1106 1.942457
1112 2.295769
1132 3.164370
1135 1.283539
1246 2.738384
1274 2.942425
1275 1.291226
1371 1.925471
1455 1.349218
1487 1.676034
1532 0.779343
1592 1.120336
1605 0.893286
1797 1.405909
1807 2.786473
1818 1.307020
1895 1.495346
1940 6.363679
1949 1.677686
1973 3.393983
2057 1.659203
2091 1.219870
2104 2.562293
2181 1.738384
2259 0.426630
2319 1.416165
2335 4.577812
2339 1.147320
2455 0.851893
2507 0.380449
2518 1.649141
2519 1.315138
2520 1.835294
2524 1.048188
2575 1.913257
2576 1.709445
2600 1.641474
2633 1.094931
2651 1.568283
2696 2.050165
2708 1.035093
2801 1.200565
2913 1.925471
2922 2.426679
2933 1.738384
2954 0.935610
2974 1.495346
3004 1.659203
3077 5.880699
3095 0.590708
3122 0.765256
3229 1.960233
3233 1.548052
3236 2.924868
3243 1.001988
3275 0.611279
3301 1.960233
3405 1.998021
3423 0.925471
3436 1.367316
3473 0.767573
3482 1.935064
3492 4.158367
3495 1.170182
3514 1.808965
3573 0.788994
3611 1.972671
3638 1.925471
3657 2.136324
3724 2.340444
3795 2.791923
3799 2.340444
3818 0.704960
3841 1.431364
3850 3.033523
3938 1.233234
3951 2.114881
3955 2.039414
3968 1.437354
4063 1.094931
4076 1.835294
4121 6.200368
4196 1.468125
4215 0.499085
4310 1.022381
4315 2.268339
4346 1.696991
4359 1.070931
4458 1.043779
4513 2.261263
4520 1.459568
4573 1.087740
4613 0.902694
4677 1.079454
4722 1.094931
4726 1.863323
4769 2.305847
4793 1.471212
4866 1.891985
4943 1.145093
4955 1.562293
4964 1.057143
5025 0.840757
5135 1.187620
5150 1.659203
5168 1.213339
5177 2.364163
5280 2.039414
5324 0.971228
5441 2.194316
5453 1.696991
5491 1.619747
5624 3.299685
5658 1.717195
5692 0.753857
5753 1.300496
5851 0.846290
6112 0.501595
6144 2.537124
6215 1.520900
6283 1.075626
6308 0.749380
6324 1.471212
6381 1.641474
6415 0.928824
6418 1.459631
6421 2.953539
6456 0.806418
6457 4.486038
6505 1.323411
6506 1.299051
6792 0.519586
6802 1.005990
6806 4.066118
6860 1.254084
6864 0.436270
6934 1.448350
6946 2.085172
6960 3.640018
7041 1.376656
7062 1.375730
7111 0.499085
7150 0.978716
7165 1.115135
7325 2.753313
7389 2.853261
7498 0.355467
7635 1.409921
7641 0.646717
7643 0.942504
7745 1.612836
7788 0.530212
7855 1.483112
7887 0.971228
7913 1.534264
7981 2.776412
7988 1.960233
8175 1.448350
8186 1.548052
8292 1.120336
8294 0.925471
8332 1.483112
8352 0.854723
8377 1.254084
8382 1.039414
8387 0.854723
8404 0.522218
8440 1.386202
8444 1.608050
8455 0.436270
8470 2.305847
8499 1.592752
8508 1.283539
8539 0.668346
8616 1.367316
8662 1.188156
8819 1.299051
8826 2.304676
8829 3.242395
8871 1.188156
8909 1.577016
8919 6.845945
8920 1.090024
8931 0.266359
8956 1.080373
8959 1.136324
9052 0.843514
9059 1.627453
9104 0.893286
9106 3.393983
9132 1.463836
9184 1.608050
9197 1.520900
9242 3.015427
9461 0.721351
9593 1.899018
9624 1.717195
9669 2.323789
9719 1.717195
9767 0.850618
9770 2.044762
9783 0.869152
9865 0.796376
9907 1.520900
9937 1.863323
10017 0.928824
10058 1.212890
10086 1.075626
10185 0.932204
10249 0.963867
10316 1.960233
10324 3.393983
10325 3.092442
10326 2.195754
10423 1.397940
10437 1.696991
10461 1.577016
10487 0.596934
10606 4.523806
10617 1.863323
10701 0.786561
10745 1.659203
10890 1.861531
11025 2.725917
11031 1.448350
11200 1.261263
11290 1.548052
11332 1.430263
11340 0.986336
11376 0.464226
11377 2.453002
11396 0.942504
11397 0.974956
11462 1.405946
11502 1.014108
11521 1.075626
11523 1.615065
11532 1.304049
11547 2.078828
11605 5.932826
11606 5.593225
