142

23 1.018225
26 1.070931
57 2.437354
74 0.942504
97 0.909080
99 1.090024
144 2.738384
217 0.808965
346 0.506660
434 1.808965
553 1.568283
831 0.819306
897 1.720874
930 1.548052
1007 1.099895
1044 1.291226
1112 2.295769
1132 1.898622
1370 1.109995
1532 0.779343
1605 0.893286
1666 0.753857
1902 1.014108
1940 1.735549
1950 1.534264
2043 2.085172
2062 1.331844
2067 1.261263
2154 1.355373
2185 1.182082
2259 0.426630
2279 1.760661
2348 0.956629
2457 3.039414
2518 1.649141
2524 1.048188
2536 1.367316
2550 0.801368
2576 0.854723
2651 2.352425
2708 1.035093
2801 1.200565
2892 1.520900
3004 1.659203
3014 0.990196
3177 1.158601
3236 0.974956
3313 1.507935
3351 1.094931
3415 1.386202
3423 2.776412
3445 1.677686
3473 0.767573
3482 0.967532
3492 0.693061
3594 2.738384
3611 1.972671
3828 2.085172
3841 0.477121
3852 1.717195
4033 1.283539
4215 0.499085
4290 2.136324
4315 0.756113
4510 1.808965
4566 0.827227
4573 0.543870
4921 2.562293
4978 1.495346
5012 1.654453
5025 0.840757
5135 2.969050
5314 4.680888
5320 1.818161
5395 2.070185
5457 1.448350
5491 0.404937
5529 1.293434
5624 1.099895
5826 1.130929
5851 0.846290
5902 1.349218
6072 2.738384
6112 0.501595
6506 2.598103
6559 0.998021
6792 0.519586
6802 1.005990
6812 2.453002
6828 0.717195
6874 0.500338
6988 2.738384
7062 0.343932
7111 0.499085
7120 0.832588
7150 0.978716
7165 1.115135
7188 1.376656
7498 0.355467
7565 2.136324
7643 0.942504
7760 0.666502
7826 1.299051
7859 0.301427
7867 1.495346
7915 1.043779
7920 1.039414
8027 1.358173
8087 1.158601
8404 1.044436
8410 1.307020
8537 3.282948
8761 0.747158
8826 0.177283
8829 0.648479
8931 0.266359
9031 0.884078
9037 2.340444
9338 1.760661
9605 3.521321
9624 1.717195
9635 1.548052
9893 1.784142
9942 1.386202
10017 0.928824
10092 1.774252
10222 1.471212
10326 2.927672
10433 1.052642
10437 1.696991
10475 1.079454
10507 1.022381
10591 1.200565
11017 1.960233
11025 1.362959
11150 1.022381
11306 0.589165
11332 1.430263
11340 2.959007
11349 1.283539
11523 0.538355
11605 1.977609
