89

161 2.261263
185 1.495346
346 0.506660
417 1.863323
783 1.998021
895 0.846290
1109 1.659203
1290 2.738384
1295 1.219870
1470 2.437354
1507 1.358173
1592 1.120336
1613 2.646822
1746 2.194316
1766 1.254084
1892 2.437354
1940 1.157033
1983 2.194316
1994 1.090024
2259 0.426630
2388 2.136324
2507 0.760899
2518 0.824570
2705 1.863323
2762 0.470040
2763 0.756113
2886 1.577016
3102 1.608050
3255 1.367316
3414 1.109995
3473 0.767573
3559 1.608050
3607 3.039414
3735 1.483112
3761 1.188156
4063 2.189863
4331 1.717195
4677 1.079454
4678 6.783789
4701 1.275986
4708 0.689166
5025 0.840757
5324 0.971228
5394 0.497835
6112 0.501595
6167 1.109995
6792 0.519586
6802 1.005990
6806 1.355373
6812 1.226501
6874 0.500338
6909 0.747158
6960 2.426679
7264 1.641474
7498 0.355467
7745 0.806418
7788 0.530212
7855 1.483112
8410 1.307020
8412 1.608050
8489 1.495346
8539 0.668346
8621 1.283539
8829 1.945437
8959 1.136324
9106 1.696991
9132 0.731918
9355 1.760661
9378 1.386202
9540 2.437354
9761 0.835294
9777 1.784142
9905 1.608050
9942 2.772403
10251 1.182082
10397 0.846290
10475 1.079454
10500 1.426630
10541 1.386202
10562 1.863323
10628 1.960233
10880 1.659203
10982 2.562293
11025 0.681479
11052 2.261263
11165 1.677686
11200 1.261263
11341 2.738384
11376 0.464226
