121

103 1.219870
259 1.367316
318 1.649141
552 1.001988
875 1.141787
913 3.118242
1296 0.974956
1746 2.194316
1803 1.254084
1834 3.039414
1899 1.548052
2067 1.261263
2170 1.893286
2186 1.608050
2259 0.426630
2291 2.039414
2507 1.141348
2585 1.471212
2633 1.094931
2876 1.893286
2936 1.808965
3014 1.980392
3150 1.176091
3179 0.772242
3203 1.130396
3275 0.611279
3540 1.738384
3573 0.788994
3700 1.283539
4091 0.693061
4212 1.998021
4215 0.499085
4317 1.254084
4462 1.141787
4542 1.416165
4677 0.539727
4708 1.378332
4734 0.619458
4943 0.572546
4969 1.141787
5009 1.376656
5026 1.240074
5176 1.437354
5224 1.925471
5297 1.331844
5527 3.039414
5569 1.026577
5678 0.986336
5681 1.147320
5734 1.124586
6012 3.996043
6070 0.742749
6291 0.806418
6346 1.395961
6436 7.298475
6449 1.738384
6587 0.622774
6794 1.738384
6812 1.226501
6874 0.500338
7008 0.878046
7072 1.405946
7125 1.416165
7126 3.849506
7325 1.376656
7359 3.039414
7370 2.085172
7460 1.980392
7641 0.646717
7704 1.426157
7788 1.060423
7859 0.301427
7861 0.696991
7864 1.170182
7981 4.627354
8023 1.960233
8234 1.275986
8329 2.437354
8351 1.233234
8455 0.872539
8559 1.562293
8642 1.808965
8771 1.534264
8931 0.532719
9052 0.843514
9114 1.349218
9115 2.209831
9306 1.608050
9444 1.878087
9588 2.562293
9674 2.437354
9767 0.567079
9855 1.641474
9865 0.796376
9903 0.793901
9919 2.219990
10082 1.254084
10304 1.641474
10378 0.683388
10397 2.538869
10403 1.376656
10423 0.698970
10475 0.539727
10487 0.596934
10507 2.044762
10619 0.528869
10711 1.268562
10890 0.465383
11152 0.893286
11210 0.849082
11242 1.048188
11256 0.779343
11320 1.001988
11349 1.283539
11376 0.464226
11377 1.226501
11458 0.854723
11503 0.884078
11636 1.164353
11661 2.261263
11672 1.738384
