182

22 0.050095
99 0.035591
111 0.079492
166 0.044949
198 0.037644
304 0.036077
334 0.044644
346 0.082715
429 0.052505
477 0.053596
485 0.038795
486 0.091160
503 0.071647
596 0.044346
600 0.031712
630 0.018079
665 0.020664
802 0.054175
917 0.018743
992 0.037830
1114 0.068083
1132 0.020664
1180 0.069753
1228 0.083662
1574 0.057488
1609 0.036410
1649 0.028767
1721 0.024396
1803 0.040947
1902 0.033112
1940 0.018889
1952 0.049236
1981 0.091646
1997 0.048425
2046 0.033246
2062 0.043486
2073 0.044949
2126 0.133178
2140 0.047659
2154 0.044254
2165 0.052827
2256 0.133178
2259 0.027860
2313 0.044346
2316 0.099240
2539 0.036926
2550 0.078497
2575 0.031235
2651 0.051206
2690 0.031833
2696 0.022313
2708 0.033797
2720 0.034370
2762 0.015347
2801 0.039200
2946 0.046239
3149 0.036580
3185 0.053040
3236 0.031833
3287 0.053596
3415 0.045261
3422 0.089411
3482 0.031591
3492 0.045258
3514 0.059065
3841 0.015579
3883 0.059924
3951 0.023018
4091 0.067888
4176 0.057488
4215 0.016296
4270 0.079582
4315 0.098752
4333 0.037102
4359 0.069934
4458 0.034081
4537 0.036243
4573 0.088790
4635 0.083662
4708 0.022502
4901 0.029474
4909 0.099240
4916 0.041420
5023 0.034967
5150 0.054175
5177 0.038596
5181 0.065238
5324 0.031712
5491 0.013222
5521 0.085351
5679 0.050546
5749 0.031591
5833 0.016296
5900 0.033938
6071 0.040452
6272 0.055409
6380 0.030774
6421 0.077149
6639 0.057488
6806 0.066382
6837 0.040490
6857 0.198481
6944 0.099240
7061 0.031235
7062 0.011230
7120 0.027185
7264 0.053596
7490 0.045906
7497 0.123095
7528 0.039830
7576 0.083662
7635 0.023018
7641 0.063348
7745 0.131652
7758 0.032458
7855 0.096851
7874 0.041662
7887 0.031712
7937 0.048825
7948 0.044949
8083 0.023216
8272 0.028866
8284 0.046581
8338 0.155592
8343 0.032205
8352 0.111631
8359 0.061818
8377 0.040947
8382 0.067876
8469 0.042160
8494 0.042160
8499 0.104010
8529 0.034815
8539 0.021822
8550 0.054175
8552 0.043486
8555 0.058254
8583 0.044054
8819 0.042416
8826 0.052096
8829 0.021174
8919 0.024836
8920 0.035591
8931 0.017394
9019 0.069034
9059 0.070851
9095 0.038996
9097 0.030661
9104 0.029167
9132 0.023898
9242 0.123071
9381 0.036752
9623 0.032458
9669 0.025291
9767 0.037032
9783 0.028379
9865 0.026003
9893 0.058254
9918 0.089411
9951 0.047659
10010 0.034665
10015 0.034815
10067 0.033246
10172 0.060840
10326 0.143388
10401 0.033382
10423 0.022822
10458 0.042416
10559 0.054175
10565 0.043767
10619 0.017268
10698 0.059065
10890 0.030391
11140 0.089411
11162 0.040947
11210 0.083171
11306 0.038474
11340 0.032205
11362 0.038017
11536 0.043211
11605 0.365904
11667 0.233017
