180

111 0.069781
213 0.036147
217 0.069560
346 0.021783
352 0.057260
553 0.134852
630 0.047610
716 0.081399
784 0.275543
831 0.070449
883 0.065389
917 0.024680
1050 0.064290
1053 0.043079
1064 0.061336
1106 0.041756
1112 0.032901
1132 0.027209
1135 0.055184
1141 0.056898
1157 0.056542
1269 0.040373
1284 0.046449
1285 0.058007
1378 0.059597
1532 0.033507
1547 0.078905
1605 0.076811
1657 0.283023
1728 0.100624
1807 0.039933
1809 0.100624
1831 0.033001
1940 0.024872
1949 0.072129
1981 0.040225
2046 0.043777
2058 0.038674
2205 0.064831
2246 0.071335
2380 0.097219
2507 0.016357
2530 0.030835
2585 0.063252
2599 0.097219
2673 0.076706
2696 0.029381
2762 0.020209
2763 0.032508
2806 0.044502
2914 0.104790
3004 0.071335
3121 0.033713
3122 0.065802
3200 0.097219
3255 0.058786
3328 0.094341
3460 0.069840
3485 0.064290
3492 0.029797
3521 0.053917
3531 0.033922
3567 0.030570
3634 0.062754
3735 0.063764
3766 0.065389
3811 0.085902
3818 0.030309
3826 0.060446
3841 0.020513
3856 0.089649
3887 0.059597
3912 0.089649
3938 0.053021
4120 0.072129
4121 0.106630
4156 0.330485
4247 0.201247
4315 0.032508
4520 0.094128
4623 0.065963
4677 0.092819
4707 0.091848
4722 0.282449
4793 0.063252
4834 0.045450
4837 0.110162
4969 0.049089
5023 0.046043
5025 0.144588
5026 0.159945
5174 0.064831
5227 0.055514
5394 0.021404
5460 0.053614
5491 0.017410
5623 0.100624
5651 0.056542
5658 0.147656
5692 0.032411
5743 0.032218
5753 0.027956
5756 0.063252
5839 0.084277
5920 0.053021
5991 0.089649
6071 0.026633
6112 0.086261
6281 0.051889
6283 0.138734
6317 0.030222
6421 0.101586
6463 0.062269
6631 0.059597
6695 0.085902
6806 0.058272
6813 0.033817
7061 0.041129
7062 0.029574
7217 0.034239
7498 0.015283
7532 0.054226
7644 0.089649
7745 0.034671
7783 0.062269
7833 0.100624
8007 0.036029
8025 0.089649
8174 0.074739
8338 0.040975
8343 0.042406
8352 0.036747
8410 0.056193
8539 0.028734
8685 0.069840
8826 0.060976
8829 0.223042
8919 0.130813
9130 0.033001
9138 0.028974
9242 0.097233
9246 0.082782
9255 0.060446
9270 0.046245
9424 0.063764
9461 0.031013
9539 0.089649
9643 0.050310
9719 0.073828
9767 0.012190
9774 0.041129
9783 0.074736
10017 0.039933
10036 0.031652
10085 0.044688
10086 0.046245
10195 0.036385
10251 0.050822
10487 0.025664
10517 0.061336
10519 0.087681
10589 0.113084
10593 0.094341
10604 0.062269
10639 0.048167
10890 0.020008
11025 0.029299
11306 0.050660
11340 0.042406
11380 0.081399
11443 0.040671
11501 0.053917
11502 0.043600
11522 0.072959
11523 0.023146
11547 0.089376
11551 0.077773
11605 0.056683
11606 0.040079
11625 0.095008
