65

26 0.093927
217 0.141902
346 0.088874
553 0.068774
633 0.105853
831 0.143716
1053 0.087880
1112 0.067117
1798 0.103150
1859 0.106377
1940 0.101478
2259 0.037418
2335 0.080300
2518 0.072320
2537 0.166052
2600 0.143967
2650 0.150608
2763 0.066315
3004 0.145522
3492 0.060785
3567 0.062362
3841 0.041846
4121 0.108762
4196 0.064382
4255 0.158657
4677 0.047337
4701 0.223823
4722 0.096032
4793 0.129034
5025 0.073739
5394 0.043663
5753 0.057031
5821 0.080588
5900 0.091163
6308 0.065725
6315 0.223823
6616 0.078894
6802 0.088231
6960 0.212834
7442 0.187368
7641 0.056721
7709 0.059603
7859 0.026437
7862 0.084218
8174 0.152466
8543 0.213770
8826 0.015549
8829 0.284377
8930 0.091932
9130 0.067321
9132 0.128387
9767 0.024868
9865 0.069847
10352 0.085182
10475 0.094674
10606 0.132255
10619 0.046385
10890 0.040817
11025 0.119539
11121 0.157892
11150 0.089669
11200 0.110620
11375 0.069414
11609 0.106417
11625 0.096908
