41

188 0.140042
630 0.069212
1053 0.125248
1112 0.095657
1132 0.079109
2071 0.121404
2518 0.103071
2696 0.085424
3121 0.098018
3275 0.076410
3289 0.167556
3436 0.170915
3473 0.191893
3482 0.120942
3492 0.173265
3611 0.123292
3826 0.175743
4315 0.094514
4769 0.144115
5135 0.148452
5869 0.131580
6380 0.117813
6504 0.109012
6802 0.125749
7062 0.085983
7497 0.117813
7782 0.205184
7867 0.186918
8294 0.115684
8829 0.081060
8931 0.066590
9592 0.133866
9623 0.124261
10017 0.116103
10092 0.332672
10249 0.120483
10326 0.091490
10517 0.178329
11377 0.153313
11523 0.067294
11605 0.082400
