172

10 0.132365
74 0.091115
85 0.062792
107 0.146916
111 0.039227
148 0.054153
217 0.039103
313 0.070009
398 0.066543
404 0.026356
412 0.103263
455 0.036439
508 0.074883
553 0.037903
602 0.070554
630 0.080291
784 0.103263
831 0.039603
897 0.041591
950 0.079344
1032 0.085105
1053 0.145299
1090 0.079344
1102 0.060277
1106 0.046946
1132 0.030591
1378 0.134009
1506 0.053902
1605 0.043179
1649 0.042587
1657 0.318199
1723 0.067005
1760 0.145778
1789 0.074161
1859 0.029314
1896 0.065217
1940 0.083891
2038 0.088712
2046 0.049218
2154 0.032757
2259 0.020622
2499 0.063177
2507 0.018390
2532 0.059285
2554 0.065650
2575 0.046240
2576 0.041315
2596 0.081094
2651 0.037903
2690 0.047126
2696 0.033033
2785 0.113130
3029 0.073515
3057 0.109302
3122 0.036990
3417 0.051992
3423 0.044734
3473 0.037102
3492 0.033500
3567 0.034369
3573 0.076275
3691 0.035902
3826 0.203877
3898 0.100791
4121 0.059941
4196 0.035482
4359 0.051765
4451 0.042442
4538 0.108307
4613 0.130900
4677 0.026089
4715 0.109302
4769 0.055729
4793 0.071114
4834 0.051099
4943 0.027675
4969 0.055190
5025 0.162558
5026 0.119882
5042 0.075516
5084 0.076228
5112 0.046415
5135 0.057406
5394 0.048128
5529 0.031260
5658 0.166007
5679 0.074828
5743 0.036223
5756 0.071114
5826 0.054666
5843 0.113130
5880 0.040375
5926 0.067572
5964 0.080201
6071 0.029943
6097 0.052926
6274 0.116063
6283 0.103985
6317 0.067957
6380 0.045558
6568 0.034969
6587 0.030103
6616 0.043481
6695 0.096578
6792 0.025115
6806 0.032757
6814 0.058965
7062 0.016625
7497 0.045558
7528 0.058965
7530 0.048241
7635 0.068151
7643 0.045558
7745 0.077959
7760 0.032217
7782 0.079344
7833 0.113130
7837 0.080201
7859 0.014570
7864 0.056563
8016 0.045390
8083 0.034369
8091 0.093071
8174 0.084028
8294 0.089469
8338 0.230338
8345 0.093071
8352 0.041315
8404 0.025242
8455 0.042176
8470 0.055729
8619 0.061677
8621 0.186127
8826 0.017139
8829 0.250763
8869 0.103263
8931 0.051500
9059 0.026222
9242 0.072878
9329 0.072889
9339 0.085105
9461 0.034868
9592 0.051765
9625 0.062792
9653 0.086240
9667 0.056003
9761 0.080751
9767 0.013705
9872 0.055190
9904 0.086240
9944 0.057138
10067 0.049218
10072 0.093071
10092 0.042881
10185 0.090120
10378 0.033033
10396 0.049019
10401 0.098837
10606 0.072889
10639 0.054153
10823 0.109302
10890 0.022495
11025 0.098822
11111 0.293831
11295 0.117298
11306 0.028478
11340 0.047676
11443 0.045726
11502 0.049019
11543 0.060965
11562 0.123853
11606 0.045060
