144

7 1.349218
26 1.070931
79 0.922143
97 0.909080
111 2.434582
148 1.120336
175 1.226501
217 0.808965
259 1.367316
485 1.188156
486 2.791923
508 3.098385
630 1.107385
822 1.495346
917 0.574031
950 6.565896
1007 2.199790
1053 1.001988
1132 1.898622
1542 0.814105
1831 0.767573
1859 1.212890
1887 1.608050
1940 0.578516
2000 0.986336
2085 1.448350
2154 0.677686
2168 1.835294
2520 1.835294
2550 0.801368
2575 0.956629
2576 0.854723
2651 0.784142
2690 0.974956
2708 1.035093
2851 1.170182
2946 1.416165
3236 0.974956
3275 0.611279
3322 1.395961
3492 0.693061
3533 1.386202
3818 0.704960
3841 0.477121
3971 1.437354
4005 1.094931
4359 1.070931
4451 0.878046
4573 0.543870
4613 1.805387
4901 0.902694
4938 1.367316
4943 0.572546
5042 1.562293
5135 0.593810
5491 1.214811
5624 2.199790
5734 0.562293
5795 1.170182
5841 1.471212
5949 0.918840
6023 1.416165
6215 1.520900
6283 1.075626
6291 0.806418
6324 1.471212
6381 1.641474
6421 1.772123
6587 0.622774
6792 0.519586
6806 1.355373
6812 1.226501
6813 1.573122
6828 1.434390
6860 1.254084
7041 1.376656
7062 0.343932
7131 1.448350
7150 0.978716
7165 1.115135
7297 1.534264
7388 1.548052
7411 0.893286
7490 2.811891
7498 0.710934
7521 1.863323
7528 1.219870
7532 1.261263
7673 1.760661
7694 1.553926
7745 1.612836
7760 0.666502
7788 0.530212
7859 0.602854
7862 0.960233
7987 1.376656
8098 1.247022
8338 2.859163
8463 0.960233
8470 1.152923
8499 0.796376
8552 1.331844
8621 1.283539
8826 1.595545
8829 0.648479
8879 1.659203
8919 0.760661
8920 1.090024
8931 0.266359
9019 1.057143
9052 0.843514
9059 1.084969
9104 0.893286
9242 3.015427
9461 0.721351
9596 1.213339
9598 2.261263
9761 0.835294
9767 0.850618
9811 0.909080
9865 0.796376
9885 2.738384
9988 1.808965
10017 0.928824
10036 0.736218
10092 0.887126
10185 0.932204
10228 1.213339
10325 2.061628
10326 1.463836
10378 1.366777
10393 2.562293
10401 1.022381
10458 1.299051
10890 0.930766
11025 0.681479
11121 0.600081
11135 1.291226
11287 1.043779
11290 1.548052
11328 2.305847
11376 0.464226
11600 0.351885
11605 1.977609
