154

26 0.048932
45 0.064239
68 0.069492
71 0.040119
111 0.037080
217 0.073925
340 0.182584
441 0.091292
455 0.034445
531 0.041983
586 0.034139
630 0.075897
831 0.074870
1028 0.062901
1102 0.113956
1112 0.034965
1132 0.028917
1141 0.120936
1285 0.061647
1296 0.089094
1301 0.100261
1378 0.063337
1384 0.080447
1494 0.071383
1548 0.062474
1605 0.040815
1657 0.100261
1727 0.087977
1809 0.106938
1820 0.072056
1831 0.035071
1940 0.052866
1981 0.042749
2028 0.070732
2205 0.068899
2421 0.045067
2518 0.037676
2548 0.046905
2948 0.182561
2976 0.080447
3095 0.026990
3115 0.081520
3121 0.035828
3122 0.034965
3255 0.062474
3386 0.056660
3403 0.151622
3521 0.114601
3558 0.055145
3567 0.032488
3637 0.051920
3638 0.087977
3766 0.069492
3772 0.123295
3826 0.064239
3856 0.095274
3898 0.095274
4071 0.046524
4121 0.113321
4185 0.138874
4196 0.033540
4211 0.041684
4264 0.117074
4266 0.048096
4437 0.067221
4452 0.067765
4520 0.033345
4677 0.147965
4722 0.150086
4793 0.067221
4943 0.026160
5025 0.307321
5026 0.056660
5318 0.138874
5491 0.037004
5658 0.235382
5692 0.034445
5753 0.059421
5843 0.106938
5880 0.038166
5962 0.061647
5991 0.095274
6070 0.033937
6112 0.022918
6283 0.098293
6363 0.087977
6380 0.043064
6421 0.080970
6616 0.041101
6828 0.032769
6960 0.055439
7012 0.097611
7061 0.065564
7062 0.015715
7111 0.022804
7418 0.111366
7460 0.045243
7559 0.103320
7643 0.129192
8025 0.095274
8169 0.103320
8174 0.158858
8243 0.068324
8338 0.043546
8352 0.039053
8379 0.125120
8455 0.019934
8539 0.030538
8583 0.061647
8646 0.085137
8728 0.056348
8826 0.024301
8829 0.266668
8919 0.069511
8931 0.012170
9138 0.030792
9242 0.034445
9246 0.175954
9255 0.064239
9279 0.062474
9284 0.072056
9312 0.097611
9328 0.041833
9402 0.081520
9653 0.081520
9718 0.064239
9767 0.025910
9774 0.043709
9783 0.039713
9865 0.036387
9909 0.087977
10010 0.097020
10017 0.042439
10018 0.067765
10036 0.067277
10072 0.087977
10185 0.042593
10195 0.038668
10391 0.277749
10423 0.031937
10555 0.062474
10589 0.120180
10596 0.054570
10606 0.068899
10639 0.051189
10805 0.100261
10890 0.063792
11025 0.062275
11287 0.095383
11349 0.058646
11364 0.065674
11397 0.044547
11522 0.077538
11605 0.060239
