192

7 0.051740
74 0.036143
79 0.035363
97 0.034862
108 0.044874
111 0.093362
122 0.037532
148 0.042963
175 0.047034
217 0.031022
259 0.052434
485 0.045564
486 0.107065
508 0.118818
630 0.042466
822 0.057344
917 0.022013
950 0.251791
1007 0.084358
1064 0.054709
1132 0.145618
1296 0.037388
1542 0.031219
1581 0.179504
1721 0.028652
1816 0.109418
1835 0.049516
1859 0.069768
1929 0.049516
1940 0.044370
2000 0.075648
2085 0.055542
2154 0.025988
2165 0.031022
2168 0.070380
2335 0.070220
2520 0.070380
2550 0.030731
2575 0.036685
2576 0.065554
2651 0.030070
2690 0.037388
2696 0.026207
2708 0.039694
2762 0.018025
2851 0.044874
2946 0.054307
2996 0.051404
3205 0.054307
3236 0.037388
3275 0.023441
3322 0.053533
3492 0.053155
3531 0.030257
3533 0.053158
3546 0.037532
3681 0.044430
3780 0.113749
3818 0.027034
3826 0.053916
3841 0.018297
3971 0.055120
4005 0.041989
4091 0.026578
4315 0.028996
4359 0.041068
4451 0.033672
4458 0.040027
4566 0.031723
4573 0.020856
4593 0.071455
4613 0.069233
4655 0.105012
4764 0.044213
4769 0.044213
4901 0.034617
4938 0.052434
4943 0.021956
4978 0.057344
4997 0.116556
5042 0.059911
5086 0.058324
5135 0.022772
5491 0.046586
5529 0.024800
5624 0.084358
5734 0.021563
5795 0.044874
5841 0.056418
5948 0.033107
5949 0.035236
6023 0.054307
6215 0.058324
6273 0.072604
6283 0.041248
6291 0.030925
6324 0.056418
6381 0.062948
6421 0.067958
6463 0.055542
6587 0.023882
6792 0.039850
6802 0.038578
6806 0.051976
6812 0.047034
6813 0.060326
6828 0.082509
6860 0.048092
7041 0.052792
7062 0.026378
7120 0.063857
7131 0.055542
7150 0.037532
7165 0.042763
7297 0.058836
7388 0.059365
7411 0.034256
7490 0.107831
7498 0.027263
7521 0.071455
7528 0.046780
7532 0.048367
7664 0.046283
7673 0.067518
7694 0.029795
7745 0.061849
7760 0.025559
7788 0.081331
7859 0.011559
7862 0.036823
7987 0.052792
8022 0.156416
8295 0.052084
8338 0.109644
8389 0.186937
8425 0.069371
8463 0.036823
8470 0.044213
8499 0.061079
8508 0.098443
8552 0.051074
8621 0.049221
8826 0.095179
8829 0.024868
8879 0.063628
8916 0.071455
8919 0.029170
8920 0.041801
8931 0.010214
9019 0.040540
9052 0.064695
9059 0.041607
9104 0.034256
9139 0.089752
9242 0.173455
9461 0.027663
9596 0.046529
9598 0.086715
9761 0.032032
9767 0.032620
9811 0.034862
9865 0.061079
9885 0.105012
9988 0.069371
10017 0.035619
10036 0.056465
10092 0.034020
10185 0.035748
10228 0.046529
10325 0.118590
10326 0.028068
10378 0.026207
10393 0.098259
10401 0.039207
10423 0.026804
10458 0.049816
10509 0.027034
10555 0.104868
10890 0.035693
11025 0.026134
11121 0.023012
11124 0.063628
11135 0.049516
11287 0.040027
11290 0.059365
11328 0.088425
11340 0.075648
11376 0.017802
11451 0.033903
11523 0.020645
11600 0.013494
11605 0.101117
