129

71 0.051920
123 0.086310
404 0.064484
418 0.048758
615 0.161924
630 0.032741
831 0.048447
895 0.050042
917 0.033943
1102 0.073738
1112 0.045251
1132 0.074845
1316 0.113855
1341 0.144124
1464 0.086310
1532 0.046084
1533 0.102793
1561 0.110181
1649 0.052098
1929 0.076352
1940 0.102625
2116 0.094152
2154 0.040072
2165 0.047835
2259 0.025227
2267 0.073738
2335 0.054138
2455 0.201494
2507 0.044993
2526 0.276787
2550 0.047386
2551 0.082545
2575 0.056567
2576 0.050541
2680 0.089166
2696 0.040410
2708 0.122413
2769 0.197818
2843 0.086995
2954 0.055324
3205 0.083740
3322 0.082545
3411 0.179724
3423 0.054724
3473 0.045388
3492 0.040982
3531 0.046654
3731 0.129753
3953 0.105499
3979 0.086995
4215 0.029511
4315 0.089420
4413 0.059485
4503 0.098111
4573 0.032160
4764 0.068174
4901 0.053377
5100 0.041448
5135 0.070225
5529 0.038241
5532 0.052457
5740 0.075012
5749 0.057211
5885 0.083609
5948 0.102099
6167 0.065635
6315 0.075451
6421 0.034929
6445 0.087698
6504 0.051568
6594 0.151512
6626 0.303023
6806 0.040072
7040 0.115911
7062 0.081349
7120 0.049232
7498 0.021019
7641 0.076482
7694 0.045943
7737 0.080310
7788 0.031352
7859 0.017824
7946 0.060703
8027 0.080310
8083 0.042044
8243 0.088422
8338 0.056355
8404 0.061759
8445 0.094152
8455 0.025797
8499 0.141272
8513 0.093251
8662 0.070257
8826 0.010483
8829 0.115036
8931 0.015750
9031 0.104553
9052 0.049878
9097 0.055527
9132 0.043279
9139 0.138393
9143 0.126323
9184 0.095086
9242 0.178306
9370 0.181446
9625 0.076815
9632 0.082545
9767 0.016766
9907 0.089933
9957 0.084993
10010 0.062779
10015 0.063051
10053 0.179724
10235 0.083135
10279 0.059485
10325 0.060953
10475 0.031915
10500 0.168717
10507 0.060455
10718 0.101540
10751 0.144124
10890 0.027519
11025 0.040297
11210 0.050207
11340 0.058323
11371 0.129753
11451 0.052277
11523 0.031834
11605 0.233877
