227

74 0.024343
103 0.031507
108 0.030224
111 0.230566
148 0.028937
158 0.040732
186 0.075256
198 0.029778
259 0.035316
320 0.089800
404 0.042250
429 0.041534
455 0.019471
483 0.032391
503 0.056676
508 0.020007
586 0.019298
630 0.057204
831 0.021161
895 0.021858
898 0.039984
917 0.059305
950 0.169587
960 0.027541
1090 0.042397
1106 0.125427
1132 0.016346
1395 0.062953
1462 0.044353
1506 0.028802
1796 0.037700
1831 0.019825
1859 0.015664
1929 0.066701
1940 0.074711
1981 0.024165
2005 0.209474
2046 0.026299
2073 0.035557
2154 0.017504
2156 0.041957
2157 0.125906
2259 0.022038
2340 0.026299
2473 0.026515
2524 0.027073
2539 0.029210
2550 0.020698
2551 0.036056
2575 0.024708
2576 0.066229
2651 0.040506
2690 0.025182
2696 0.035302
2708 0.026735
2762 0.024281
2778 0.078504
2927 0.041957
2946 0.036577
2995 0.038623
3014 0.051151
3121 0.020253
3122 0.019765
3423 0.023904
3465 0.044900
3482 0.024990
3489 0.072627
3492 0.035801
3500 0.041534
3531 0.020379
3533 0.071607
3547 0.047403
3611 0.050951
3627 0.032391
3640 0.058405
3665 0.053857
3763 0.070728
3806 0.036056
3841 0.024647
3852 0.044353
3900 0.107714
3971 0.037125
4041 0.047403
4267 0.040732
4359 0.027661
4458 0.134796
4466 0.052675
4510 0.046723
4573 0.014047
4613 0.023315
4615 0.038307
4638 0.051606
4770 0.032577
4834 0.027304
5004 0.052675
5042 0.080703
5053 0.027904
5112 0.049603
5133 0.038948
5135 0.092023
5143 0.069946
5491 0.010459
5529 0.016704
5712 0.024990
5720 0.056676
5721 0.070728
5734 0.014523
5749 0.024990
5753 0.016795
5833 0.012891
5841 0.037999
5914 0.050630
5926 0.018053
5950 0.116810
6023 0.036577
6070 0.019184
6097 0.028280
6129 0.050630
6274 0.031009
6291 0.041657
6317 0.018156
6380 0.024343
6421 0.030514
6559 0.025777
6601 0.038623
6792 0.026840
6802 0.025983
6806 0.052511
6837 0.032029
6864 0.011268
7041 0.035557
7062 0.097716
7111 0.012891
7120 0.086018
7143 0.023818
7154 0.035557
7262 0.120900
7297 0.079255
7404 0.029073
7439 0.042397
7497 0.097374
7528 0.031507
7577 0.157007
7597 0.055178
7622 0.058405
7641 0.016704
7694 0.040136
7704 0.018418
7745 0.270771
7782 0.042397
7855 0.076613
7859 0.007785
7862 0.049603
7867 0.038623
7874 0.032957
7904 0.032957
7936 0.068799
7978 0.028409
7989 0.081219
8083 0.036730
8150 0.028409
8245 0.053693
8272 0.022834
8338 0.196928
8352 0.066229
8404 0.013488
8463 0.024801
8470 0.029778
8494 0.033350
8499 0.041138
8529 0.027541
8554 0.047403
8684 0.032765
8819 0.033553
8826 0.077842
8829 0.016749
8879 0.042855
8931 0.006880
8996 0.062953
9019 0.027304
9052 0.043573
9059 0.112092
9065 0.023648
9097 0.024254
9099 0.033968
9107 0.033350
9242 0.038942
9316 0.056676
9380 0.058699
9381 0.029073
9394 0.049732
9461 0.037263
9574 0.043831
9626 0.049732
9669 0.020007
9747 0.024434
9748 0.046082
9767 0.014647
9865 0.020569
9893 0.046082
9933 0.055564
9971 0.037409
10009 0.046082
10017 0.023990
10036 0.095077
10092 0.022913
10093 0.042397
10325 0.026624
10326 0.018904
10378 0.017651
10396 0.026193
10556 0.030531
10618 0.056676
11121 0.030998
11138 0.070728
11210 0.065792
11267 0.038623
11306 0.015217
11328 0.119113
11332 0.018471
11438 0.056676
11451 0.022834
11473 0.066180
11547 0.026847
11600 0.009089
11605 0.034052
11667 0.092163
