71

108 0.230603
111 0.079962
123 0.287643
455 0.074280
630 0.109114
1269 0.092527
1278 0.124995
1296 0.096065
1581 0.230611
1721 0.073620
1816 0.140570
1929 0.127228
1940 0.057003
1981 0.092188
2342 0.142710
2390 0.205458
2507 0.037487
2576 0.084218
2696 0.067336
3255 0.134726
3533 0.136587
3567 0.070060
3728 0.299482
3841 0.141036
4121 0.122188
4266 0.103720
4278 0.151176
4310 0.100738
5025 0.082842
5135 0.058510
5529 0.063723
6071 0.061037
6167 0.109371
6283 0.105985
6308 0.073839
6380 0.092868
6792 0.051196
6802 0.198246
6805 0.299482
6806 0.066774
6960 0.119554
7062 0.033889
7120 0.082037
7524 0.210498
7745 0.079459
7937 0.147341
8044 0.146135
8271 0.182379
8352 0.084218
8372 0.175797
8389 0.240160
8539 0.065854
8826 0.017468
8829 0.063897
8956 0.106452
9052 0.083114
9059 0.106905
9242 0.074280
9767 0.055876
9905 0.158446
10036 0.072542
10235 0.138532
10326 0.072118
10423 0.068872
10487 0.058818
10606 0.148581
10890 0.091711
11124 0.163486
11258 0.136587
11451 0.087111
11606 0.091853
