74

23 0.083416
26 0.087734
111 0.132966
217 0.066273
334 0.112015
346 0.041507
549 0.119578
802 0.135927
831 0.134240
897 0.070490
1053 0.164172
1113 0.248999
1258 0.101591
1296 0.159743
1617 0.105781
1835 0.105781
1940 0.047394
1986 0.092213
2342 0.118653
2519 0.107740
2673 0.146163
2696 0.055985
2762 0.038507
2946 0.116017
2954 0.076648
3255 0.112015
3423 0.075818
3432 0.120526
3492 0.170333
3533 0.113562
3567 0.058250
3841 0.039087
3852 0.140678
4121 0.203182
4278 0.125692
4346 0.139023
4677 0.088432
5025 0.206632
5135 0.048647
5491 0.033174
5753 0.053270
6283 0.088119
6308 0.061392
6421 0.048393
6505 0.108418
6639 0.144239
6806 0.055518
6960 0.099401
7217 0.130483
7643 0.077213
7694 0.063651
7862 0.078665
7913 0.125692
8174 0.142414
8271 0.151635
8338 0.078077
8539 0.054753
8829 0.212502
8989 0.120526
9029 0.209911
9242 0.123517
9246 0.157741
9632 0.114362
9767 0.046457
9783 0.071204
10036 0.060313
10423 0.057262
10589 0.107740
10606 0.247070
10890 0.076251
11025 0.055829
11121 0.049161
11200 0.103327
11605 0.162012
