323

23 1.018225
67 1.998021
83 1.548052
97 0.909080
148 1.120336
157 1.358173
194 0.723444
213 0.840757
255 28.546266
373 1.459631
376 3.039414
404 1.090519
586 0.747158
632 0.990196
634 1.233234
665 1.265748
763 8.207371
897 0.860437
913 7.275899
917 1.148063
932 3.039414
934 1.808965
965 0.963867
1042 3.726646
1132 0.632874
1198 1.624441
1278 1.268562
1306 2.261263
1333 1.623055
1456 0.849082
1542 0.814105
1596 5.033059
1643 1.043779
1649 3.524207
1830 2.261263
1835 1.291226
1900 1.507935
1994 2.180048
2000 5.918014
2024 1.022381
2025 1.426630
2028 1.548052
2046 4.072899
2053 1.548052
2115 0.922143
2121 1.925471
2154 0.677686
2244 7.029728
2259 0.426630
2267 1.247022
2313 1.358173
2339 1.147320
2340 2.036450
2343 3.786572
2444 3.154032
2498 4.388632
2507 0.760899
2552 1.043779
2572 0.884078
2605 1.863323
2626 1.182082
2627 6.887306
2652 1.738384
2690 0.974956
2720 2.105285
2762 0.470040
2785 2.340444
2806 3.105278
2851 2.340365
2889 1.960233
3115 1.784142
3132 1.960233
3150 1.176091
3163 3.670588
3203 2.825989
3216 6.078828
3274 1.520900
3275 1.222559
3322 1.395961
3383 1.835294
3394 1.507935
3402 1.323411
3414 3.329986
3415 1.386202
3436 1.367316
3437 1.437354
3441 3.039414
3473 0.767573
3495 2.340365
3521 2.508169
3573 2.366982
3597 3.039414
3598 1.534264
3605 1.349218
3613 1.005990
3621 0.899535
3626 0.967532
3841 0.954243
3930 1.893286
3944 1.784142
3949 6.078828
4005 6.569589
4091 1.386122
4126 1.717195
4148 0.978716
4195 1.170182
4196 0.734063
4215 4.990846
4216 2.738384
4279 3.476768
4297 1.784142
4315 1.512226
4451 0.878046
4494 3.039414
4520 0.729784
4529 1.307020
4545 2.738384
4566 0.827227
4573 1.087740
4705 9.118242
4708 0.689166
4725 1.577016
4822 2.738384
4825 3.039414
4830 1.426630
4859 4.776768
4901 0.902694
4943 1.145093
4964 6.342857
4977 2.562293
5012 0.827227
5067 2.328706
5095 1.641474
5100 7.710534
5112 0.960233
5178 1.665176
5217 1.299051
5244 6.078828
5297 2.663688
5370 4.874708
5496 0.978716
5529 0.646717
5561 2.562293
5562 57.427283
5563 3.039414
5569 9.239192
5593 3.039414
5620 1.376656
5664 1.835294
5694 5.124586
5734 2.249171
5735 1.507935
5749 0.967532
5764 1.960233
5765 3.996043
5857 1.120336
5885 0.706976
5900 1.039414
5920 1.233234
5926 0.698970
5957 2.453002
6070 1.485498
6071 0.619458
6112 1.003190
6227 1.158601
6308 0.749380
6370 6.078828
6436 7.298475
6504 0.872097
6529 1.624441
6536 1.808965
6574 1.863323
6666 2.340444
6792 2.597931
6793 1.863323
6796 2.734633
6823 1.562293
6828 0.717195
6864 2.617618
6874 1.000676
6878 1.275986
7006 2.085172
7008 0.878046
7041 1.376656
7045 4.170343
7050 2.328706
7061 1.913251
7126 0.769901
7385 0.769901
7387 2.522526
7389 2.853261
7411 0.893286
7460 0.990196
7498 1.066401
7580 1.254084
7635 0.704960
7655 0.922143
7709 3.397893
7737 2.716346
7758 0.994091
7760 1.333004
7761 2.401130
7788 2.120846
7823 2.194316
7859 1.205707
7861 1.393983
7881 1.548052
7899 1.774252
7902 9.361776
7920 1.039414
7960 2.437354
7980 2.738384
7981 0.925471
7989 1.048188
8007 0.838017
8082 3.039414
8083 1.422069
8098 2.494045
8183 1.405946
8221 1.998021
8230 3.617930
8237 1.170182
8239 1.784142
8245 1.039414
8272 1.768156
8281 1.367316
8294 0.925471
8326 1.268562
8334 1.376656
8343 0.986336
8348 3.068528
8352 0.854723
8383 4.279891
8387 0.854723
8455 1.308809
8457 1.194316
8462 1.226501
8467 1.577016
8488 1.863323
8494 2.582452
8499 1.592752
8504 2.340444
8512 0.875061
8539 2.005039
8559 1.562293
8605 0.738384
8645 1.960233
8684 1.268562
8758 3.039414
8761 0.747158
8767 1.409921
8821 1.416165
8826 0.177283
8931 2.130875
8959 1.136324
9053 2.340444
9059 1.084969
9062 1.075626
9097 0.939044
9110 1.247022
9114 10.793744
9115 18.783566
9116 5.910408
9184 1.608050
9238 1.738384
9260 6.078828
9379 1.471212
9444 1.878087
9551 1.893286
9579 1.315138
9594 1.495346
9618 1.920466
9667 2.317201
9718 1.405946
9719 1.717195
9725 1.213339
9767 0.283539
9770 2.044762
9777 3.568283
9903 0.793901
9933 2.151253
9971 2.896699
9988 1.808965
10058 1.212890
10185 1.864408
10195 0.846290
10309 1.988182
10318 1.592256
10344 3.039414
10378 5.467106
10383 3.039414
10396 1.014108
10397 0.846290
10406 2.340444
10475 1.079454
10509 1.409921
10515 1.624441
10735 1.548052
10746 2.194316
10749 2.261263
10865 1.960233
10890 0.930766
10892 1.226501
11015 1.075626
11038 1.893286
11121 1.800244
11152 1.786572
11162 3.762253
11233 2.551972
11238 1.495346
11242 1.048188
11332 5.005922
11356 2.136324
11376 0.464226
11386 1.349218
11396 1.885008
11458 0.854723
11523 0.538355
11532 1.304049
11536 1.323411
11636 2.328706
11637 6.501771
11660 6.078828
