298

23 1.018225
26 1.070931
74 0.942504
79 0.922143
111 4.869164
139 1.219870
171 3.850942
188 1.120336
217 0.808965
248 1.760661
334 2.734633
404 0.545260
418 0.824570
423 1.240074
455 0.753857
483 1.254084
485 1.188156
508 1.549193
549 1.459631
552 1.001988
553 1.568283
630 2.768463
634 1.233234
665 1.265748
697 0.819306
802 1.659203
809 2.562293
822 1.495346
831 0.819306
895 3.385158
897 0.860437
942 1.925471
1002 1.307020
1007 1.099895
1050 1.495346
1053 5.009938
1090 1.641474
1106 3.884913
1112 2.295769
1114 4.170343
1132 1.898622
1259 1.659203
1295 1.219870
1316 3.850942
1340 2.437354
1360 2.194316
1387 1.085172
1532 0.779343
1533 1.738384
1678 2.738384
1807 0.928824
1832 2.340444
1872 0.638014
1887 1.608050
1940 2.892581
1947 1.104916
1950 1.534264
1972 2.039414
1981 0.935610
2005 1.158601
2010 1.459631
2058 0.899535
2066 4.522526
2134 1.562293
2153 2.437354
2155 3.039414
2159 2.194316
2165 0.808965
2185 1.182082
2294 1.760661
2319 2.832330
2335 5.493375
2342 1.448350
2424 2.194316
2518 0.824570
2520 1.835294
2550 0.801368
2551 5.583846
2565 1.416165
2601 1.507935
2696 2.050165
2700 1.548052
2708 1.035093
2718 2.551972
2792 2.136324
2801 1.200565
2875 1.534264
2922 1.213339
2946 2.832330
3014 0.990196
3115 1.784142
3121 0.784142
3179 0.772242
3236 0.974956
3301 1.960233
3304 1.608050
3432 1.471212
3482 1.935064
3492 2.772245
3691 0.742749
3700 1.283539
3721 2.039414
3731 4.388632
3780 2.966223
3783 1.471212
3830 2.261263
3841 1.431364
3869 1.416165
3971 2.874708
4043 1.835294
4063 1.094931
4091 0.693061
4121 1.240074
4148 0.978716
4215 0.499085
4315 1.512226
4346 1.696991
4359 1.070931
4458 2.087558
4503 1.659203
4520 0.729784
4573 0.543870
4594 2.136324
4677 0.539727
4722 1.094931
4769 1.152923
4866 0.945992
4875 1.520900
4943 0.572546
4969 1.141787
5012 1.654453
5025 1.681514
5053 1.080373
5135 0.593810
5168 1.213339
5178 0.832588
5382 1.426630
5394 0.995670
5457 1.448350
5468 2.388632
5491 1.619747
5624 1.099895
5651 1.315138
5692 0.753857
5743 0.749380
5797 1.066286
5827 1.386202
5857 2.240672
5869 2.105285
5926 0.698970
5948 0.863323
6167 1.109995
6215 1.520900
6288 2.261263
6308 1.498759
6315 1.275986
6328 2.261263
6345 1.808965
6348 3.068528
6418 1.459631
6421 1.181416
6466 1.075626
6504 1.744194
6505 1.323411
6542 1.659203
6559 0.998021
6608 2.340444
6631 1.386202
6639 1.760661
6802 2.011981
6806 1.355373
6909 0.747158
6960 2.426679
6962 1.200565
6982 1.760661
7023 1.483112
7041 1.376656
7047 1.213339
7060 0.932204
7061 0.478313
7062 3.095392
7075 2.437354
7118 0.611279
7165 1.115135
7265 2.039414
7404 1.125600
7498 1.066401
7528 1.219870
7595 2.734633
7611 1.592256
7635 0.704960
7641 0.646717
7643 0.942504
7661 2.136324
7694 0.776963
7709 0.679579
7745 3.225672
7788 2.120846
7809 1.738384
7904 1.275986
7989 1.048188
8022 2.039414
8023 1.960233
8083 2.133104
8146 1.624441
8150 1.099895
8186 1.548052
8215 2.039414
8227 0.816698
8243 1.495346
8338 2.859163
8348 1.534264
8382 1.039414
8391 2.039414
8396 1.608050
8404 0.522218
8456 1.592256
8484 2.136324
8499 0.796376
8621 1.283539
8819 1.299051
8826 1.772827
8829 1.945437
8919 0.760661
8920 1.090024
8924 1.213339
8931 0.266359
8956 1.080373
8996 2.437354
9031 1.768156
9059 3.254907
9080 1.784142
9097 1.878087
9104 0.893286
9132 0.731918
9209 2.261263
9242 8.292425
9246 1.925471
9279 1.367316
9387 3.521321
9430 2.039414
9461 0.721351
9533 2.194316
9623 0.994091
9625 1.299051
9632 1.395961
9667 1.158601
9761 0.835294
9767 0.567079
9774 0.956629
9847 2.340444
9863 1.219870
9865 0.796376
9905 1.608050
10010 1.061691
10015 2.132573
10017 0.928824
10036 1.472436
10057 1.299051
10058 0.606445
10092 0.887126
10185 0.932204
10222 1.471212
10235 2.811891
10325 1.030814
10326 2.195754
10423 0.698970
10469 4.388632
10591 1.200565
10596 1.194316
10613 2.136324
10619 0.528869
10701 0.786561
10720 1.677686
10823 2.261263
10890 0.930766
11025 0.681479
11037 2.562293
11135 5.164904
11208 1.471212
11298 1.182082
11328 2.305847
11332 0.715132
11340 1.972671
11343 1.998021
11374 3.039414
11376 0.464226
11382 1.893286
11448 2.261263
11509 2.039414
11523 0.538355
11532 0.652024
11547 1.039414
11558 1.659203
11559 2.085172
11600 0.351885
11605 1.318406
11606 4.661021
