188

10 0.105793
111 0.031352
412 0.082533
531 0.035498
553 0.030294
599 0.089521
620 0.071986
630 0.021391
840 0.117423
883 0.058758
895 0.032695
1064 0.055116
1258 0.047908
1285 0.052125
1295 0.047128
1373 0.117423
1378 0.053554
1472 0.105793
1532 0.030109
1605 0.034511
1657 0.084774
1709 0.098990
1721 0.028865
1725 0.046382
1762 0.098990
1777 0.162949
1895 0.115541
1928 0.117423
1940 0.067050
1947 0.042687
1949 0.064815
2040 0.084774
2045 0.084774
2083 0.117423
2170 0.073144
2247 0.105793
2259 0.016482
2335 0.070743
2380 0.087360
2530 0.027708
2644 0.082533
2696 0.026402
2948 0.102907
3009 0.105793
3038 0.064101
3095 0.045642
3121 0.030294
3122 0.029564
3243 0.038710
3301 0.075730
3322 0.053931
3492 0.026775
3499 0.058257
3513 0.066341
3567 0.137348
3599 0.044761
3627 0.048450
3634 0.056390
3637 0.043900
3664 0.117423
3735 0.057298
3761 0.045902
3780 0.057298
3793 0.078789
3794 0.082533
3795 0.107861
3826 0.054316
3898 0.161114
3952 0.043900
3977 0.090419
4071 0.039337
4121 0.047908
4148 0.037811
4290 0.082533
4368 0.941632
4451 0.033922
4529 0.050495
4538 0.043282
4573 0.021012
4593 0.071986
4677 0.041703
4708 0.026625
4722 0.126903
4738 0.022119
4747 0.049296
4763 0.073144
4865 0.117423
5025 0.259850
5026 0.143725
5241 0.065560
5297 0.051454
5324 0.037522
5491 0.015644
5658 0.132682
5743 0.028951
5756 0.056838
5821 0.070996
5833 0.019281
5851 0.032695
5947 0.048177
5956 0.352268
5962 0.104250
5991 0.080557
6153 0.062124
6283 0.041555
6285 0.068927
6308 0.115804
6315 0.049296
6317 0.027157
6322 0.117423
6346 0.053931
6421 0.022821
6564 0.234846
6616 0.069504
6635 0.047644
6662 0.180838
6695 0.154381
6802 0.077730
6806 0.183269
6828 0.055415
6858 0.043692
6874 0.019330
6960 0.093751
7060 0.036014
7061 0.018479
7062 0.013287
7255 0.063416
7310 0.059806
7369 0.048727
7498 0.027466
7588 0.090419
7635 0.027235
7643 0.109236
7673 0.068020
7745 0.062309
7755 0.090419
7883 0.074387
7989 0.040495
8169 0.087360
8183 0.054316
8241 0.039337
8294 0.035754
8298 0.077190
8338 0.036820
8352 0.033021
8359 0.073144
8381 0.134949
8404 0.020175
8410 0.050495
8529 0.041194
8543 0.094163
8826 0.061641
8829 0.100212
8831 0.094163
9025 0.080557
9097 0.036278
9132 0.028276
9280 0.089521
9461 0.027868
9562 0.075915
9643 0.045208
9669 0.029925
9774 0.036958
9786 0.094163
9865 0.030767
9907 0.058758
9909 0.074387
10010 0.041017
10036 0.085328
10058 0.023429
10231 0.075730
10378 0.026402
10385 0.068927
10423 0.081011
10589 0.050808
10661 0.058257
10720 0.064815
11025 0.026328
11287 0.040325
11295 0.046875
11349 0.049587
11423 0.031552
11502 0.039178
11547 0.040156
11562 0.098990
11600 0.013595
11605 0.025467
11609 0.046875
