308

5 0.050139
31 0.083065
45 0.047915
63 0.032239
64 0.048619
122 0.033355
139 0.041573
163 0.074782
226 0.068092
228 0.045981
304 0.075311
308 0.031202
318 0.028101
320 0.059244
346 0.017267
404 0.037165
483 0.085478
485 0.040492
531 0.062628
553 0.026723
560 0.083065
596 0.046286
630 0.037740
665 0.021568
689 0.129697
724 0.079762
733 0.060803
734 0.049360
736 0.049360
822 0.050961
831 0.027922
839 0.047915
906 0.071062
935 0.074782
960 0.036339
1016 0.083065
1044 0.044005
1132 0.064705
1184 0.074782
1292 0.087323
1296 0.033226
1333 0.027657
1357 0.074782
1385 0.035722
1387 0.036983
1506 0.038004
1532 0.026560
1542 0.027745
1616 0.101089
1689 0.048985
1701 0.074782
1721 0.025463
1816 0.048619
1831 0.026159
1872 0.021743
1940 0.019716
1979 0.055941
1981 0.063771
1995 0.038912
2025 0.048619
2028 0.052757
2033 0.053243
2115 0.031427
2128 0.069503
2154 0.023095
2165 0.055139
2185 0.040285
2205 0.051390
2230 0.048619
2244 0.047915
2259 0.014540
2348 0.097805
2421 0.033614
2473 0.069971
2532 0.083598
2576 0.029129
2652 0.059244
2653 0.051390
2677 0.052757
2696 0.023290
2720 0.035874
2731 0.066805
2756 0.053745
2768 0.034422
2801 0.040915
2806 0.035276
2953 0.087323
2966 0.062547
2996 0.045682
3048 0.042739
3119 0.074782
3140 0.079762
3149 0.038181
3186 0.052757
3287 0.055941
3349 0.059244
3423 0.031540
3437 0.097970
3455 0.040492
3480 0.046916
3482 0.032973
3499 0.051390
3500 0.054802
3521 0.085478
3535 0.034284
3537 0.065620
3546 0.033355
3558 0.041131
3673 0.045981
3679 0.051390
3748 0.068092
3793 0.069503
3841 0.097561
3850 0.025846
3863 0.066805
3891 0.044820
3986 0.071062
3992 0.066805
4067 0.087323
4110 0.033099
4148 0.033355
4164 0.077064
4215 0.034018
4315 0.077305
4335 0.079762
4359 0.036497
4384 0.083065
4422 0.159524
4451 0.029924
4510 0.061649
4520 0.024871
4552 0.052757
4573 0.018535
4613 0.030764
4724 0.115667
4738 0.039025
4841 0.115667
4858 0.054264
4901 0.030764
4924 0.074782
5004 0.139006
5009 0.046916
5050 0.032239
5053 0.036819
5067 0.039681
5081 0.105390
5100 0.047777
5133 0.051390
5168 0.124051
5177 0.040285
5307 0.070260
5394 0.050899
5408 0.087323
5453 0.057833
5491 0.027600
5496 0.033355
5531 0.062547
5678 0.033614
5701 0.045389
5743 0.051078
5746 0.087323
5747 0.200414
5750 0.065620
5753 0.022160
5792 0.033226
5797 0.036339
5833 0.017009
5841 0.150416
5851 0.028841
5869 0.035874
5880 0.028467
6162 0.098719
6319 0.087323
6323 0.063502
6380 0.096361
6421 0.020131
6505 0.045102
6725 0.043485
6792 0.053122
6799 0.046286
6802 0.068568
6839 0.044543
6962 0.040915
7001 0.046286
7009 0.058522
7032 0.047242
7050 0.039681
7061 0.016301
7072 0.047915
7111 0.017009
7118 0.020832
7120 0.113498
7124 0.053243
7143 0.031427
7239 0.087323
7264 0.055941
7404 0.038360
7435 0.066805
7450 0.046916
7497 0.032120
7528 0.041573
7635 0.192200
7641 0.044080
7694 0.079436
7704 0.024302
7707 0.036339
7745 0.027483
7760 0.022714
7812 0.102781
7826 0.044272
7830 0.061649
7849 0.087323
7855 0.050544
7859 0.010273
7872 0.048263
7881 0.052757
7892 0.060003
7939 0.055361
7967 0.074782
7978 0.037484
8016 0.032003
8025 0.071062
8126 0.056545
8175 0.049360
8227 0.027833
8236 0.071062
8237 0.039880
8292 0.038181
8315 0.054802
8338 0.032480
8352 0.145644
8382 0.035423
8410 0.044543
8412 0.054802
8478 0.066805
8489 0.050961
8583 0.045981
8621 0.087486
8761 0.025463
8826 0.036251
8920 0.074296
8931 0.018155
9047 0.028283
9059 0.092439
9065 0.031202
9080 0.060803
9130 0.026159
9132 0.049887
9133 0.056545
9172 0.068092
9239 0.087323
9355 0.060003
9357 0.046916
9507 0.087323
9554 0.145611
9626 0.065620
9669 0.026398
9688 0.044820
9753 0.083065
9767 0.048315
9774 0.032602
9783 0.088862
9811 0.030981
9865 0.054281
9883 0.083065
9934 0.061649
9944 0.040285
9951 0.049744
10017 0.031654
10057 0.044272
10058 0.020668
10067 0.034701
10159 0.154127
10228 0.041350
10246 0.071062
10325 0.035130
10326 0.149662
10433 0.035874
10475 0.018394
10596 0.040702
10619 0.018024
10646 0.165402
10658 0.042262
10663 0.062547
10667 0.110722
10745 0.056545
10861 0.071062
10890 0.063441
10985 0.069503
11013 0.072806
11112 0.063502
11121 0.102254
11124 0.056545
11152 0.060886
11215 0.061649
11245 0.060803
11267 0.152884
11306 0.020079
11312 0.077064
11362 0.039681
11445 0.059244
11480 0.060003
11523 0.018347
11532 0.044442
11539 0.054264
11543 0.042984
11544 0.055361
11605 0.112328
