240

36 0.048815
63 0.069787
79 0.034014
99 0.040206
186 0.035824
216 0.055157
308 0.033771
309 0.101007
404 0.020112
421 0.073698
455 0.027806
458 0.027559
465 0.065809
536 0.033414
552 0.110877
697 0.030221
771 0.043602
827 0.131618
903 0.075225
913 0.153357
961 0.080939
963 0.089903
1007 0.040570
1037 0.047344
1044 0.047628
1074 0.082648
1085 0.076913
1098 0.101007
1242 0.086329
1279 0.101007
1307 0.067696
1333 0.029934
1364 0.056099
1411 0.078800
1487 0.030911
1532 0.028746
1609 0.041132
1652 0.114202
1653 0.054705
1686 0.073698
1721 0.027559
1797 0.051858
1807 0.034260
1835 0.047628
1872 0.023533
1880 0.051491
1899 0.171302
1900 0.055621
1991 0.039331
2141 0.050779
2149 0.051491
2176 0.059314
2190 0.101007
2248 0.084231
2340 0.037558
2344 0.096420
2363 0.037711
2405 0.048815
2421 0.072763
2507 0.028066
2563 0.086329
2580 0.083408
2618 0.042948
2690 0.035962
2762 0.017338
2809 0.056099
2881 0.059918
2884 0.071022
2886 0.058169
2898 0.076913
2916 0.053839
2926 0.056099
3010 0.058169
3014 0.036524
3030 0.072304
3048 0.092515
3089 0.072304
3095 0.021789
3203 0.104238
3204 0.041914
3237 0.076913
3369 0.076913
3450 0.064121
3540 0.064121
3691 0.027397
3693 0.053018
3841 0.017599
3850 0.027973
4043 0.135392
4060 0.066725
4091 0.025564
4215 0.092045
4613 0.033296
4620 0.064943
4764 0.042526
4866 0.034893
4938 0.050434
4941 0.080939
5064 0.043602
5067 0.042948
5111 0.069835
5122 0.069835
5217 0.047916
5307 0.038022
5468 0.044053
5529 0.023855
5544 0.066725
5569 0.075732
5734 0.041481
5817 0.102262
5851 0.031216
5873 0.080939
5885 0.026077
5948 0.095532
6068 0.112110
6070 0.054793
6144 0.187166
6146 0.083408
6167 0.040943
6242 0.057626
6274 0.088567
6281 0.044517
6328 0.083408
6421 0.021789
6436 0.370161
6449 0.064121
6583 0.061882
6587 0.022971
6652 0.063340
6794 0.064121
6820 0.068730
6874 0.018455
6919 0.094512
6993 0.089903
7029 0.112110
7061 0.017643
7062 0.012686
7126 0.198788
7143 0.034014
7150 0.036100
7189 0.112110
7282 0.067696
7374 0.050097
7448 0.076913
7498 0.065558
7584 0.060547
7646 0.064943
7704 0.078907
7788 0.058671
7859 0.022237
7861 0.025709
7904 0.047065
7922 0.067696
7949 0.089903
7981 0.102410
8007 0.030911
8046 0.044996
8144 0.086329
8157 0.069274
8377 0.092515
8404 0.077049
8445 0.117463
8455 0.032184
8462 0.045240
8482 0.038500
8539 0.024652
8605 0.027236
8613 0.055621
8641 0.046258
8650 0.047916
8662 0.043826
8684 0.046792
8771 0.056592
8808 0.062594
8826 0.026157
8830 0.202014
8971 0.048210
9047 0.030611
9062 0.039675
9105 0.039161
9114 0.049767
9115 0.040755
9264 0.048510
9271 0.067696
9306 0.059314
9328 0.067542
9444 0.034637
9462 0.060547
9593 0.035023
9596 0.089509
9623 0.036668
9669 0.028571
9688 0.048510
9704 0.062594
9725 0.044755
9770 0.037711
9776 0.071022
9811 0.033532
9868 0.083408
9903 0.029283
9919 0.204714
9922 0.144609
9942 0.051131
9950 0.048510
10036 0.054312
10057 0.047916
10058 0.022369
10185 0.034385
10276 0.029839
10376 0.166816
10397 0.031216
10403 0.152336
10423 0.025782
10473 0.094512
10487 0.044037
10489 0.072304
10548 0.110003
10635 0.061882
10658 0.045741
10677 0.060829
10701 0.029013
10905 0.073698
10979 0.101007
11195 0.056592
11215 0.066725
11242 0.038663
11256 0.057493
11257 0.045240
11260 0.101007
11295 0.089509
11306 0.021732
11320 0.036959
11462 0.051859
11503 0.032610
11523 0.039715
11526 0.098506
11636 0.085896
11637 0.034260
11669 0.101007
11672 0.064121
