289

13 0.042552
26 0.063409
71 0.025994
79 0.027300
97 0.026913
99 0.032270
111 0.168174
165 0.055163
166 0.081510
171 0.171008
217 0.071847
282 0.041327
308 0.027105
404 0.016142
418 0.024411
455 0.022318
483 0.037126
485 0.035175
508 0.068795
552 0.029663
630 0.065567
634 0.036509
665 0.018736
822 0.044269
831 0.024255
895 0.050108
897 0.050946
942 0.057003
1007 0.130247
1053 0.148317
1106 0.086258
1112 0.022655
1132 0.037472
1259 0.049120
1295 0.036114
1316 0.057003
1341 0.144313
1360 0.064962
1387 0.032126
1484 0.048595
1506 0.033013
1532 0.046144
1605 0.026445
1609 0.033013
1807 0.027497
1872 0.018888
1940 0.102760
1947 0.032710
1950 0.045421
1972 0.060376
1981 0.055396
2010 0.043212
2058 0.079891
2066 0.066943
2134 0.046251
2153 0.072157
2319 0.041925
2335 0.162628
2342 0.042878
2348 0.028320
2424 0.064962
2455 0.025220
2506 0.050837
2507 0.011263
2520 0.054333
2551 0.082653
2565 0.041925
2576 0.025304
2638 0.031431
2667 0.040755
2696 0.020231
2700 0.045829
2718 0.037775
2792 0.063245
2801 0.035542
2806 0.030643
2875 0.045421
2922 0.035920
2946 0.083850
2948 0.039429
3014 0.029314
3026 0.063245
3042 0.054333
3077 0.058032
3115 0.052819
3205 0.083850
3236 0.028863
3301 0.058032
3351 0.032415
3460 0.048091
3482 0.028643
3492 0.102589
3533 0.041038
3700 0.037998
3709 0.066943
3721 0.060376
3758 0.034995
3761 0.035175
3778 0.055163
3780 0.043907
3783 0.043554
3795 0.041327
3830 0.066943
3841 0.028250
3911 0.094276
4091 0.020518
4121 0.110135
4215 0.014775
4315 0.044769
4458 0.061801
4503 0.049120
4550 0.038226
4573 0.016101
4677 0.047935
4722 0.064830
4769 0.034132
4866 0.028006
4875 0.045025
4916 0.037555
4969 0.033802
5023 0.031704
5025 0.074670
5053 0.031984
5135 0.017579
5143 0.026724
5168 0.035920
5178 0.024648
5227 0.038226
5236 0.081068
5382 0.042235
5394 0.014738
5457 0.042878
5460 0.036917
5468 0.035357
5491 0.047952
5532 0.026263
5624 0.130247
5658 0.050837
5692 0.022318
5826 0.033481
5833 0.029550
5857 0.066334
5885 0.020930
5926 0.020693
5948 0.025558
6070 0.021989
6215 0.045025
6283 0.031843
6291 0.023874
6328 0.066943
6345 0.053553
6348 0.045421
6418 0.043212
6421 0.034975
6466 0.031843
6504 0.051636
6542 0.049120
6568 0.107086
6631 0.041038
6802 0.059564
6806 0.040125
6878 0.037775
6960 0.035920
7023 0.043907
7047 0.035920
7061 0.014160
7062 0.091637
7075 0.072157
7118 0.036193
7165 0.066026
7265 0.060376
7318 0.046251
7498 0.031570
7595 0.040479
7661 0.063245
7694 0.023002
7709 0.020119
7745 0.047747
7788 0.047090
7859 0.008924
7864 0.034643
8010 0.044642
8022 0.120752
8023 0.058032
8083 0.042100
8186 0.045829
8227 0.048356
8271 0.054796
8338 0.084644
8343 0.029200
8348 0.045421
8352 0.025304
8359 0.056050
8382 0.030771
8387 0.025304
8391 0.060376
8404 0.030920
8440 0.041038
8456 0.047138
8484 0.063245
8499 0.023576
8508 0.037998
8539 0.019786
8621 0.037998
8762 0.042878
8769 0.072157
8826 0.052484
8829 0.115187
8846 0.043212
8920 0.032270
8931 0.007885
8956 0.031984
8959 0.033640
9031 0.026173
9059 0.080300
9095 0.035357
9097 0.027800
9242 0.200858
9270 0.031843
9279 0.040479
9387 0.052123
9430 0.060376
9435 0.047605
9461 0.021355
9568 0.063134
9642 0.037998
9669 0.022932
9718 0.041622
9761 0.024728
9767 0.025182
9770 0.030267
9774 0.028320
9783 0.025731
9863 0.036114
9865 0.023576
9905 0.047605
10004 0.059150
10015 0.063134
10017 0.027497
10036 0.043591
10057 0.038458
10092 0.052526
10093 0.048595
10194 0.220651
10205 0.072157
10222 0.043554
10235 0.041622
10285 0.060376
10316 0.058032
10324 0.050239
10325 0.061033
10326 0.065004
10423 0.020693
10469 0.064962
10499 0.061730
10501 0.087109
10591 0.035542
10619 0.031314
10639 0.033167
10677 0.024411
10701 0.023286
10720 0.049667
10890 0.041332
10905 0.059150
11025 0.020175
11037 0.075855
11077 0.081068
11135 0.114678
11150 0.060534
11200 0.074678
11208 0.043554
11210 0.025137
11298 0.034995
11328 0.068263
11332 0.021171
11340 0.087600
11343 0.059150
11375 0.023430
11376 0.013743
11397 0.028863
11448 0.066943
11509 0.060376
11523 0.031875
11532 0.019303
11547 0.030771
11558 0.049120
11559 0.061730
11605 0.039031
11606 0.110390
