178

28 2.437354
213 0.840757
228 1.349218
266 2.261263
308 0.915562
338 2.738384
379 2.562293
380 1.641474
404 0.545260
552 1.001988
553 0.784142
586 0.747158
781 1.659203
870 1.925471
895 0.846290
913 1.039414
1259 1.659203
1269 1.878087
1339 2.562293
1466 0.909080
1609 1.115135
1652 1.548052
1777 1.405946
1797 0.702954
1947 1.104916
2000 0.986336
2002 2.551972
2072 3.039414
2259 1.279891
2348 0.956629
2365 6.408972
2497 1.608050
2507 0.380449
2539 1.130929
2548 2.053154
2572 0.884078
2592 3.039414
2626 2.364163
2690 0.974956
2697 1.608050
3113 9.118242
3122 0.765256
3149 1.120336
3203 0.565198
3280 1.960233
3409 1.893286
3464 1.426630
3499 1.507935
3567 0.711035
3573 0.788994
3599 1.158601
3621 0.899535
3758 1.182082
3788 3.039414
3818 0.704960
3841 0.954243
4179 1.483112
4278 3.068528
4520 1.459568
4573 0.543870
4677 0.539727
4738 0.572546
4830 1.426630
4843 4.824151
4901 0.902694
5178 0.832588
5324 0.971228
5416 24.315313
5499 3.617930
5569 4.106308
5651 2.630276
5679 1.548052
5701 1.331844
5732 0.786561
5749 0.967532
5782 3.039414
5807 1.577016
5833 0.998169
5885 2.827903
5919 1.624441
6070 0.742749
6211 1.226501
6308 1.498759
6398 2.562293
6436 5.473856
6565 3.039414
6566 9.118242
6568 0.723444
6792 0.519586
6838 1.120336
6864 0.436270
7023 1.483112
7111 0.998169
7119 3.670588
7122 1.677686
7126 0.769901
7130 1.960233
7154 1.376656
7162 1.808965
7182 2.663688
7234 2.261263
7385 0.769901
7411 0.893286
7426 3.039414
7449 3.039414
7498 1.421868
7550 1.624441
7635 0.704960
7641 1.940151
7655 1.844286
7662 2.738384
7707 1.066286
7713 1.416165
7715 2.466468
7760 0.666502
7785 1.760661
7788 1.060423
7801 1.592256
7859 0.602854
7861 0.696991
7889 12.817945
7896 1.437354
7961 1.960233
8231 3.039414
8272 1.768156
8279 4.680888
8295 1.358173
8392 2.738384
8404 1.044436
8462 1.226501
8482 1.043779
8487 1.548052
8508 3.850618
8512 0.875061
8539 2.673385
8603 1.784142
8613 3.015870
8684 2.537124
8689 2.261263
8734 4.388632
8761 1.494316
8826 1.240979
8931 0.266359
9114 1.349218
9115 3.314747
9171 1.592256
9444 0.939044
9543 1.863323
9568 1.066286
9626 1.925471
9718 1.405946
9767 0.283539
9770 1.022381
9783 1.738305
9903 0.793901
10015 2.132573
10036 2.944872
10058 0.606445
10125 1.448350
10352 0.971228
10410 8.215152
10475 0.539727
10530 1.164353
10541 2.772403
10619 1.057738
10661 1.507935
10701 0.786561
10890 0.465383
11203 1.641474
11210 0.849082
11242 1.048188
11320 1.001988
11440 1.784142
11458 0.854723
11521 1.075626
11532 1.304049
11600 0.703770
11637 4.644122
