38

831 0.819306
1940 0.578516
2040 2.194316
3435 2.437354
3473 0.767573
3492 0.693061
3567 0.711035
4121 1.240074
4278 1.534264
4677 0.539727
4722 3.284794
5025 0.840757
5833 0.499085
6112 0.501595
6308 0.749380
6802 1.005990
6909 0.747158
6960 1.213339
7755 2.340444
8003 2.437354
8387 1.709445
8404 0.522218
8539 1.336693
8542 2.738384
8829 1.945437
9242 0.753857
9643 1.170182
9767 0.283539
10072 1.925471
10251 1.182082
10475 0.539727
10500 1.426630
10805 2.194316
10826 2.340444
10890 0.465383
11200 1.261263
11375 0.791441
11609 1.213339
