311

13 0.038608
23 0.027350
26 0.057532
36 0.035548
67 0.053668
71 0.047170
79 0.024769
97 0.024419
99 0.029279
111 0.152588
165 0.050050
166 0.073956
171 0.155159
188 0.060186
217 0.086918
282 0.037497
308 0.024593
404 0.014646
418 0.022149
455 0.020249
483 0.033686
485 0.031915
508 0.062419
549 0.039207
552 0.026914
630 0.059490
634 0.033126
665 0.016999
693 0.043634
822 0.040166
831 0.044014
895 0.045464
897 0.046224
942 0.051720
1007 0.118176
1053 0.161485
1106 0.078264
1112 0.020555
1132 0.033999
1259 0.044567
1295 0.032767
1316 0.051720
1341 0.130938
1360 0.058941
1387 0.029149
1449 0.081641
1484 0.044091
1506 0.029953
1532 0.041867
1605 0.023994
1609 0.029953
1807 0.024949
1872 0.017138
1940 0.093236
1947 0.029679
1950 0.041212
1972 0.054780
1981 0.050262
2010 0.039207
2058 0.072487
2066 0.060739
2134 0.041964
2153 0.130938
2319 0.038039
2335 0.147556
2342 0.038904
2348 0.025696
2424 0.058941
2455 0.022883
2506 0.046125
2507 0.010219
2520 0.049297
2551 0.074993
2565 0.038039
2576 0.022959
2638 0.028518
2667 0.036978
2696 0.018356
2700 0.041582
2718 0.034274
2792 0.057383
2801 0.032248
2806 0.027803
2875 0.041212
2922 0.032591
2946 0.076079
2948 0.035774
3014 0.026597
3026 0.057383
3042 0.049297
3077 0.052653
3115 0.047923
3205 0.076079
3236 0.026188
3286 0.037497
3301 0.052653
3322 0.037497
3351 0.029411
3423 0.024859
3460 0.043634
3482 0.051977
3492 0.111697
3533 0.074469
3611 0.079481
3621 0.024162
3700 0.034477
3709 0.060739
3721 0.054780
3758 0.031752
3761 0.031915
3772 0.036241
3778 0.050050
3780 0.039838
3783 0.039518
3795 0.037497
3830 0.060739
3841 0.038448
3911 0.085538
4091 0.018616
4121 0.133237
4215 0.013406
4315 0.060929
4458 0.056073
4503 0.044567
4550 0.034683
4573 0.014609
4677 0.043492
4708 0.018512
4722 0.058821
4729 0.032248
4769 0.030968
4866 0.025410
4875 0.040853
4916 0.034075
4969 0.030669
5023 0.028766
5025 0.067750
5053 0.029020
5135 0.031900
5143 0.024247
5168 0.032591
5178 0.022364
5227 0.034683
5236 0.073555
5382 0.038320
5394 0.013372
5457 0.038904
5460 0.033496
5468 0.032080
5491 0.043508
5532 0.023829
5624 0.118176
5658 0.046125
5679 0.041582
5692 0.040498
5712 0.025989
5743 0.020129
5826 0.030378
5833 0.026812
5857 0.060186
5885 0.018990
5900 0.027919
5926 0.018775
5948 0.023190
6070 0.019951
6215 0.040853
6283 0.028892
6291 0.021661
6328 0.060739
6345 0.048590
6348 0.041212
6418 0.039207
6421 0.031734
6466 0.028892
6504 0.046850
6542 0.044567
6568 0.136026
6631 0.037234
6802 0.054043
6806 0.036406
6878 0.034274
6960 0.032591
7023 0.039838
7047 0.032591
7061 0.012848
7062 0.110859
7075 0.065469
7118 0.032839
7165 0.059907
7265 0.054780
7318 0.041964
7498 0.028644
7595 0.036727
7661 0.057383
7694 0.020870
7709 0.018254
7745 0.043322
7788 0.042726
7859 0.008097
7864 0.031432
8010 0.040504
8022 0.109560
8023 0.052653
8083 0.038198
8174 0.046694
8186 0.041582
8227 0.065811
8271 0.049718
8338 0.076799
8343 0.026494
8348 0.041212
8352 0.022959
8359 0.050855
8382 0.027919
8387 0.022959
8391 0.054780
8404 0.042082
8440 0.037234
8456 0.042769
8484 0.057383
8499 0.021391
8508 0.034477
8539 0.017952
8621 0.034477
8762 0.038904
8769 0.065469
8826 0.052381
8829 0.104512
8846 0.039207
8920 0.029279
8931 0.007155
8956 0.029020
8959 0.030523
9031 0.023747
9059 0.072858
9095 0.032080
9097 0.025223
9242 0.182243
9270 0.028892
9279 0.036727
9387 0.047293
9430 0.054780
9435 0.043193
9461 0.019376
9568 0.057283
9642 0.034477
9669 0.020806
9718 0.037765
9761 0.022437
9767 0.022848
9770 0.027462
9774 0.025696
9783 0.023346
9863 0.032767
9865 0.021391
9905 0.043193
10004 0.053668
10015 0.057283
10017 0.024949
10036 0.039551
10057 0.034894
10092 0.047658
10093 0.044091
10194 0.200201
10205 0.065469
10222 0.039518
10235 0.037765
10255 0.050050
10285 0.054780
10316 0.052653
10324 0.045582
10325 0.055377
10326 0.058980
10423 0.018775
10469 0.058941
10499 0.056009
10501 0.079036
10591 0.032248
10619 0.028412
10639 0.030093
10651 0.033126
10677 0.022149
10701 0.021128
10720 0.045064
10890 0.037502
10905 0.053668
11025 0.036610
11037 0.068825
11077 0.073555
11135 0.104050
11150 0.054924
11200 0.067757
11208 0.039518
11210 0.022807
11298 0.031752
11328 0.061937
11332 0.038418
11340 0.079481
11343 0.053668
11375 0.021259
11376 0.012469
11397 0.026188
11448 0.060739
11509 0.054780
11523 0.028921
11532 0.017514
11547 0.027919
11558 0.044567
11559 0.056009
11605 0.088533
11606 0.100159
