186

26 0.050710
98 0.050490
108 0.055410
194 0.034256
196 0.121328
217 0.038306
248 0.083370
313 0.068581
346 0.023991
363 0.121328
394 0.264693
404 0.051638
473 0.121328
531 0.043508
630 0.104872
857 0.054861
897 0.040743
919 0.115412
1007 0.052082
1053 0.237227
1102 0.059048
1106 0.045989
1135 0.060777
1295 0.057763
1320 0.143920
1393 0.103904
1759 0.143920
1807 0.043981
1828 0.080355
1940 0.191755
2091 0.057763
2185 0.055973
2256 0.096569
2259 0.020202
2264 0.136121
2335 0.086706
2378 0.080355
2455 0.040338
2518 0.039045
2551 0.132201
2696 0.032359
2700 0.073302
2708 0.049013
2762 0.044514
2769 0.052803
2832 0.091174
2867 0.096569
3179 0.036567
3243 0.047445
3289 0.063472
3322 0.066101
3423 0.043822
3460 0.076919
3492 0.032817
3558 0.057149
3611 0.046704
3665 0.098736
3710 0.115412
3715 0.072650
3780 0.070227
3802 0.143920
3807 0.131277
3823 0.060068
3841 0.022592
3952 0.053807
3956 0.081312
3971 0.136121
4181 0.072017
4196 0.034759
4211 0.086398
4219 0.088231
4310 0.048411
4315 0.035803
4413 0.047635
4451 0.041577
4458 0.049424
4462 0.054065
4537 0.052560
4552 0.073302
4573 0.025753
4677 0.025557
4769 0.054593
4830 0.067553
4943 0.027111
5023 0.050710
5064 0.055973
5066 0.110823
5135 0.028118
5297 0.189194
5394 0.047146
5624 0.052082
5732 0.037245
5833 0.047265
5851 0.080146
5926 0.066194
5948 0.040880
6071 0.058664
6162 0.068581
6345 0.085657
6380 0.044629
6406 0.179299
6466 0.050932
6504 0.082590
6559 0.047258
6806 0.032089
6844 0.431761
6864 0.020658
6962 0.056848
7062 0.016286
7111 0.047265
7120 0.078848
7165 0.052803
7497 0.133887
7498 0.033664
7595 0.064744
7664 0.057149
7694 0.036790
7704 0.033765
7788 0.025106
7859 0.014273
7872 0.067057
7989 0.049633
8016 0.044465
8046 0.057763
8083 0.033668
8237 0.055410
8241 0.048214
8295 0.064311
8359 0.089650
8387 0.040472
8404 0.024728
8410 0.061889
8455 0.041316
8499 0.113128
8702 0.062665
8829 0.061413
8924 0.057453
8959 0.053807
9059 0.025687
9065 0.043353
9242 0.107088
9246 0.182347
9378 0.065639
9483 0.143920
9498 0.121328
9587 0.061141
9687 0.107074
9719 0.081312
9761 0.039552
9767 0.013426
9794 0.107074
9796 0.075396
9811 0.043046
10017 0.043981
10058 0.028716
10085 0.049218
10086 0.050932
10195 0.040073
10251 0.055973
10309 0.047072
10321 0.098736
10326 0.069315
10352 0.045989
10396 0.048019
10397 0.040073
10403 0.065187
10469 0.103904
10475 0.025557
10501 0.069664
10507 0.145233
10555 0.064744
10591 0.056848
10599 0.143920
10646 0.114907
10890 0.022037
11011 0.129666
11025 0.129076
11121 0.056829
11153 0.068061
11210 0.040205
11295 0.114907
11376 0.021982
11521 0.101865
11532 0.030874
11600 0.016662
11605 0.156071
