127

97 0.909080
103 1.219870
111 1.623055
216 1.495346
318 1.649141
346 3.546618
470 1.835294
552 3.005963
586 0.747158
587 1.998021
665 1.898622
865 1.577016
921 1.548052
997 2.136324
1053 1.001988
1132 1.898622
1175 1.808965
1451 1.641474
1487 1.676034
1542 0.814105
1814 2.562293
1831 0.767573
1872 0.638014
1940 0.578516
1981 0.935610
1994 2.180048
2091 1.219870
2115 0.922143
2154 0.677686
2185 8.274571
2259 1.706521
2340 4.072899
2403 2.085172
2696 0.683388
2720 2.105285
2834 1.960233
2851 1.170182
3122 0.765256
3163 7.341177
3423 3.701883
3432 1.471212
3482 0.967532
3818 2.114881
3841 0.477121
3850 0.758381
3926 0.986336
4063 1.094931
4196 0.734063
4215 1.497254
4451 0.878046
4537 1.109995
4858 1.592256
4901 0.902694
4938 8.203898
5012 2.481680
5104 1.835294
5135 4.750479
5491 0.404937
5496 2.936149
5529 3.880303
5867 1.808965
5926 0.698970
6421 0.590708
6547 3.355373
6688 2.085172
6806 0.677686
6878 2.551972
7032 2.772403
7404 1.125600
7498 1.777335
7583 3.318406
7594 4.523806
7635 0.704960
7745 2.419254
7758 0.994091
7840 2.261263
7859 0.602854
7878 1.863323
7920 1.039414
8227 1.633395
8233 5.476768
8382 3.118242
8494 1.291226
8545 3.015870
8550 1.659203
8826 0.886414
8829 0.648479
8840 5.476768
8872 4.170343
8931 0.799078
9059 0.542484
9067 2.562293
9132 1.463836
9189 1.448350
9579 1.315138
9618 0.960233
9767 0.567079
9977 1.641474
10067 1.018225
10092 0.887126
10185 0.932204
10195 2.538869
10254 1.659203
10309 1.988182
10325 1.030814
10352 1.942457
10378 0.683388
10475 1.619181
10487 0.596934
10558 1.386202
10890 0.930766
11025 0.681479
11121 1.800244
11153 1.437354
11306 1.767495
11328 1.152923
11376 0.464226
11397 0.974956
11402 2.261263
11505 1.426630
11521 1.075626
11523 0.538355
11532 1.304049
11564 1.608050
11605 3.296014
11606 6.525429
11671 1.592256
