79

13 1.437354
97 0.909080
186 0.971228
198 1.152923
213 2.522271
282 1.395961
345 0.932204
404 0.545260
476 3.568283
479 1.213339
604 2.990692
630 0.553693
1321 2.085172
1439 6.078828
1609 1.115135
1633 1.299051
1940 0.578516
1981 0.935610
1995 2.283574
2084 0.990196
2115 0.922143
2185 2.364163
2259 0.853261
2340 1.018225
2565 1.416165
2626 2.364163
3171 1.471212
3203 0.565198
3495 1.170182
3719 2.562293
3850 2.275142
3911 1.592256
3979 1.471212
4126 1.717195
4198 2.437354
4215 0.998169
4458 1.043779
4520 1.459568
4738 1.145093
4943 0.572546
5135 1.187620
5714 1.426630
5795 1.170182
6291 0.806418
6421 0.590708
6433 0.758381
6568 0.723444
6570 0.998021
6864 0.436270
6871 1.507935
6874 0.500338
7062 0.343932
7120 0.832588
7758 0.994091
7859 0.301427
7947 1.592256
7966 1.608050
7989 1.048188
8356 1.925471
8552 1.331844
8826 0.531848
8846 2.919261
9097 0.939044
9567 3.039414
9578 2.562293
9626 1.925471
9726 2.738384
9767 0.567079
9770 1.022381
9967 2.738384
10058 0.606445
10326 1.463836
10499 2.085172
10890 0.930766
11025 0.681479
11485 2.340444
11605 1.318406
11606 2.796612
11625 4.419663
