352

36 1.323411
45 1.405946
63 0.945992
71 0.878046
77 3.786572
99 1.090024
109 1.233234
194 0.723444
297 2.364163
334 1.367316
351 3.039414
418 0.824570
440 2.562293
457 1.061691
458 0.747158
465 1.784142
552 3.005963
633 1.206905
697 0.819306
719 3.039414
757 1.738384
831 0.819306
853 2.562293
903 2.039414
913 6.236485
960 1.066286
1037 1.283539
1074 4.481344
1085 2.085172
1160 2.194316
1162 2.562293
1199 1.784142
1242 2.340444
1295 1.219870
1364 3.041800
1387 1.085172
1400 2.791923
1411 2.136324
1456 0.849082
1605 1.786572
1636 1.115135
1666 0.753857
1797 0.702954
1798 1.176091
1828 1.696991
1831 3.070290
1899 1.548052
1949 3.355373
1981 0.935610
1991 3.198859
2042 1.349218
2046 1.018225
2073 1.376656
2077 1.696991
2115 0.922143
2131 1.018225
2141 2.753313
2147 1.738384
2154 0.677686
2189 1.760661
2230 1.426630
2248 1.141787
2249 1.760661
2250 2.437354
2268 0.760661
2281 2.562293
2340 1.018225
2404 2.738384
2444 1.577016
2548 1.026577
2554 1.358173
2563 2.340444
2572 0.884078
2618 1.164353
2627 0.765256
2633 1.094931
2634 2.738384
2638 2.123381
2682 1.863323
2690 0.974956
2762 0.470040
2765 2.738384
2791 8.215152
2796 7.686879
2829 3.039414
2851 1.170182
2884 1.925471
2892 3.041800
2898 2.085172
2915 1.624441
2936 3.617930
3014 0.990196
3023 2.136324
3121 0.784142
3122 0.765256
3151 1.960233
3179 0.772242
3203 3.956385
3204 2.272648
3275 0.611279
3351 1.094931
3374 2.340365
3423 1.850942
3473 0.767573
3531 0.788994
3533 1.386202
3564 2.340444
3621 1.799070
3693 2.874708
3735 1.483112
3818 0.704960
3841 0.477121
3917 4.827621
3982 1.893286
4033 1.283539
4042 2.261263
4043 1.835294
4063 1.094931
4071 1.018225
4091 0.693061
4120 1.677686
4148 1.957433
4215 3.992677
4315 0.756113
4331 1.717195
4462 1.141787
4488 1.835294
4520 2.189352
4534 1.182082
4537 1.109995
4538 1.120336
4573 0.543870
4584 2.261263
4677 0.539727
4770 1.261263
4901 0.902694
4941 2.194316
4943 0.572546
4954 1.416165
4955 1.562293
4964 1.057143
4966 1.206905
4978 2.990692
4987 1.592256
5009 1.376656
5067 1.164353
5083 1.349218
5100 0.700958
5112 0.960233
5135 1.187620
5141 3.248882
5157 1.808965
5178 0.832588
5301 1.998021
5345 1.471212
5544 1.808965
5569 8.212615
5575 2.738384
5602 3.039414
5611 2.194316
5615 9.118242
5678 0.986336
5712 0.967532
5734 1.124586
5817 1.386202
5833 0.499085
5885 0.706976
5900 1.039414
6060 2.913685
6070 0.742749
6071 0.619458
6106 1.608050
6117 1.608050
6144 1.268562
6167 1.109995
6168 1.520900
6211 1.226501
6274 3.601695
6281 4.827621
6421 1.181416
6436 15.509258
6438 2.738384
6449 1.738384
6475 3.039414
6532 2.562293
6568 0.723444
6587 0.622774
6616 0.899535
6627 2.283574
6796 1.367316
6813 0.786561
6816 0.978716
6820 1.863323
6823 1.562293
6837 2.480147
6864 0.436270
6874 2.501690
6878 1.275986
6962 2.401130
6968 1.268562
6993 4.874708
7008 0.878046
7021 2.085172
7035 1.893286
7062 1.375730
7111 0.499085
7120 0.832588
7126 8.468913
7131 1.448350
7143 1.844286
7150 5.872298
7182 1.331844
7215 3.434390
7322 2.562293
7387 1.261263
7498 1.066401
7501 2.105285
7556 1.835294
7704 7.843861
7709 0.679579
7713 1.416165
7714 4.680888
7715 1.233234
7758 0.994091
7760 0.666502
7769 1.925471
7788 0.530212
7829 3.039414
7859 0.904280
7862 1.920466
7874 1.275986
7904 1.275986
7946 1.026577
7955 1.760661
7970 2.738384
7971 1.520900
7981 2.776412
7982 2.085172
8029 2.261263
8046 2.439740
8048 3.564467
8087 1.158601
8128 2.364163
8157 1.878087
8256 2.738384
8293 3.670588
8326 1.268562
8343 1.972671
8352 0.854723
8391 2.039414
8419 3.425361
8455 1.745079
8489 1.495346
8512 3.500245
8545 1.507935
8605 0.738384
8613 1.507935
8641 2.508169
8642 3.617930
8728 1.233234
8761 0.747158
8767 0.704960
8771 3.068528
8784 0.932204
8802 2.261263
8808 3.393983
8826 2.127393
8931 1.065438
8971 1.307020
9047 1.659798
9062 1.075626
9066 3.039414
9115 3.314747
9116 1.182082
9242 0.753857
9306 1.608050
9328 0.915562
9357 1.376656
9418 2.738384
9444 0.939044
9461 0.721351
9531 4.388632
9593 1.899018
9618 0.960233
9623 6.958638
9688 2.630276
9704 1.696991
9767 1.984775
9770 3.067142
9774 1.913257
9776 3.850942
9856 1.925471
9863 1.219870
9865 0.796376
9876 2.738384
9919 7.769966
9922 1.960233
9936 1.608050
9950 3.945415
9993 1.624441
10015 1.066286
10036 1.472436
10058 0.606445
10174 2.738384
10185 0.932204
10276 3.235861
10397 0.846290
10403 1.376656
10415 1.659203
10423 1.397940
10487 0.596934
10530 2.328706
10537 1.534264
10548 3.976365
10551 2.562293
10556 1.182082
10559 3.318406
10571 3.039414
10596 1.194316
10619 1.057738
10651 1.233234
10669 1.717195
10677 8.245703
10701 1.573122
10772 2.261263
10887 1.268562
10890 0.930766
10910 2.261263
10979 2.738384
11015 1.075626
11031 1.448350
11152 1.786572
11195 1.534264
11228 1.141787
11239 2.194316
11242 1.048188
11256 7.793427
11258 1.386202
11260 2.738384
11306 0.589165
11320 1.001988
11356 2.136324
11375 0.791441
11396 0.942504
11397 1.949912
11462 1.405946
11523 1.076710
11636 3.493059
11637 0.928824
11668 3.039414
11669 2.738384
11672 1.738384
