197

71 0.878046
148 3.361008
185 1.495346
213 0.840757
228 2.698436
508 2.323789
577 1.291226
771 1.182082
1033 2.039414
1102 1.247022
1109 1.659203
1284 1.080373
1456 4.245412
1466 0.909080
1494 1.562293
1523 15.858312
1592 1.120336
1636 1.115135
1760 3.015870
1797 1.405909
1875 1.534264
2071 0.971228
2149 1.395961
2257 2.990692
2304 9.989957
2308 2.194316
2532 1.226501
2536 1.367316
2627 2.295769
2651 1.568283
2762 0.470040
2763 1.512226
2769 1.115135
2817 1.659203
2921 1.717195
3122 0.765256
3203 1.695594
3243 1.001988
3289 1.340444
3414 1.109995
3473 1.535145
3492 0.693061
3567 0.711035
3582 2.085172
3599 1.158601
3673 1.349218
3691 0.742749
3700 1.283539
3766 1.520900
3770 2.698436
3811 1.998021
3911 1.592256
4205 2.453002
4213 2.508169
4217 16.062473
4538 4.481344
4550 1.291226
4566 0.827227
4613 1.805387
4620 1.760661
4625 2.261263
4664 2.562293
4687 1.835294
4738 1.145093
4747 1.275986
4786 5.994064
4833 1.677686
4834 1.057143
4852 2.340444
4866 0.945992
5256 1.340444
5263 7.453291
5276 4.170343
5297 1.331844
5320 0.909080
5363 1.240074
5394 0.497835
5447 2.437354
5491 0.404937
5496 0.978716
5517 2.340444
5644 2.738384
5657 1.416165
5678 0.986336
5692 1.507714
5814 1.760661
5820 3.786572
5827 1.386202
5833 0.499085
5881 2.261263
5885 0.706976
5953 1.925471
5957 9.812006
6030 3.786572
6071 0.619458
6257 5.476768
6308 0.749380
6415 2.786473
6508 1.925471
6509 4.853357
6568 0.723444
6704 1.808965
6747 2.437354
6792 0.519586
6813 0.786561
6850 2.340444
6858 1.130929
6864 0.872539
6874 0.500338
6878 1.275986
6909 1.494316
6941 1.808965
6962 1.200565
6992 1.507935
7061 0.956625
7062 0.343932
7430 1.738384
7498 0.355467
7530 0.998021
7595 1.367316
7611 1.592256
7643 10.367545
7694 0.776963
7704 0.713078
7709 0.679579
7738 1.066286
7859 0.301427
7861 0.696991
8007 0.838017
8111 1.035093
8120 2.085172
8146 1.624441
8157 1.878087
8181 3.521321
8381 1.164353
8404 1.044436
8405 2.261263
8455 0.436270
8457 1.194316
8463 1.920466
8539 0.668346
8632 1.925471
8677 2.716346
8686 2.085172
8767 0.704960
8826 2.304676
8954 3.850942
8959 1.136324
9006 1.863323
9008 1.925471
9034 1.233234
9047 1.659798
9059 1.084969
9093 1.899018
9130 2.302718
9156 2.340444
9231 3.786572
9323 5.505882
9338 1.760661
9380 4.545297
9402 1.784142
9461 1.442702
9562 2.947528
9587 1.291226
9593 2.848527
9669 0.774596
9688 1.315138
9725 3.640018
9767 1.134157
9768 2.437354
9774 0.956629
9798 1.863323
10192 2.136324
10275 1.182082
10276 0.808965
10304 3.282948
10309 3.976365
10396 1.014108
10487 1.790803
10509 0.704960
10530 1.164353
10555 1.367316
10602 7.021332
10609 1.925471
10677 0.824570
10701 0.786561
10779 1.608050
11121 1.200163
11146 1.085172
11152 0.893286
11366 1.367316
11443 1.891985
11456 1.548052
11503 3.536312
11508 1.835294
11558 1.659203
11600 0.703770
