237

26 0.036951
108 0.080750
122 0.033769
178 0.065325
198 0.278457
199 0.186210
204 0.090753
217 0.055824
228 0.046552
259 0.141531
346 0.034963
418 0.056901
447 0.041642
455 0.026011
485 0.040995
487 0.189971
508 0.026726
536 0.031256
600 0.033511
630 0.019104
633 0.041642
689 0.043770
697 0.028269
791 0.041642
799 0.215836
917 0.019806
1259 0.057248
1444 0.050362
1555 0.058552
1613 0.045662
1649 0.030399
1691 0.094483
1831 0.052968
1859 0.146470
1896 0.046552
1940 0.019961
1986 0.038837
1991 0.073581
1995 0.039395
2038 0.063324
2048 0.063324
2053 0.053413
2054 0.050362
2058 0.031037
2064 0.041642
2067 0.043518
2073 0.047499
2137 0.119960
2248 0.039395
2348 0.033007
2455 0.029393
2473 0.035420
2507 0.013127
2602 0.070366
2618 0.120522
2633 0.037779
2682 0.064291
2720 0.036320
2762 0.016218
2770 0.059249
2805 0.049593
2851 0.040375
3131 0.052029
3185 0.056049
3187 0.073710
3211 0.059249
3218 0.052937
3243 0.034572
3275 0.084365
3414 0.076597
3436 0.047177
3491 0.066435
3681 0.039976
3707 0.209740
3717 0.068938
3766 0.052476
3770 0.046552
3841 0.032924
3885 0.088573
3950 0.104870
4005 0.037779
4076 0.189971
4278 0.052937
4362 0.094354
4416 0.061559
4451 0.030295
4520 0.025180
4573 0.018765
4677 0.037245
4708 0.023778
4734 0.021373
4791 0.084097
4793 0.101523
4854 0.088408
4866 0.097920
4894 0.140733
4943 0.019755
5025 0.029009
5064 0.040786
5100 0.024185
5112 0.033131
5135 0.040977
5168 0.041864
5176 0.297561
5177 0.163143
5178 0.028727
5217 0.044822
5280 0.070366
5289 0.067634
5491 0.027943
5692 0.052021
5734 0.058203
5753 0.044871
5949 0.031703
6016 0.057886
6023 0.048862
6065 0.046861
6070 0.025627
6167 0.038298
6274 0.041423
6282 0.063324
6283 0.037113
6291 0.027824
6308 0.025856
6315 0.044026
6418 0.050362
6421 0.020381
6424 0.104870
6506 0.044822
6720 0.104870
6828 0.024746
6837 0.128360
6839 0.045096
7062 0.035600
7111 0.017220
7185 0.078021
7310 0.053413
7325 0.379993
7385 0.026564
7394 0.049223
7411 0.030821
7422 0.062415
7442 0.073710
7515 0.048510
7521 0.064291
7530 0.034435
7641 0.022314
7694 0.026808
7760 0.068990
7859 0.010400
7862 0.033131
7887 0.033511
7920 0.035863
7937 0.051594
8007 0.028914
8009 0.055483
8016 0.032400
8227 0.028179
8237 0.040375
8239 0.061559
8244 0.104870
8259 0.058552
8272 0.030504
8297 0.104870
8303 0.080753
8352 0.029491
8387 0.029491
8404 0.018018
8425 0.062415
8440 0.047828
8455 0.030105
8498 0.046250
8512 0.030192
8513 0.108824
8514 0.094483
8638 0.075711
8662 0.081991
8826 0.067285
8829 0.022375
8920 0.037609
8931 0.009190
8989 0.050762
9052 0.029104
9059 0.018717
9080 0.061559
9097 0.032400
9132 0.025254
9262 0.059980
9280 0.079951
9333 0.049223
9389 0.070366
9505 0.104870
9551 0.065325
9618 0.033131
9639 0.071945
9767 0.039132
9774 0.033007
9811 0.031366
9903 0.027392
9926 0.057248
10006 0.059980
10015 0.036790
10030 0.158811
10059 0.060749
10077 0.045662
10195 0.029200
10235 0.048510
10276 0.027912
10279 0.034710
10303 0.061559
10309 0.034299
10326 0.025254
10405 0.063324
10412 0.062415
10414 0.104870
10423 0.024117
10475 0.018622
10487 0.061789
10520 0.075711
10646 0.041864
10657 0.088408
10667 0.056049
10677 0.056901
10700 0.063324
10770 0.067634
10890 0.048172
10999 0.048165
11025 0.023513
11121 0.020705
11194 0.139960
11306 0.020328
11376 0.096104
11396 0.032519
11521 0.037113
11595 0.065325
11605 0.022745
11613 0.070366
