220

26 0.031887
68 0.045284
71 0.026143
108 0.034842
199 0.040172
213 0.025033
217 0.024087
404 0.032470
418 0.024551
423 0.036923
455 0.022446
508 0.023063
598 0.049402
644 0.054645
783 0.059490
897 0.025619
965 0.028699
1073 0.065335
1175 0.053861
1284 0.032168
1298 0.110959
1385 0.249675
1456 0.227530
1460 0.081534
1464 0.130380
1466 0.108270
1523 0.181606
1548 0.040711
1633 0.038679
1797 0.020930
1835 0.038446
1896 0.040172
1979 0.097748
1991 0.095245
2013 0.060723
2058 0.026783
2059 0.055480
2084 0.029483
2115 0.027456
2130 0.069686
2149 0.041564
2154 0.040356
2304 0.033050
2366 0.051129
2444 0.046955
2451 0.065335
2530 0.021354
2532 0.438222
2548 0.030566
2621 0.081534
2627 0.068356
2762 0.013995
2763 0.022513
2805 0.042797
2806 0.030819
3107 0.059490
3121 0.023347
3163 0.054645
3168 0.057330
3203 0.050486
3273 0.110959
3275 0.018201
3414 0.066099
3415 0.041274
3455 0.035377
3480 0.040989
3618 0.052423
3637 0.033834
3674 0.054645
3691 0.044230
3841 0.014206
3869 0.042166
3870 0.062085
3885 0.114650
3911 0.047409
4026 0.152582
4091 0.020636
4110 0.028918
4148 0.029141
4181 0.045284
4205 0.474741
4213 0.037340
4315 0.022513
4566 0.073891
4573 0.016193
4613 0.026877
4663 0.026505
4695 0.069686
4843 0.047879
4875 0.045284
5012 0.049261
5039 0.081534
5141 0.048367
5234 0.054645
5297 0.039655
5338 0.042166
5394 0.059291
5412 0.056372
5468 0.035560
5679 0.046093
5692 0.022446
5704 0.072571
5723 0.049402
5738 0.065335
5767 0.076291
5818 0.048367
5833 0.014860
5926 0.020812
5949 0.027358
5957 0.073037
6070 0.022115
6112 0.014935
6167 0.033050
6291 0.096043
6445 0.044159
6509 0.072253
6537 0.069686
6541 0.046955
6568 0.107701
6616 0.053567
6652 0.051129
6728 0.062085
6792 0.015470
6799 0.040439
6873 0.081534
6874 0.014897
6909 0.088985
7023 0.044159
7062 0.040962
7113 0.062085
7118 0.036401
7122 0.049952
7150 0.029141
7217 0.023712
7310 0.046093
7326 0.081534
7457 0.076291
7504 0.067328
7580 0.037340
7641 0.096279
7643 0.028063
7655 0.027456
7715 0.110157
7760 0.019845
7769 0.114660
7794 0.043124
7847 0.027756
7859 0.017950
7861 0.062258
7875 0.081534
7946 0.030566
8007 0.024952
8083 0.084683
8111 0.030819
8157 0.083879
8182 0.067328
8245 0.030948
8272 0.026323
8284 0.042477
8298 0.059490
8353 0.046093
8359 0.056372
8463 0.057181
8487 0.046093
8491 0.049402
8512 0.026055
8711 0.045284
8767 0.020990
8819 0.038679
8826 0.042228
8866 0.062085
8931 0.015861
8959 0.033834
9008 0.057330
9093 0.028271
9097 0.027960
9137 0.043124
9138 0.020066
9255 0.041861
9461 0.021478
9618 0.028591
9729 0.040172
9734 0.049402
9747 0.028167
9761 0.049741
9864 0.163068
9908 0.046517
9955 0.057330
9993 0.048367
10006 0.051760
10058 0.018057
10082 0.037340
10195 0.050396
10279 0.029953
10301 0.118980
10378 0.040695
10502 0.054645
10548 0.029599
10561 0.040439
10563 0.041274
10619 0.015747
10677 0.122756
10773 0.081534
10783 0.163068
10797 0.063608
10892 0.036519
11121 0.017867
11146 0.096932
11257 0.255630
11258 0.041274
11290 0.046093
11306 0.017542
11332 0.021293
11375 0.023565
11376 0.041466
11443 0.028167
11451 0.026323
11507 0.081534
11521 0.032026
11600 0.010477
