219

26 0.031484
68 0.044713
71 0.025814
108 0.034402
199 0.039666
213 0.024717
217 0.023783
404 0.032060
418 0.024242
423 0.036457
455 0.022163
508 0.022772
598 0.048779
644 0.053956
783 0.058740
897 0.025296
965 0.028337
1073 0.064511
1175 0.053182
1284 0.031762
1298 0.109560
1385 0.246526
1456 0.249622
1460 0.080506
1464 0.128735
1466 0.106904
1523 0.179315
1548 0.040198
1633 0.038191
1797 0.020666
1835 0.037961
1896 0.039666
1979 0.096516
1991 0.094043
2013 0.059957
2058 0.026445
2084 0.029111
2115 0.027110
2130 0.068807
2149 0.041040
2154 0.039847
2304 0.032633
2366 0.050484
2444 0.046363
2451 0.064511
2530 0.021085
2532 0.468753
2548 0.030180
2621 0.080506
2627 0.067493
2762 0.013819
2763 0.022229
2805 0.042257
2806 0.030431
3107 0.058740
3121 0.023053
3163 0.053956
3168 0.056607
3203 0.049849
3273 0.054780
3275 0.017971
3414 0.065266
3415 0.040753
3455 0.034931
3480 0.040472
3618 0.051762
3637 0.033407
3674 0.053956
3691 0.043672
3841 0.014027
3869 0.041634
3870 0.061302
3885 0.075470
3911 0.046811
4026 0.150658
4091 0.020375
4110 0.028553
4148 0.028773
4205 0.468753
4213 0.036869
4315 0.022229
4566 0.072959
4573 0.015989
4613 0.026538
4663 0.026171
4695 0.068807
4843 0.047275
4875 0.044713
5012 0.048639
5039 0.080506
5141 0.047757
5234 0.053956
5256 0.039408
5297 0.039155
5338 0.041634
5394 0.058543
5412 0.055661
5468 0.035112
5679 0.045511
5692 0.022163
5704 0.071656
5723 0.048779
5738 0.064511
5767 0.075329
5818 0.047757
5833 0.014673
5926 0.020549
5949 0.027013
5957 0.072116
6070 0.021836
6112 0.014746
6167 0.032633
6291 0.094832
6445 0.043602
6509 0.071342
6537 0.068807
6541 0.046363
6568 0.106343
6616 0.052891
6652 0.050484
6728 0.061302
6792 0.015275
6799 0.039929
6873 0.080506
6874 0.014709
6909 0.087863
7023 0.043602
7062 0.040445
7113 0.061302
7118 0.035942
7122 0.049322
7150 0.028773
7217 0.023413
7310 0.045511
7326 0.080506
7457 0.075329
7504 0.066479
7580 0.036869
7641 0.076051
7643 0.027709
7655 0.027110
7715 0.108768
7760 0.019595
7769 0.113214
7794 0.042580
7847 0.027406
7859 0.017723
7861 0.061473
7875 0.080506
7946 0.030180
8007 0.024637
8083 0.083615
8111 0.030431
8157 0.082821
8182 0.066479
8245 0.030558
8272 0.025991
8284 0.041942
8298 0.058740
8353 0.045511
8359 0.055661
8463 0.056460
8487 0.045511
8491 0.048779
8512 0.025726
8711 0.044713
8767 0.020725
8819 0.038191
8826 0.041696
8866 0.061302
8931 0.015661
8959 0.033407
9008 0.056607
9093 0.027915
9097 0.027607
9137 0.042580
9138 0.019813
9255 0.041333
9461 0.021207
9618 0.028230
9729 0.039666
9734 0.048779
9747 0.027811
9761 0.049114
9864 0.161012
9908 0.045930
9955 0.056607
9993 0.047757
10006 0.051107
10058 0.017829
10082 0.036869
10195 0.049760
10279 0.029575
10301 0.117480
10378 0.040182
10502 0.053956
10548 0.029225
10561 0.039929
10563 0.040753
10619 0.015548
10677 0.121208
10773 0.080506
10783 0.161012
10797 0.062806
10892 0.036058
11121 0.017642
11146 0.095709
11257 0.252406
11258 0.040753
11290 0.045511
11306 0.017321
11332 0.021024
11375 0.023268
11376 0.040943
11443 0.055623
11451 0.025991
11507 0.080506
11521 0.031622
11600 0.010345
