252

97 0.909080
146 1.960233
148 1.120336
185 1.495346
227 2.194316
423 1.240074
467 1.226501
508 0.774596
553 0.784142
577 9.038583
600 0.971228
665 0.632874
709 3.039414
771 2.364163
798 1.307020
907 2.562293
917 0.574031
1102 1.247022
1296 0.974956
1456 3.396330
1466 0.909080
1494 1.562293
1523 19.517923
1532 0.779343
1548 1.367316
1592 1.120336
1623 2.194316
1636 1.115135
1649 0.881052
1725 1.200565
1726 2.136324
1760 1.507935
1797 1.405909
1859 1.212890
1947 1.104916
2058 0.899535
2059 1.863323
2107 1.608050
2131 2.036450
2149 1.395961
2181 5.215152
2257 1.495346
2259 0.426630
2264 1.437354
2304 4.439981
2308 2.194316
2405 1.323411
2446 1.760661
2504 1.275986
2506 1.717195
2518 0.824570
2521 1.925471
2529 2.562293
2530 0.717195
2532 2.453002
2627 3.061025
2762 0.470040
2763 2.268339
2806 1.035093
2851 1.170182
2921 1.717195
3136 1.437354
3171 1.471212
3185 1.624441
3203 2.825989
3264 1.340444
3273 1.863323
3275 0.611279
3289 1.340444
3366 1.367316
3455 1.188156
3459 1.696991
3473 1.535145
3492 0.693061
3495 1.170182
3567 1.422069
3582 2.085172
3673 1.349218
3715 1.534264
3770 2.698436
3787 1.416165
3812 2.437354
3885 1.283539
4071 1.018225
4091 0.693061
4110 0.971228
4211 0.912309
4213 5.016337
4215 0.499085
4217 14.915154
4380 2.562293
4538 2.240672
4547 1.592256
4687 1.835294
4732 2.085172
4738 1.145093
4745 3.786572
4747 2.551972
4786 5.994064
4834 1.057143
4866 0.945992
5135 0.593810
5145 1.998021
5178 0.832588
5222 1.641474
5256 1.340444
5263 5.589969
5276 6.255515
5320 1.818161
5363 1.240074
5394 0.497835
5447 2.437354
5491 0.404937
5496 0.978716
5517 2.340444
5532 0.887126
5657 1.416165
5678 0.986336
5692 1.507714
5712 1.935064
5718 2.562293
5820 1.893286
5832 2.437354
5833 0.499085
5881 2.261263
5885 0.706976
5949 0.918840
5953 1.925471
5957 7.359005
6030 1.893286
6097 1.094931
6123 3.434390
6151 1.641474
6372 2.562293
6381 1.641474
6415 1.857649
6504 0.872097
6509 4.853357
6568 0.723444
6587 0.622774
6616 0.899535
6699 2.738384
6704 1.808965
6747 4.874708
6792 1.039172
6813 0.786561
6858 1.130929
6864 0.436270
6909 2.241474
6932 2.562293
6941 1.808965
6992 1.507935
6999 2.340444
7061 0.956625
7249 1.925471
7305 1.677686
7385 0.769901
7394 1.426630
7501 2.105285
7530 0.998021
7595 1.367316
7611 1.592256
7643 5.655025
7694 0.776963
7715 1.233234
7769 1.925471
7859 0.301427
7861 0.696991
7948 1.376656
8007 1.676034
8111 2.070185
8148 2.136324
8157 3.756174
8353 1.548052
8404 0.522218
8405 2.261263
8457 1.194316
8463 1.920466
8494 1.291226
8539 0.668346
8605 0.738384
8677 4.074519
8686 2.085172
8728 1.233234
8733 2.194316
8767 0.704960
8821 1.416165
8826 2.836524
8954 1.925471
9006 1.863323
9034 2.466468
9052 0.843514
9062 1.075626
9093 2.848527
9110 1.247022
9130 1.535145
9132 0.731918
9231 1.893286
9303 2.562293
9309 2.437354
9322 1.659203
9323 5.505882
9338 1.760661
9343 2.562293
9380 2.272648
9402 1.784142
9407 1.275986
9461 0.721351
9562 0.982509
9583 3.039414
9587 1.291226
9593 2.848527
9618 0.960233
9669 1.549193
9688 1.315138
9767 2.551853
9774 0.956629
9783 0.869152
9798 1.863323
10030 1.534264
10086 1.075626
10091 2.562293
10093 1.641474
10185 0.932204
10287 4.272648
10309 3.976365
10396 2.028217
10465 1.340444
10487 1.790803
10530 1.164353
10589 1.315138
10602 2.340444
10609 1.925471
10677 3.298281
10701 0.786561
10711 1.268562
11043 1.998021
11044 2.562293
11121 1.200163
11152 0.893286
11257 1.226501
11366 2.734633
11376 0.464226
11443 1.891985
11456 3.096105
11503 2.652234
11505 1.426630
11523 0.538355
11558 1.659203
11600 0.703770
11627 1.738384
11670 2.562293
