104

79 0.050307
97 0.049594
111 0.044272
166 0.150206
217 0.044133
346 0.027641
483 0.068416
485 0.064819
630 0.120826
632 0.054020
651 0.083701
822 0.081578
857 0.063207
917 0.062632
1007 0.240017
1053 0.054663
1132 0.138104
1152 0.103287
1807 0.050672
1940 0.031561
2005 0.063207
2154 0.036971
2259 0.046549
2319 0.077258
2340 0.055549
2366 0.093681
2372 0.100124
2507 0.062266
2520 0.100124
2543 0.062290
2638 0.057920
2762 0.051286
2804 0.063521
2817 0.090517
2835 0.119710
3014 0.108039
3122 0.041748
3136 0.078414
3193 0.090517
3236 0.053188
3282 0.075103
3316 0.067278
3351 0.059733
3633 0.066549
3841 0.052058
4071 0.055549
4520 0.039813
4738 0.062470
4834 0.057672
4866 0.051608
4943 0.031235
5104 0.100124
5135 0.064790
5143 0.049246
5168 0.066193
5457 0.079014
5491 0.110456
5624 0.240017
5857 0.061119
6215 0.082972
6220 0.154516
6317 0.153397
6421 0.032226
6505 0.072198
6568 0.118401
6813 0.042910
6864 0.023800
7062 0.112578
7111 0.027227
7165 0.060836
7498 0.019392
7745 0.087987
7758 0.054232
7840 0.123362
8326 0.069206
8499 0.043446
8550 0.090517
8762 0.079014
8826 0.048358
8920 0.118931
8931 0.014531
9031 0.048230
9059 0.088785
9132 0.039929
9643 0.063839
9746 0.127682
9767 0.015468
9770 0.055775
10096 0.080910
10194 0.101653
10222 0.080261
10326 0.079859
10423 0.038132
10494 0.123362
10596 0.065155
10677 0.089968
10890 0.025389
11025 0.037178
11258 0.075623
11320 0.054663
11328 0.062897
11526 0.048564
11605 0.107887
11606 0.101712
