173

79 0.922143
97 0.909080
111 0.811527
166 2.753313
179 1.268562
199 1.349218
217 0.808965
346 0.506660
455 0.753857
483 1.254084
485 4.752623
536 0.905875
553 1.568283
630 3.875849
632 0.990196
651 1.534264
822 1.495346
831 0.819306
857 1.158601
917 2.296125
1007 4.399579
1053 1.001988
1106 1.942457
1132 3.164370
1152 1.893286
1157 1.315138
1185 1.893286
1296 0.974956
1532 0.779343
1605 0.893286
1807 1.857649
1940 1.735549
2005 1.158601
2149 1.395961
2154 0.677686
2259 1.279891
2319 1.416165
2340 1.018225
2348 0.956629
2366 1.717195
2372 1.835294
2507 1.141348
2520 1.835294
2539 1.130929
2543 1.141787
2638 1.061691
2662 2.437354
2677 1.548052
2711 1.562293
2762 0.940080
2804 1.164353
2817 1.659203
2835 4.388632
2892 3.041800
3014 1.980392
3122 0.765256
3136 1.437354
3193 1.659203
3236 0.974956
3266 1.893286
3282 1.376656
3316 1.233234
3351 1.094931
3492 0.693061
3633 1.219870
3795 1.395961
3841 0.954243
4071 2.036450
4121 2.480147
4520 0.729784
4677 0.539727
4679 2.738384
4722 1.094931
4738 1.145093
4834 1.057143
4866 0.945992
4943 0.572546
5025 1.681514
5104 1.835294
5135 1.187620
5143 0.902694
5168 1.213339
5171 1.677686
5382 1.426630
5457 1.448350
5491 2.024684
5624 4.399579
5658 1.717195
5743 0.749380
5857 1.120336
5979 2.738384
6112 0.501595
6133 1.738384
6215 1.520900
6220 2.832330
6283 1.075626
6317 4.217726
6421 1.181416
6505 1.323411
6568 2.893775
6802 1.005990
6813 1.573122
6838 1.120336
6864 0.436270
6960 1.213339
7062 2.751460
7072 1.405946
7111 0.499085
7165 1.115135
7498 0.355467
7643 0.942504
7668 1.641474
7745 1.612836
7758 0.994091
7775 1.340444
7840 2.261263
8070 1.624441
8326 1.268562
8352 1.709445
8382 1.039414
8387 0.854723
8455 0.436270
8499 0.796376
8512 0.875061
8539 0.668346
8550 1.659203
8762 1.448350
8826 1.240979
8829 1.945437
8919 0.760661
8920 5.450121
8931 0.266359
9019 1.057143
9031 0.884078
9059 1.627453
9065 0.915562
9132 0.731918
9142 1.520900
9246 1.925471
9328 0.915562
9461 1.442702
9643 1.170182
9680 1.893286
9746 2.340444
9747 0.945992
9767 0.567079
9770 1.022381
9909 1.925471
10017 1.857649
10096 1.483112
10194 1.863323
10222 1.471212
10326 1.463836
10423 0.698970
10494 2.261263
10589 1.315138
10596 1.194316
10604 1.448350
10677 3.298281
10890 0.930766
11025 0.681479
11084 1.677686
11200 1.261263
11258 1.386202
11320 1.001988
11328 1.152923
11335 1.043779
11377 1.226501
11397 0.974956
11501 1.254084
11526 0.890195
11605 3.296014
11606 2.796612
