95

97 0.909080
148 1.120336
213 0.840757
346 0.506660
577 1.291226
771 1.182082
917 1.148063
1456 1.698165
1469 2.562293
1523 8.539091
1623 2.194316
1649 0.881052
1760 1.507935
1797 0.702954
1859 0.606445
1872 0.638014
2059 1.863323
2131 1.018225
2265 1.998021
2304 1.109995
2493 1.998021
2530 0.717195
2627 0.765256
2708 1.035093
2921 1.717195
3264 1.340444
3304 1.608050
3492 0.693061
3495 1.170182
3794 2.136324
3812 2.437354
4060 1.808965
4217 8.031237
4266 2.105285
4538 1.120336
4701 1.275986
5135 1.187620
5256 1.340444
5263 1.863323
5320 0.909080
5394 0.497835
5491 0.404937
5689 0.838017
5734 0.562293
5743 0.749380
5820 1.893286
5833 0.499085
5873 2.194316
5903 1.760661
5947 1.247022
5957 1.226501
6030 1.893286
6123 1.717195
6415 0.928824
6463 1.448350
6509 4.853357
6653 1.960233
6864 0.436270
6909 0.747158
6980 2.388632
7308 1.562293
7498 0.355467
7637 2.437354
7643 1.885008
7709 0.679579
7738 1.066286
7859 0.301427
8111 1.035093
8148 2.136324
8404 0.522218
8463 0.960233
8677 4.074519
8728 1.233234
8931 0.266359
9052 0.843514
9093 3.798036
9130 0.767573
9323 1.835294
9402 1.784142
9562 1.965019
9587 1.291226
9593 0.949509
9634 1.247022
9767 0.850618
10275 1.182082
10475 0.539727
10487 0.596934
10628 1.960233
10890 0.465383
11208 1.471212
11332 0.715132
11366 1.367316
11443 0.945992
11456 1.548052
11661 2.261263
