74

108 1.170182
111 0.811527
166 2.753313
186 0.971228
363 2.562293
455 1.507714
553 0.784142
593 1.592256
630 2.768463
1007 3.299685
1112 1.530513
1132 0.632874
1940 1.157033
2638 1.061691
2674 2.085172
2922 1.213339
3122 0.765256
3179 0.772242
3464 1.426630
3611 1.972671
3770 1.349218
4121 1.240074
4520 0.729784
4573 0.543870
4677 0.539727
4722 1.094931
4943 0.572546
5135 2.375240
5143 0.902694
5491 0.404937
5624 3.299685
5732 0.786561
5857 2.240672
5885 0.706976
5914 1.960233
5926 0.698970
6434 1.863323
6802 1.005990
6806 1.355373
6864 0.872539
7060 0.932204
7061 1.434938
7165 1.115135
7495 3.039414
7755 2.340444
7760 0.666502
8183 1.405946
8294 0.925471
8295 1.358173
8387 0.854723
8455 0.436270
8761 0.747158
8829 1.945437
8931 0.799078
8956 1.080373
9059 0.542484
9144 0.925471
9242 1.507714
9351 1.367316
10017 0.928824
10092 0.887126
10194 1.863323
10326 0.731918
10475 0.539727
10500 1.426630
10606 1.507935
10679 3.039414
11025 0.681479
11200 1.261263
11547 2.078828
11605 0.659203
11606 1.864408
11609 1.213339
11620 2.170343
