126

99 0.062009
552 0.114002
697 0.046609
903 0.116018
913 0.059130
1074 0.063734
1160 0.124830
1199 0.101496
1636 0.063438
1666 0.042885
1798 0.066905
1831 0.043666
1899 0.088066
2042 0.076754
2154 0.038552
2250 0.138656
2281 0.145764
2340 0.057925
2627 0.043534
2638 0.060397
2898 0.118621
3023 0.121531
3121 0.044608
3179 0.043931
3203 0.032153
3204 0.064643
3531 0.044884
3533 0.078858
3841 0.027142
3917 0.068658
3982 0.107705
4042 0.128639
4063 0.062288
4091 0.039427
4215 0.141960
4315 0.043014
4488 0.104406
4520 0.041516
4534 0.067246
4537 0.063145
4573 0.030940
4584 0.128639
4677 0.030704
4964 0.060139
4978 0.085067
4987 0.090580
5067 0.066238
5083 0.076754
5178 0.047364
5544 0.102908
5569 0.233600
5575 0.155781
5712 0.055041
5734 0.031988
5885 0.040218
6144 0.072166
6211 0.069773
6274 0.136596
6281 0.068658
6436 0.259497
6449 0.098893
6820 0.106001
6874 0.028463
6962 0.136596
6993 0.138656
7035 0.107705
7111 0.028392
7126 0.175193
7143 0.052459
7150 0.278386
7182 0.075766
7215 0.097688
7217 0.045304
7460 0.056330
7498 0.040444
7704 0.040566
7709 0.038660
7713 0.080563
7859 0.034295
7874 0.072588
7946 0.058400
7970 0.155781
7971 0.086521
7981 0.052648
8157 0.053420
8455 0.024819
8771 0.174562
8808 0.096538
8826 0.040341
8931 0.030305
8971 0.074354
9062 0.061190
9116 0.067246
9444 0.053420
9618 0.054626
9623 0.113104
9688 0.149631
9767 0.032260
9770 0.116322
9876 0.155781
9919 0.252582
9922 0.111514
9936 0.091479
9950 0.074816
10036 0.041882
10058 0.034499
10174 0.155781
10185 0.053031
10276 0.092041
10403 0.078315
10548 0.056552
10556 0.067246
10559 0.094389
10619 0.030086
10677 0.187633
10701 0.044746
10887 0.072166
10910 0.128639
11152 0.050817
11195 0.087281
11242 0.059629
11256 0.044335
11258 0.078858
11320 0.057001
11523 0.030626
11636 0.066238
