267

146 0.049806
148 0.028466
185 0.037994
227 0.055754
467 0.031163
508 0.039362
577 0.229654
600 0.024677
665 0.016080
771 0.060069
798 0.033209
897 0.021862
907 0.065103
917 0.014585
1102 0.031685
1258 0.031508
1296 0.024772
1385 0.053265
1456 0.064721
1466 0.023098
1494 0.039695
1523 0.526910
1532 0.019802
1548 0.034741
1592 0.028466
1623 0.055754
1636 0.028334
1649 0.022386
1725 0.030504
1726 0.054280
1760 0.038314
1797 0.035722
1859 0.030817
1947 0.028074
2059 0.047344
2086 0.035982
2107 0.040858
2131 0.025871
2149 0.035469
2165 0.020554
2181 0.132508
2257 0.037994
2259 0.010840
2264 0.036521
2304 0.112812
2308 0.055754
2405 0.033626
2446 0.044735
2506 0.043631
2518 0.020951
2521 0.048923
2529 0.065103
2530 0.018223
2532 0.093490
2562 0.052981
2569 0.042627
2627 0.097219
2762 0.011943
2763 0.057634
2806 0.026300
2851 0.029732
2910 0.055754
2921 0.043631
3136 0.036521
3171 0.112143
3179 0.019621
3185 0.041274
3203 0.071803
3264 0.034058
3273 0.047344
3275 0.015532
3289 0.034058
3366 0.034741
3442 0.059467
3455 0.030189
3459 0.043118
3473 0.019503
3492 0.017609
3495 0.029732
3567 0.018066
3715 0.038983
3770 0.068562
3787 0.035982
3812 0.061929
3885 0.032612
4071 0.025871
4091 0.017609
4110 0.049354
4205 0.062326
4211 0.023180
4213 0.159320
4215 0.012681
4217 0.320665
4380 0.065103
4401 0.050766
4538 0.056931
4547 0.040456
4625 0.057455
4687 0.046632
4732 0.052981
4738 0.014547
4745 0.096210
4747 0.064841
4786 0.152299
4834 0.026860
4866 0.024036
5135 0.015088
5145 0.050766
5178 0.042309
5222 0.041707
5256 0.034058
5263 0.142031
5276 0.158942
5320 0.046196
5363 0.031508
5394 0.012649
5447 0.061929
5468 0.030345
5491 0.010289
5496 0.024867
5517 0.059467
5532 0.022540
5657 0.035982
5678 0.025061
5692 0.038308
5712 0.049167
5718 0.065103
5820 0.048105
5832 0.061929
5833 0.012681
5881 0.057455
5885 0.017963
5949 0.023346
5953 0.048923
5957 0.155816
6030 0.048105
6123 0.087262
6151 0.041707
6372 0.065103
6381 0.041707
6415 0.047200
6504 0.022158
6509 0.123315
6559 0.025358
6568 0.018381
6587 0.015824
6616 0.022856
6699 0.069577
6704 0.045963
6747 0.123858
6792 0.026404
6813 0.019985
6858 0.028735
6864 0.011085
6909 0.056952
6932 0.065103
6941 0.045963
6992 0.038314
6999 0.059467
7041 0.034978
7061 0.024306
7120 0.021155
7249 0.048923
7305 0.042627
7385 0.019562
7394 0.036248
7501 0.053492
7530 0.025358
7595 0.034741
7611 0.040456
7643 0.143684
7694 0.019741
7709 0.017267
7715 0.031334
7769 0.048923
7801 0.040456
7859 0.015317
7861 0.017709
7948 0.034978
8007 0.063878
8062 0.057455
8111 0.078900
8148 0.054280
8157 0.095438
8353 0.039333
8404 0.013269
8405 0.057455
8407 0.036800
8457 0.030345
8463 0.024398
8521 0.055754
8539 0.016981
8605 0.018761
8677 0.103526
8686 0.052981
8728 0.031334
8733 0.055754
8767 0.017912
8813 0.052981
8821 0.035982
8826 0.076575
8956 0.027450
9006 0.047344
9034 0.062669
9052 0.021432
9062 0.027330
9065 0.023263
9093 0.096501
9104 0.022697
9110 0.031685
9130 0.039005
9132 0.037193
9231 0.048105
9303 0.065103
9309 0.061929
9322 0.042157
9323 0.139895
9338 0.089471
9343 0.065103
9380 0.057744
9402 0.045332
9407 0.032421
9461 0.018328
9562 0.049928
9587 0.032808
9593 0.072376
9669 0.039362
9672 0.048105
9688 0.033415
9767 0.064838
9770 0.025977
9774 0.024306
9783 0.022084
9798 0.047344
10030 0.038983
10086 0.027330
10091 0.065103
10093 0.041707
10185 0.023686
10287 0.108560
10309 0.101032
10337 0.026976
10396 0.077300
10487 0.045501
10530 0.029584
10589 0.033415
10602 0.059467
10677 0.062853
10701 0.019985
10711 0.032232
11043 0.050766
11044 0.065103
11121 0.030494
11146 0.027572
11152 0.022697
11257 0.031163
11366 0.069482
11376 0.011795
11443 0.048072
11456 0.078667
11503 0.067389
11505 0.036248
11508 0.046632
11523 0.027357
11558 0.042157
11600 0.017882
11670 0.065103
