142

26 4.283725
74 0.942504
108 2.340365
111 3.246110
217 0.808965
346 1.013319
363 5.124586
383 5.476768
418 0.824570
478 1.960233
485 1.188156
553 1.568283
593 1.592256
599 1.158601
630 1.107385
633 1.206905
897 0.860437
917 1.722094
1093 2.811891
1112 3.826281
1132 1.898622
1532 1.558685
1859 0.606445
1929 1.291226
1940 4.628130
1974 1.738384
2025 1.426630
2154 1.355373
2156 1.624441
2248 1.141787
2298 1.925471
2335 0.915562
2342 1.448350
2405 1.323411
2421 0.986336
2455 1.703787
2507 0.380449
2530 0.717195
2576 0.854723
2696 0.683388
2731 1.960233
3071 2.340444
3087 6.078828
3351 1.094931
3499 1.507935
3513 1.717195
3567 0.711035
3611 0.986336
3691 0.742749
3700 1.283539
3795 1.395961
3841 0.477121
4359 1.070931
4458 1.043779
4506 2.261263
4520 0.729784
4677 0.539727
4738 0.572546
4832 1.548052
5023 1.070931
5050 0.945992
5135 0.593810
5382 1.426630
5491 1.214811
5521 1.307020
5692 1.507714
5753 0.650248
5869 1.052642
6071 0.619458
6162 2.896699
6174 3.726646
6315 1.275986
6421 0.590708
6433 0.758381
6504 0.872097
6802 1.005990
6806 4.066118
6813 0.786561
6960 1.213339
6975 1.405946
6984 1.738384
7062 1.031797
7288 1.738384
7497 0.942504
7528 1.219870
7641 0.646717
7745 2.419254
7859 0.301427
7867 2.990692
7989 2.096376
8093 11.702221
8227 0.816698
8243 1.495346
8294 3.701883
8295 1.358173
8338 0.953054
8387 0.854723
8404 1.566655
8419 1.141787
8554 1.835294
8616 1.367316
8826 1.595545
8829 1.945437
8920 1.090024
8959 1.136324
9031 1.768156
9052 0.843514
9059 0.542484
9104 0.893286
9132 0.731918
9144 0.925471
9242 5.276998
9328 0.915562
9624 1.717195
9669 0.774596
9679 1.520900
9719 1.717195
9767 0.567079
9774 0.956629
9796 1.592256
10017 0.928824
10226 5.476768
10249 0.963867
10326 1.463836
10423 1.397940
10501 1.471212
10530 1.164353
10646 1.213339
10658 1.240074
10677 2.473711
10718 1.717195
10890 0.930766
11025 2.725917
11150 1.022381
11200 1.261263
11328 1.152923
11375 1.582882
11376 1.392679
11377 1.226501
11451 0.884078
11543 1.261263
11605 0.659203
