151

111 0.811527
166 1.376656
175 1.226501
194 0.723444
217 0.808965
318 0.824570
334 1.367316
372 2.085172
404 0.545260
447 1.206905
455 0.753857
458 0.747158
508 0.774596
552 1.001988
553 0.784142
586 0.747158
630 0.553693
665 0.632874
802 1.659203
897 0.860437
994 1.448350
1007 2.199790
1053 1.001988
1106 1.942457
1112 1.530513
1114 2.085172
1132 1.265748
1135 1.283539
1138 2.437354
1197 1.495346
1231 1.022381
1333 0.811527
1385 1.048188
1466 0.909080
1499 1.052642
1617 1.291226
1940 4.049614
2053 1.548052
2154 1.355373
2304 1.109995
2518 0.824570
2532 1.226501
2693 2.039414
2700 1.548052
2720 1.052642
2843 1.471212
2947 2.738384
2996 1.340444
3121 0.784142
3236 0.974956
3274 1.520900
3423 0.925471
3492 0.693061
3509 1.520900
3611 0.986336
3691 0.742749
3697 2.039414
3870 2.085172
4110 0.971228
4196 0.734063
4205 1.226501
4211 0.912309
4217 1.147320
4293 1.863323
4416 1.784142
4529 1.307020
4677 0.539727
4738 0.572546
4769 1.152923
4943 0.572546
5025 0.840757
5135 0.593810
5297 3.995532
5491 0.809874
5624 2.199790
5701 3.995532
5739 2.437354
5857 1.120336
5892 1.340444
5947 1.247022
5957 1.226501
6219 1.784142
6220 1.416165
6291 0.806418
6315 1.275986
6380 0.942504
6406 3.786572
6421 0.590708
6812 2.453002
6813 0.786561
6839 1.307020
6960 1.213339
7062 1.031797
7255 1.641474
7497 1.885008
7643 0.942504
7745 0.806418
7847 0.932204
7861 0.696991
7887 0.971228
7920 1.039414
8066 2.340444
8083 0.711035
8294 3.701883
8455 0.436270
8522 1.577016
8523 2.437354
8819 1.299051
8829 1.296958
8931 0.799078
9031 0.884078
9132 0.731918
9138 0.673926
9242 1.507714
9255 1.405946
9268 1.784142
9333 1.426630
9747 0.945992
9767 0.283539
9794 2.261263
9872 1.141787
9919 2.219990
10004 1.998021
10017 0.928824
10092 2.661377
10195 0.846290
10228 1.213339
10326 2.927672
10352 0.971228
10475 2.698635
10500 1.426630
10507 4.089523
10548 0.994091
10564 1.925471
10591 1.200565
10621 1.125600
10635 1.677686
10718 1.717195
10892 1.226501
11022 3.039414
11025 1.362959
11121 0.600081
11150 1.022381
11306 0.589165
11320 1.001988
11332 1.430263
11335 1.043779
11557 1.893286
11600 0.351885
11605 1.318406
11609 1.213339
