98

7 0.090148
204 0.087871
334 0.091358
382 0.142739
455 0.050369
630 0.110985
665 0.042286
787 0.146614
802 0.110860
897 0.057490
917 0.038354
1112 0.051131
1114 0.139321
1132 0.084571
1138 0.162853
1231 0.136621
1259 0.110860
1542 0.054395
1617 0.086274
1638 0.182966
1872 0.042629
1940 0.115961
2067 0.084272
2071 0.064893
2279 0.117639
2335 0.061174
2342 0.096772
2507 0.050840
2526 0.312755
2697 0.107442
2763 0.050520
2843 0.098300
3136 0.096037
3351 0.073158
3524 0.136264
3637 0.075924
4594 0.142739
4717 0.171200
4738 0.076510
5135 0.198378
5394 0.033263
5468 0.079799
5678 0.065902
5739 0.162853
5797 0.071244
5817 0.092619
5820 0.126500
5833 0.033346
5851 0.056545
5857 0.074856
5885 0.094474
6070 0.049627
6071 0.041389
6205 0.097526
6211 0.081949
6315 0.085255
6317 0.140904
6504 0.116539
6506 0.086797
6626 0.342401
6874 0.033430
7062 0.022980
7111 0.033346
7310 0.103434
7745 0.053881
7758 0.066421
7937 0.199824
8066 0.156378
8159 0.139321
8294 0.061836
8400 0.182966
8455 0.058299
8456 0.106387
8616 0.091358
8620 0.146614
8826 0.011845
8829 0.086657
8931 0.053391
9132 0.048903
9242 0.201477
9333 0.095321
9592 0.071555
9796 0.106387
10017 0.062060
10212 0.133498
10475 0.072124
10500 0.095321
10507 0.068311
10509 0.047102
10591 0.080216
10701 0.052554
11025 0.136600
11137 0.146614
11320 0.066948
11340 0.065902
11605 0.088090
11606 0.186857
11609 0.081070
