149

71 0.878046
97 0.909080
213 1.681514
289 2.085172
321 6.078828
346 0.506660
373 1.459631
404 0.545260
458 0.747158
578 3.039414
730 2.738384
771 1.182082
791 1.206905
883 1.520900
917 1.148063
992 1.158601
1151 2.194316
1456 2.547247
1466 0.909080
1522 2.437354
1523 7.319221
1525 2.261263
1542 0.814105
1623 2.194316
1636 2.230270
1760 1.507935
1853 1.696991
2076 1.448350
2304 1.109995
2486 1.608050
2494 2.437354
2530 1.434390
2618 1.164353
2627 1.530513
2653 1.507935
2673 1.784142
2817 1.659203
3121 0.784142
3131 1.507935
3177 1.158601
3203 0.565198
3289 1.340444
3415 1.386202
3492 0.693061
3558 1.206905
3585 3.039414
3770 2.698436
3883 1.835294
4181 1.520900
4217 5.736598
4383 7.686879
4392 5.476768
4451 1.756092
4462 1.141787
4520 0.729784
4539 3.039414
4708 0.689166
4738 1.145093
4896 1.893286
4969 2.283574
5071 7.992086
5135 2.375240
5320 0.909080
5394 2.987009
5452 1.696991
5468 1.194316
5491 0.404937
5656 2.562293
5689 0.838017
5712 0.967532
5833 1.996339
5885 0.706976
5945 1.141787
5953 3.850942
5957 2.453002
6030 1.893286
6070 0.742749
6112 0.501595
6421 0.590708
6509 2.426679
6812 2.453002
6864 0.436270
6874 0.500338
6999 2.340444
7041 1.376656
7107 2.437354
7111 0.499085
7120 0.832588
7123 1.164353
7340 1.835294
7385 0.769901
7386 1.998021
7595 2.734633
7611 7.961280
7643 7.540033
7709 2.038736
7794 1.448350
7862 0.960233
7915 1.043779
8111 1.035093
8120 2.085172
8128 1.182082
8146 1.624441
8345 1.925471
8404 0.522218
8412 1.608050
8449 1.395961
8463 0.960233
8653 2.160745
8677 1.358173
8728 1.233234
8931 0.266359
9093 3.798036
9261 4.129969
9279 1.367316
9323 1.835294
9338 1.760661
9381 1.125600
9394 1.925471
9402 3.568283
9461 2.885403
9562 2.947528
9593 0.949509
9688 1.315138
9761 0.835294
9767 0.283539
9865 1.592752
9957 1.437354
10006 1.738384
10067 1.018225
10279 2.011981
10363 1.577016
10458 1.299051
10507 1.022381
10530 1.164353
10555 1.367316
10565 1.340444
10701 1.573122
10851 2.085172
10903 1.548052
11256 0.779343
11332 0.715132
11366 1.367316
11512 1.893286
11523 0.538355
11544 1.624441
11558 3.318406
11592 1.717195
11600 0.351885
