100

2 5.476768
7 1.349218
213 0.840757
577 2.582452
771 1.182082
857 1.158601
875 1.141787
897 0.860437
960 1.066286
1298 3.726646
1456 0.849082
1523 2.439740
1616 1.483112
1643 2.087558
1807 0.928824
1872 0.638014
1875 1.534264
1878 3.039414
2149 1.395961
2165 3.235861
2304 3.329986
2366 1.717195
2530 0.717195
2532 1.226501
2558 2.738384
2600 1.641474
2627 5.356794
2763 0.756113
3203 1.130396
3275 1.833838
3384 1.349218
3417 1.075626
3787 1.416165
4196 1.468125
4204 2.194316
4217 4.589278
4231 2.562293
4318 1.835294
4420 1.696991
4738 0.572546
4904 1.471212
4943 0.572546
4960 1.562293
5314 4.680888
5320 0.909080
5394 0.497835
5753 0.650248
5818 3.248882
5821 0.918840
5833 0.499085
5926 0.698970
5945 1.141787
6461 1.960233
6509 2.426679
6652 1.717195
6787 3.039414
6828 2.868779
6862 2.194316
6864 0.872539
6874 0.500338
6909 2.241474
7052 2.039414
7111 0.499085
7123 1.164353
7234 2.261263
7533 2.039414
7589 2.522526
7643 1.885008
7655 0.922143
7709 0.679579
8111 3.105278
8241 1.018225
8404 1.044436
8463 2.880699
8529 1.066286
8724 1.893286
8767 1.409921
8770 3.039414
9034 4.932937
9093 8.545581
9162 1.808965
9193 1.925471
9255 1.405946
9436 2.039414
9562 0.982509
9767 0.567079
10074 3.039414
10093 1.641474
10163 1.784142
10437 1.696991
10561 1.358173
10701 0.786561
11121 1.200163
11200 1.261263
11267 1.495346
11332 0.715132
11423 0.816698
11458 2.564168
11600 0.703770
11620 2.170343
