103

148 2.240672
213 0.840757
233 2.562293
897 0.860437
1385 6.289128
1456 5.943577
1466 0.909080
1523 3.659611
1808 4.522526
2059 1.863323
2067 1.261263
2091 1.219870
2248 1.141787
2278 1.219870
2487 2.562293
2504 3.827958
2530 1.434390
2532 6.132504
2627 0.765256
2666 1.960233
2682 1.863323
2690 0.974956
3095 0.590708
3144 1.592256
3284 3.039414
3414 1.109995
3473 2.302718
3606 1.893286
3691 0.742749
3803 2.738384
3806 1.395961
3869 1.416165
3870 2.085172
4110 0.971228
4205 9.812006
4217 5.736598
4281 9.118242
4416 3.568283
4462 1.141787
4529 1.307020
4613 0.902694
4901 0.902694
5529 0.646717
5792 1.949912
5880 0.835294
5926 1.397940
5957 2.453002
6291 1.612836
6509 2.426679
6559 0.998021
6596 3.521321
6812 2.453002
6874 0.500338
7060 0.932204
7252 2.738384
7387 1.261263
7411 0.893286
7511 3.184512
7709 0.679579
7761 1.200565
7847 0.932204
7859 0.301427
7861 0.696991
7864 1.170182
7911 1.240074
8083 1.422069
8157 0.939044
8213 2.136324
8292 1.120336
8384 1.960233
8494 1.291226
8767 0.704960
8826 0.177283
8931 1.065438
8959 1.136324
9245 6.078828
9338 1.760661
9397 2.136324
9529 2.437354
9555 2.261263
9734 1.659203
9761 0.835294
9767 0.567079
9865 0.796376
9933 1.075626
9951 1.459631
10006 1.738384
10337 1.061691
10352 0.971228
10475 1.079454
10487 0.596934
10507 6.134285
10548 1.988182
10561 1.358173
10892 1.226501
10940 2.738384
10942 3.039414
11121 1.800244
11146 1.085172
11162 1.254084
11332 0.715132
11505 1.426630
11521 1.075626
