331

26 0.053547
46 0.052129
67 0.049951
79 0.023054
97 0.022727
111 0.101441
139 0.030497
166 0.068833
176 0.033954
178 0.047332
188 0.056017
199 0.033730
217 0.020224
313 0.036209
318 0.041229
334 0.034183
346 0.012666
372 0.052129
423 0.031002
447 0.090518
483 0.031352
485 0.118816
508 0.019365
549 0.036491
553 0.117621
630 0.096896
633 0.030173
665 0.031644
802 0.041480
822 0.037384
857 0.028965
917 0.028702
930 0.038701
1007 0.164984
1053 0.200398
1091 0.049951
1092 0.075985
1112 0.114788
1114 0.104259
1132 0.079109
1157 0.032878
1189 0.068460
1231 0.025560
1341 0.060934
1532 0.038967
1542 0.040705
1577 0.075985
1605 0.022332
1638 0.068460
1643 0.026094
1807 0.046441
1859 0.015161
1929 0.032281
1940 0.115703
1947 0.027623
1981 0.023390
1986 0.056280
2000 0.024658
2005 0.028965
2058 0.022488
2066 0.056532
2149 0.034899
2154 0.016942
2217 0.041480
2313 0.033954
2319 0.035404
2335 0.022889
2340 0.025456
2348 0.023916
2362 0.056532
2372 0.045882
2421 0.024658
2507 0.019022
2520 0.045882
2530 0.017930
2543 0.028545
2551 0.034899
2554 0.033954
2576 0.021368
2638 0.079627
2651 0.019604
2662 0.060934
2677 0.038701
2696 0.017085
2705 0.046583
2770 0.042930
2804 0.029109
2805 0.035934
2806 0.025877
2835 0.109716
2867 0.050985
2892 0.038023
2902 0.056532
2922 0.091000
2982 0.052129
3014 0.024755
3122 0.019131
3136 0.035934
3179 0.019306
3236 0.048748
3266 0.047332
3282 0.034416
3351 0.027373
3423 0.023137
3473 0.019189
3573 0.039450
3611 0.073975
3633 0.030497
3673 0.033730
3683 0.026773
3725 0.075985
3731 0.054858
3772 0.067461
3795 0.034899
3841 0.035784
3866 0.075985
3887 0.034655
3900 0.052129
3929 0.041037
4121 0.093006
4211 0.022808
4315 0.018903
4333 0.028408
4437 0.036780
4458 0.026094
4510 0.045224
4520 0.018245
4550 0.032281
4589 0.068460
4677 0.013493
4679 0.068460
4708 0.017229
4729 0.030014
4734 0.015486
4764 0.028823
4769 0.028823
4784 0.041942
4834 0.026429
4866 0.023650
4943 0.028627
5012 0.020681
5023 0.053547
5025 0.042038
5081 0.025770
5104 0.045882
5135 0.103917
5143 0.022567
5168 0.030333
5171 0.083884
5178 0.020815
5320 0.022727
5325 0.038701
5382 0.035666
5394 0.012446
5457 0.036209
5468 0.029858
5491 0.040494
5496 0.024468
5624 0.164984
5658 0.042930
5679 0.038701
5692 0.018846
5732 0.019664
5739 0.060934
5826 0.028273
5851 0.021157
5857 0.056017
5957 0.030663
5979 0.068460
6112 0.012540
6133 0.043460
6162 0.036209
6167 0.027750
6220 0.035404
6243 0.068460
6272 0.042425
6283 0.026891
6291 0.020160
6308 0.018734
6315 0.031900
6317 0.052722
6348 0.076713
6421 0.029535
6504 0.043605
6505 0.033085
6559 0.024951
6568 0.072344
6711 0.064057
6792 0.025979
6802 0.075449
6806 0.016942
6813 0.058992
6816 0.024468
6838 0.028008
6864 0.010907
6909 0.018679
6960 0.060667
7045 0.052129
7061 0.011958
7062 0.077385
7064 0.049951
7072 0.035149
7075 0.060934
7111 0.012477
7120 0.020815
7165 0.027878
7405 0.054858
7498 0.008887
7532 0.031532
7595 0.034183
7641 0.016168
7668 0.041037
7674 0.064057
7694 0.019424
7699 0.068460
7745 0.060481
7758 0.024852
7760 0.016663
7775 0.033511
7840 0.056532
7859 0.007536
7878 0.046583
8007 0.020950
8016 0.023476
8066 0.058511
8070 0.040611
8150 0.027497
8227 0.020417
8243 0.037384
8294 0.069410
8326 0.031714
8352 0.042736
8372 0.044604
8382 0.025985
8404 0.026111
8440 0.034655
8499 0.019909
8512 0.021877
8522 0.039425
8550 0.041480
8762 0.036209
8826 0.066481
8829 0.064848
8920 0.218005
8931 0.006659
8959 0.028408
9019 0.026429
9031 0.022102
9052 0.021088
9059 0.040686
9062 0.026891
9065 0.022889
9097 0.023476
9132 0.036596
9144 0.023137
9147 0.075985
9242 0.056539
9246 0.048137
9268 0.044604
9328 0.022889
9380 0.028408
9387 0.044017
9424 0.037078
9455 0.081222
9461 0.018034
9538 0.026316
9551 0.047332
9618 0.024006
9624 0.042930
9632 0.034899
9667 0.028965
9680 0.047332
9747 0.023650
9767 0.035442
9770 0.051119
9774 0.047831
9796 0.039806
9907 0.038023
9911 0.049951
9936 0.040201
10017 0.023221
10092 0.044356
10096 0.037078
10122 0.047332
10194 0.046583
10212 0.049951
10222 0.036780
10235 0.035149
10249 0.024097
10326 0.054894
10423 0.034949
10494 0.056532
10510 0.042930
10516 0.049951
10579 0.040201
10589 0.032878
10591 0.060028
10593 0.054858
10619 0.013222
10677 0.144300
10712 0.075985
10718 0.042930
10890 0.046538
11025 0.017037
11084 0.041942
11121 0.015002
11135 0.032281
11150 0.076679
11200 0.094595
11210 0.021227
11287 0.026094
11295 0.030333
11306 0.014729
11328 0.057646
11332 0.035757
11340 0.049317
11375 0.019786
11376 0.034817
11377 0.030663
11385 0.064057
11397 0.024374
11451 0.022102
11495 0.058511
11523 0.013459
11526 0.022255
11536 0.033085
11547 0.025985
11558 0.041480
11605 0.065920
11606 0.209746
11620 0.027129
