238

65 1.534264
122 0.978716
148 2.240672
179 1.268562
186 0.971228
194 0.723444
228 1.349218
362 2.340444
404 0.545260
423 1.240074
455 0.753857
508 1.549193
553 1.568283
577 1.291226
637 1.275986
651 1.534264
686 2.562293
764 1.577016
829 6.078828
898 1.548052
916 1.808965
1037 1.283539
1044 1.291226
1102 1.247022
1378 1.386202
1409 1.548052
1421 2.562293
1447 3.039414
1456 1.698165
1494 1.562293
1503 1.717195
1522 2.437354
1523 14.638442
1525 2.261263
1532 0.779343
1623 2.194316
1725 2.401130
1729 6.078828
1760 1.507935
1797 1.405909
1833 2.437354
1872 1.276027
1881 1.717195
2058 2.698605
2086 1.416165
2199 5.124586
2257 2.990692
2266 2.562293
2304 11.099952
2472 2.562293
2473 1.026577
2530 0.717195
2627 1.530513
2651 1.568283
2652 1.738384
2718 1.275986
2762 0.470040
2763 1.512226
2769 1.115135
2804 1.164353
2817 1.659203
2878 2.738384
2921 1.717195
3010 1.577016
3203 1.130396
3220 2.194316
3264 2.680888
3289 2.680888
3366 1.367316
3473 0.767573
3481 2.136324
3492 0.693061
3495 1.170182
3535 1.005990
3599 1.158601
3621 1.799070
3673 1.349218
3695 1.405946
3715 1.534264
3770 2.698436
3772 1.349218
3794 2.136324
3821 2.738384
4063 1.094931
4091 0.693061
4213 1.254084
4217 9.178556
4381 5.476768
4382 3.039414
4383 5.124586
4462 1.141787
4467 1.835294
4537 1.109995
4538 1.120336
4550 1.291226
4607 6.078828
4625 2.261263
4626 3.039414
4834 1.057143
4901 0.902694
4922 2.437354
5071 3.996043
5135 1.781430
5143 1.805387
5166 2.738384
5263 5.589969
5276 4.170343
5320 1.818161
5376 1.261263
5394 1.493505
5412 1.893286
5447 2.437354
5491 0.404937
5496 0.978716
5521 2.614041
5671 2.562293
5712 1.935064
5753 0.650248
5814 1.760661
5832 2.437354
5833 0.499085
5881 4.522526
5945 1.141787
5957 3.679502
5962 1.349218
6030 1.893286
6097 1.094931
6112 1.003190
6119 1.863323
6123 1.717195
6227 1.158601
6315 1.275986
6317 1.405909
6415 2.786473
6466 1.075626
6509 2.426679
6541 1.577016
6559 0.998021
6568 2.893775
6587 0.622774
6653 1.960233
6747 4.874708
6792 1.039172
6864 0.436270
6874 0.500338
6909 3.735790
6965 1.147320
7061 0.478313
7062 1.719662
7065 3.039414
7153 2.340444
7217 0.796376
7374 1.358173
7394 1.426630
7530 0.998021
7611 12.738049
7612 2.085172
7635 0.704960
7643 14.137562
7738 1.066286
7856 1.254084
7862 0.960233
7885 1.863323
7895 1.863323
7896 1.437354
7911 1.240074
7915 3.131337
8111 1.035093
8120 2.085172
8146 3.248882
8157 0.939044
8292 1.120336
8326 2.537124
8353 1.548052
8391 2.039414
8404 1.044436
8410 1.307020
8417 1.835294
8455 1.308809
8463 1.920466
8474 0.982509
8482 1.043779
8555 1.784142
8653 1.080373
8677 5.432692
8686 2.085172
8813 2.085172
8821 1.416165
8826 2.659241
8930 1.048188
9031 1.768156
9034 1.233234
9052 0.843514
9093 1.899018
9132 0.731918
9192 2.738384
9231 1.893286
9255 1.405946
9270 1.075626
9279 1.367316
9323 1.835294
9351 1.367316
9461 0.721351
9562 3.930037
9587 1.291226
9593 0.949509
9667 1.158601
9671 3.184512
9725 1.213339
9767 0.567079
9957 1.437354
10058 0.606445
10314 2.738384
10378 0.683388
10509 0.704960
10562 1.863323
10589 1.315138
10651 1.233234
10677 3.298281
10779 1.608050
10935 2.562293
10945 1.998021
10981 3.154032
11121 1.800244
11208 1.471212
11320 1.001988
11364 1.437354
11366 4.101949
11443 0.945992
11451 0.884078
11458 0.854723
11503 0.884078
11508 1.835294
11521 1.075626
11523 0.538355
11526 0.890195
11558 1.659203
11600 0.703770
