224

63 0.032486
85 0.044610
127 0.049359
138 0.070034
158 0.054155
173 0.054678
213 0.028872
255 0.061268
447 0.041445
552 0.034408
586 0.025658
632 0.034003
665 0.021733
677 0.094036
771 0.081186
831 0.028135
834 0.104374
913 0.071387
917 0.039425
927 0.083699
1002 0.044883
1037 0.044077
1051 0.094036
1132 0.021733
1233 0.087989
1278 0.043563
1299 0.104374
1592 0.038472
1723 0.047602
1779 0.057612
1906 0.087989
2002 0.043818
2058 0.030890
2174 0.065213
2248 0.039209
2444 0.054155
2507 0.026129
2524 0.035995
2530 0.024629
2539 0.038836
2572 0.030359
2625 0.077652
2627 0.026279
2726 0.094036
2762 0.032282
2938 0.208748
2962 0.050522
2967 0.100248
3009 0.094036
3092 0.104374
3095 0.020285
3201 0.080371
3203 0.058227
3241 0.059696
3370 0.038117
3386 0.042584
3400 0.077652
3521 0.043065
3531 0.054188
3535 0.034546
3567 0.073251
3599 0.039787
3626 0.033225
3633 0.041891
3634 0.050124
3683 0.036776
3867 0.080371
3874 0.087989
3989 0.087989
4252 0.087989
4266 0.036148
4286 0.060461
4573 0.018677
4574 0.094036
4657 0.104374
4677 0.018534
4738 0.019661
4764 0.039592
4809 0.094036
4859 0.054678
5053 0.037100
5174 0.103565
5342 0.104374
5404 0.104374
5430 0.208748
5532 0.030464
5562 0.046954
5569 0.070506
5611 0.075353
5670 0.104374
5689 0.028778
5699 0.077652
5732 0.027011
5734 0.057928
5740 0.043563
5817 0.047602
5821 0.063106
5833 0.034277
5860 0.104374
5945 0.156837
5946 0.075353
5948 0.029647
5966 0.063024
6070 0.025506
6071 0.021272
6112 0.034450
6205 0.050124
6240 0.049737
6281 0.041445
6308 0.025734
6323 0.063987
6346 0.095875
6433 0.052086
6436 0.501261
6693 0.083699
6792 0.053528
6796 0.093908
6828 0.024629
6864 0.074908
6878 0.043818
6909 0.025658
7027 0.104374
7084 0.071605
7111 0.051416
7123 0.039984
7126 0.052877
7182 0.045736
7255 0.056368
7364 0.104374
7374 0.046640
7411 0.092027
7494 0.087989
7498 0.048827
7635 0.024208
7709 0.023337
7715 0.042349
7782 0.056368
7788 0.054623
7859 0.010351
7936 0.045736
7981 0.031781
8004 0.175979
8239 0.061268
8241 0.069932
8257 0.104374
8343 0.033871
8351 0.042349
8447 0.087989
8457 0.041013
8462 0.042118
8530 0.104374
8534 0.063024
8546 0.073362
8826 0.024352
8924 0.083332
8930 0.035995
8931 0.064028
9099 0.045162
9115 0.113829
9116 0.040593
9138 0.023143
9255 0.048280
9278 0.094036
9306 0.055221
9355 0.060461
9443 0.263968
9444 0.032247
9455 0.055784
9514 0.094036
9605 0.060461
9642 0.044077
9646 0.041891
9667 0.039787
9756 0.075353
9761 0.028684
9767 0.029210
9774 0.032851
9903 0.027263
9938 0.073362
10000 0.049737
10033 0.058275
10050 0.083699
10058 0.062476
10125 0.049737
10195 0.029062
10276 0.055560
10279 0.034546
10326 0.025134
10378 0.023468
10468 0.077652
10487 0.020499
10489 0.067315
10534 0.050522
10570 0.104374
10607 0.521870
10619 0.018161
10661 0.051783
10669 0.058969
10701 0.081032
10890 0.031963
11005 0.087989
11063 0.058969
11152 0.030676
11175 0.083699
11178 0.104374
11203 0.056368
11242 0.035995
11256 0.053525
11295 0.041666
11335 0.035844
11376 0.015942
11423 0.028046
11443 0.032486
11503 0.030359
11530 0.087989
11532 0.134344
11543 0.043312
11544 0.055784
11568 0.092665
11600 0.036251
11609 0.083332
11636 0.039984
11637 0.095688
11649 0.077652
