285

26 0.028870
65 0.041361
122 0.026384
146 0.052844
213 0.022665
218 0.043350
227 0.059155
228 0.036372
467 0.033064
577 0.104427
600 0.026183
633 0.032536
665 0.017061
686 0.069075
771 0.031867
791 0.032536
798 0.035235
839 0.037902
922 0.063094
1032 0.047464
1037 0.034602
1102 0.033617
1112 0.020630
1296 0.026283
1385 0.056515
1421 0.069075
1456 0.091559
1523 0.526168
1623 0.118310
1649 0.023752
1726 0.057591
1760 0.040651
1770 0.081937
1797 0.037901
1853 0.045748
1859 0.032697
1872 0.017200
1947 0.029787
2024 0.027562
2059 0.050232
2086 0.038177
2107 0.043350
2165 0.021808
2199 0.138150
2257 0.040312
2259 0.011501
2304 0.149617
2308 0.059155
2421 0.026590
2446 0.047464
2495 0.081937
2508 0.069075
2518 0.022229
2521 0.051907
2530 0.019334
2532 0.033064
2539 0.030488
2562 0.112425
2569 0.045227
2627 0.082520
2674 0.056212
2762 0.012671
2763 0.040767
2770 0.046292
2777 0.057591
2806 0.027904
2910 0.118310
2921 0.046292
3121 0.021139
3171 0.118984
3179 0.020818
3185 0.043792
3203 0.060947
3220 0.059155
3264 0.036136
3273 0.050232
3366 0.036860
3436 0.036860
3442 0.063094
3456 0.081937
3459 0.045748
3492 0.018684
3495 0.031546
3527 0.081937
3567 0.019168
3599 0.031234
3621 0.024250
3715 0.041361
3770 0.072745
3772 0.072745
3787 0.038177
3811 0.053863
4063 0.029517
4071 0.027450
4091 0.018684
4110 0.052365
4205 0.066128
4213 0.169039
4215 0.013454
4217 0.247437
4240 0.073822
4380 0.069075
4381 0.073822
4383 0.069075
4401 0.053863
4538 0.060404
4547 0.042924
4573 0.014662
4596 0.081937
4625 0.060960
4687 0.049476
4701 0.034398
4710 0.063094
4738 0.015435
4745 0.051040
4747 0.137593
4786 0.107726
4796 0.063734
4834 0.028499
4866 0.025502
4938 0.036860
5053 0.029125
5071 0.107726
5145 0.053863
5166 0.073822
5178 0.044890
5222 0.044251
5256 0.036136
5263 0.150695
5276 0.056212
5320 0.024507
5363 0.033430
5468 0.032197
5491 0.010916
5496 0.026384
5517 0.063094
5532 0.047831
5657 0.038177
5671 0.069075
5692 0.040645
5712 0.052166
5718 0.069075
5797 0.028745
5814 0.047464
5820 0.051040
5832 0.065707
5833 0.013454
5885 0.019059
5903 0.047464
5949 0.024770
5957 0.231450
6030 0.051040
6123 0.092585
6151 0.044251
6283 0.028997
6308 0.020202
6372 0.069075
6381 0.044251
6415 0.075118
6508 0.051907
6509 0.130838
6568 0.039005
6587 0.050367
6652 0.046292
6653 0.052844
6704 0.048766
6792 0.042021
6813 0.021204
6858 0.030488
6864 0.011761
6874 0.013488
6909 0.060426
6992 0.040651
7041 0.037112
7061 0.038683
7111 0.013454
7120 0.022445
7153 0.063094
7249 0.051907
7305 0.045227
7385 0.020755
7394 0.038459
7404 0.030344
7498 0.009583
7501 0.056755
7530 0.026905
7611 0.171697
7643 0.152449
7709 0.018320
7713 0.038177
7715 0.033246
7769 0.051907
7801 0.042924
7859 0.016252
7861 0.018790
7876 0.041733
7915 0.028138
8007 0.067774
8062 0.060960
8111 0.083713
8120 0.056212
8146 0.043792
8157 0.050630
8271 0.049898
8272 0.023833
8353 0.041733
8405 0.060960
8410 0.070470
8449 0.037633
8455 0.035283
8463 0.025886
8521 0.059155
8539 0.018017
8577 0.069075
8605 0.019906
8632 0.051907
8677 0.146456
8683 0.069075
8686 0.056212
8728 0.033246
8813 0.056212
8821 0.038177
8826 0.062130
9062 0.028997
9093 0.076791
9099 0.035454
9104 0.024081
9130 0.103462
9132 0.059194
9270 0.028997
9279 0.073721
9303 0.069075
9322 0.044729
9323 0.148429
9326 0.044251
9338 0.047464
9343 0.069075
9380 0.030633
9402 0.048097
9407 0.034398
9461 0.019446
9562 0.079460
9587 0.034809
9593 0.076791
9669 0.041763
9671 0.042924
9688 0.035454
9767 0.068793
9770 0.027562
9774 0.025789
9783 0.023431
9798 0.050232
9881 0.045227
10030 0.041361
10091 0.069075
10093 0.044251
10185 0.025131
10195 0.022814
10309 0.080397
10337 0.028621
10396 0.082016
10437 0.045748
10487 0.048277
10509 0.019004
10530 0.031389
10565 0.036136
10589 0.035454
10602 0.063094
10677 0.044458
10701 0.042409
10711 0.034198
11068 0.060960
11146 0.029254
11208 0.039661
11256 0.021010
11306 0.015883
11366 0.036860
11375 0.021336
11443 0.076507
11456 0.083465
11503 0.047666
11508 0.049476
11522 0.045748
11523 0.029026
11600 0.018972
