102

68 1.520900
111 0.811527
217 0.808965
345 0.932204
372 2.085172
447 1.206905
630 1.107385
665 0.632874
1053 1.001988
1064 1.426630
1132 1.265748
1138 2.437354
1296 0.974956
1633 1.299051
1721 0.747158
1859 1.819334
1896 1.349218
1929 1.291226
1940 1.735549
2335 0.915562
2339 1.147320
2576 0.854723
2696 0.683388
2708 1.035093
2720 1.052642
2806 1.035093
2946 1.416165
3423 0.925471
3492 0.693061
3611 1.972671
3770 1.349218
3826 1.405946
3928 1.437354
3929 1.641474
4063 1.094931
4071 1.018225
4091 0.693061
4315 0.756113
4333 1.136324
4458 1.043779
4566 0.827227
4765 2.738384
5135 1.781430
5168 1.213339
5325 1.548052
5395 2.070185
5491 0.404937
5610 2.136324
5732 0.786561
5957 1.226501
6220 1.416165
6291 0.806418
6308 1.498759
6315 2.551972
6380 0.942504
6384 2.562293
6418 1.459631
6616 0.899535
6792 0.519586
6802 1.005990
6960 1.213339
7062 0.343932
7460 0.990196
7597 2.136324
7635 0.704960
7856 1.254084
7859 0.602854
7873 1.717195
7904 1.275986
8083 0.711035
8338 0.953054
8499 1.592752
8819 1.299051
8826 0.177283
8829 1.296958
8931 0.266359
9052 0.843514
9104 0.893286
9132 2.195754
9162 1.808965
9226 2.261263
9333 1.426630
9718 1.405946
9747 0.945992
9774 0.956629
9865 0.796376
10279 1.005990
10326 0.731918
10352 0.971228
10509 1.409921
11025 0.681479
11258 1.386202
11328 1.152923
11332 0.715132
11376 0.464226
11451 0.884078
11523 0.538355
11532 0.652024
11547 1.039414
11605 1.977609
11606 0.932204
11609 1.213339
