37

71 0.878046
297 1.182082
1141 1.323411
1390 1.307020
1400 1.395961
1465 1.386202
1596 3.355373
2638 1.061691
2680 1.507935
2704 2.039414
2736 2.340444
3166 1.641474
3276 2.340444
3377 1.507935
4534 1.182082
4566 0.827227
5012 0.827227
5081 1.030814
5719 3.546245
6317 0.702954
6587 0.622774
6627 1.141787
6802 1.005990
7061 0.478313
7387 1.261263
7735 6.166171
8343 0.986336
8419 1.141787
8784 0.932204
8931 0.532719
9051 1.125600
9144 0.925471
9339 1.760661
9480 1.624441
10521 1.233234
10619 0.528869
10621 1.125600
