211

74 0.061158
79 0.029918
97 0.029494
111 0.026329
122 0.063507
160 0.073365
166 0.089329
173 0.051660
178 0.061426
188 0.036349
217 0.026246
292 0.036180
345 0.030245
346 0.049315
424 0.044065
455 0.024458
483 0.040688
485 0.077098
531 0.029811
546 0.075934
630 0.161677
651 0.099556
693 0.052704
801 0.088845
917 0.037248
1007 0.214112
1106 0.031511
1132 0.143732
1455 0.043774
1475 0.158156
1542 0.052826
1573 0.057885
1666 0.024458
1701 0.071193
1779 0.054431
1807 0.030135
1859 0.098378
1929 0.167572
1940 0.056309
2024 0.033170
2025 0.046286
2052 0.044362
2154 0.043974
2174 0.030806
2256 0.132335
2313 0.044065
2319 0.045946
2339 0.037224
2372 0.059545
2507 0.012343
2520 0.059545
2536 0.044362
2550 0.026000
2576 0.027731
2585 0.047732
2696 0.022172
2711 0.050687
2762 0.015250
2769 0.036180
2817 0.053832
2843 0.047732
3037 0.056401
3124 0.069312
3149 0.036349
3236 0.031632
3282 0.044665
3351 0.035524
3374 0.037966
3423 0.060052
3437 0.046634
3464 0.046286
3473 0.024903
3482 0.031391
3488 0.073365
3540 0.112801
3546 0.031754
3562 0.050687
3573 0.025598
3772 0.043774
3841 0.015480
4163 0.057123
4196 0.023816
4215 0.032385
4310 0.033170
4458 0.033865
4462 0.037044
4469 0.060454
4521 0.088845
4738 0.055728
4903 0.050225
4943 0.018576
4964 0.034298
4970 0.044362
5081 0.033444
5100 0.022742
5135 0.057797
5168 0.039366
5395 0.067166
5457 0.046991
5491 0.052552
5529 0.020982
5532 0.028782
5624 0.214112
5701 0.043211
5749 0.031391
5758 0.039578
5813 0.083132
5857 0.072697
5905 0.088845
5949 0.029811
6071 0.020098
6112 0.032548
6215 0.049345
6315 0.082797
6317 0.045614
6421 0.114991
6422 0.069312
6433 0.024605
6505 0.042937
6506 0.042147
6792 0.016858
6802 0.032639
6813 0.025519
6824 0.069312
6859 0.060454
6860 0.040688
6878 0.041398
6960 0.039366
6978 0.066167
6982 0.057123
7061 0.015519
7062 0.011159
7120 0.027013
7141 0.079078
7150 0.095261
7165 0.036180
7288 0.056401
7319 0.069312
7333 0.079078
7450 0.044665
7498 0.034599
7524 0.138623
7563 0.079078
7587 0.050687
7595 0.044362
7646 0.057123
7694 0.025208
7745 0.052327
7760 0.021624
7788 0.017202
7859 0.009780
7873 0.055713
7971 0.049345
8010 0.048924
8027 0.044065
8044 0.048118
8056 0.098612
8083 0.069207
8104 0.044974
8227 0.026497
8292 0.036349
8389 0.079078
8499 0.077514
8522 0.409321
8529 0.034595
8616 0.044362
8819 0.042147
8826 0.069022
8874 0.042937
8920 0.141460
8931 0.017284
8956 0.035052
8991 0.075934
9031 0.057367
9052 0.027367
9059 0.017601
9105 0.034446
9132 0.047493
9142 0.049345
9242 0.024458
9293 0.075934
9584 0.043490
9643 0.037966
9767 0.045996
9770 0.033170
9774 0.031037
10004 0.129649
10092 0.028782
10222 0.047732
10228 0.078732
10325 0.033444
10326 0.142479
10401 0.033170
10510 0.055713
10565 0.043490
10621 0.036519
10646 0.039366
10658 0.040233
10677 0.053505
10890 0.075495
11025 0.044220
11121 0.019469
11183 0.079078
11332 0.023202
11362 0.037777
11375 0.025678
11423 0.026497
11451 0.028683
11523 0.034933
11600 0.011417
11605 0.021387
