101

345 0.932204
346 0.506660
630 1.107385
651 1.534264
697 0.819306
897 0.860437
1053 1.001988
1532 0.779343
1592 1.120336
1940 1.735549
1979 1.641474
2120 2.136324
2284 1.863323
2473 1.026577
2499 1.307020
2507 0.380449
2530 0.717195
2532 1.226501
2678 1.863323
2708 1.035093
2762 1.410121
2763 0.756113
3134 1.641474
3500 1.608050
3531 0.788994
3559 3.216101
3567 0.711035
3573 0.788994
3574 2.562293
3626 1.935064
3691 0.742749
3928 1.437354
3952 1.136324
3978 2.437354
4063 2.189863
4289 4.078828
4458 1.043779
4542 1.416165
4677 1.079454
4701 1.275986
4793 1.471212
4796 1.182082
5445 5.476768
5529 1.940151
5712 0.967532
5753 0.650248
5792 0.974956
5885 0.706976
5947 1.247022
5948 0.863323
6071 0.619458
6299 3.039414
6317 0.702954
6559 0.998021
6652 1.717195
6792 0.519586
6806 0.677686
6812 2.453002
6874 0.500338
6960 3.640018
7498 0.355467
7664 1.206905
7745 0.806418
7861 0.696991
7946 1.026577
8027 1.358173
8249 2.261263
8410 1.307020
8522 1.577016
8539 0.668346
8807 2.039414
8819 1.299051
8826 0.177283
8829 1.296958
8930 1.048188
8931 0.266359
8947 2.261263
9019 1.057143
9132 1.463836
9497 2.136324
9562 0.982509
9863 1.219870
9909 1.925471
10067 1.018225
10251 2.364163
10326 0.731918
10475 0.539727
10507 1.022381
10880 3.318406
10965 3.039414
11025 1.362959
11150 1.022381
11195 1.534264
11200 1.261263
11208 1.471212
11306 1.178330
11423 0.816698
11502 1.014108
11532 0.652024
11547 1.039414
11605 0.659203
