54

5 1.471212
447 1.206905
630 0.553693
665 0.632874
1807 1.857649
1940 1.157033
2071 0.971228
2455 0.851893
2708 1.035093
2718 1.275986
2806 1.035093
2843 1.471212
3432 1.471212
3492 1.386122
3557 2.039414
3611 0.986336
3683 1.070931
3807 1.386202
3862 3.039414
3929 1.641474
4520 0.729784
4895 2.340444
5081 1.030814
5135 1.187620
5177 1.182082
5297 2.663688
5496 0.978716
5693 1.261263
5957 1.226501
6220 2.832330
6406 3.786572
6421 0.590708
6812 2.453002
7062 0.687865
7111 0.499085
7410 2.085172
7497 1.885008
7530 0.998021
7859 0.301427
7937 1.495346
8087 1.158601
8826 0.177283
10054 1.960233
10077 1.323411
10326 0.731918
10352 0.971228
10475 0.539727
10507 3.067142
10619 0.528869
10807 2.261263
11025 0.681479
11121 0.600081
11362 1.164353
11605 2.636812
