79

26 0.089556
108 0.097856
109 0.103128
217 0.135298
346 0.084738
630 0.046302
831 0.068514
917 0.048003
1112 0.127988
1385 0.087654
1456 0.071004
1592 0.093687
1613 0.110669
1636 0.093252
1859 0.050713
1940 0.145134
1979 0.137267
2154 0.056671
2537 0.158325
2569 0.140295
2600 0.137267
2696 0.057148
2763 0.063229
2946 0.118426
2954 0.078240
3004 0.138750
3559 0.268944
3567 0.118919
3696 0.195718
3795 0.116736
3899 0.183498
3911 0.133151
3928 0.120198
4110 0.081218
4255 0.151273
4701 0.106703
5491 0.033863
5885 0.118241
5947 0.104281
5962 0.112827
6315 0.106703
6652 0.143599
6792 0.043450
6802 0.084125
6806 0.056671
6874 0.041840
6960 0.101465
6998 0.174371
7060 0.155910
7429 0.203822
7460 0.082804
7498 0.029726
7745 0.067436
7801 0.266302
7809 0.145371
7859 0.050413
8042 0.145371
8237 0.097856
8294 0.154784
8404 0.043670
8412 0.134472
8621 0.107335
8711 0.127184
8829 0.216914
8931 0.022274
9031 0.073930
9424 0.124024
9538 0.088026
9765 0.254169
9774 0.079997
10475 0.135403
10561 0.113576
11025 0.056988
11332 0.059802
11472 0.163923
11532 0.054525
11605 0.055125
11609 0.101465
11625 0.184795
