50

346 0.102361
486 0.282027
508 0.078246
630 0.111863
689 0.128144
1798 0.118803
1816 0.288223
1818 0.132029
1940 0.058439
2363 0.103276
2651 0.316841
4359 0.216361
4954 0.143054
5012 0.083562
5678 0.099635
6058 0.191251
6380 0.095207
6874 0.050542
6998 0.421268
7109 0.191251
7120 0.084104
7490 0.284044
7528 0.123225
7641 0.065328
7760 0.067327
7812 0.152324
7931 0.167605
7989 0.105883
8352 0.086340
8455 0.044070
8470 0.116463
8728 0.124575
8931 0.053813
9196 0.191251
9592 0.108180
9767 0.028642
10096 0.149817
10261 0.517661
10304 0.165814
10326 0.147870
10596 0.120644
10604 0.146305
10698 0.365466
10858 0.246210
11015 0.108655
11025 0.068840
11076 0.221659
11320 0.101216
11332 0.072239
11376 0.046894
