102

26 1.070931
111 1.623055
345 0.932204
346 1.013319
428 2.261263
447 1.206905
531 0.918840
586 1.494316
630 1.661078
895 0.846290
1102 1.247022
1112 0.765256
1532 1.558685
1592 1.120336
1613 1.323411
1636 1.115135
1662 1.925471
1831 0.767573
1859 1.819334
1940 2.314065
2154 0.677686
2265 1.998021
2337 2.340444
2609 1.483112
2763 0.756113
3275 0.611279
3351 1.094931
3492 0.693061
3559 1.608050
3567 0.711035
3696 2.340444
3818 0.704960
3841 0.477121
3928 2.874708
4255 1.808965
4333 1.136324
4460 3.039414
4685 2.562293
4701 1.275986
4812 2.437354
5135 0.593810
5324 0.971228
5395 1.035093
5491 0.404937
5652 2.261263
5749 0.967532
5885 0.706976
5947 1.247022
5962 1.349218
6308 0.749380
6315 1.275986
6317 1.405909
6324 1.471212
6346 1.395961
6380 0.942504
6421 1.181416
6559 1.996043
6652 1.717195
6792 1.039172
6806 0.677686
6960 1.213339
7045 2.085172
7060 0.932204
7062 0.343932
7345 3.039414
7460 0.990196
7498 0.355467
7655 0.922143
7704 0.713078
7745 0.806418
7801 1.592256
7809 1.738384
7859 0.904280
7873 1.717195
8083 0.711035
8294 0.925471
8455 0.436270
8711 1.520900
8819 1.299051
8829 0.648479
8931 0.266359
8956 1.080373
9130 0.767573
9132 1.463836
9338 1.760661
9538 1.052642
9555 2.261263
9718 1.405946
9747 0.945992
9865 0.796376
10017 0.928824
10352 0.971228
10423 0.698970
10475 2.158908
11025 0.681479
11150 1.022381
11200 1.261263
11328 1.152923
11502 2.028217
11532 0.652024
11606 0.932204
11625 1.104916
