62

97 0.092303
455 0.076543
630 0.168657
960 0.108265
1385 0.106427
1532 0.079130
1592 0.113753
1636 0.226450
1727 0.195502
1859 0.123150
1940 0.117479
1994 0.110675
2696 0.069388
2763 0.076772
3203 0.057387
3559 0.163273
3567 0.072195
3696 0.237636
3928 0.145941
4110 0.098613
4194 0.237636
4255 0.183673
4289 0.207071
4566 0.083992
4701 0.129557
5833 0.050674
5885 0.071783
5947 0.253232
5962 0.136992
6315 0.129557
6346 0.283477
6534 0.308606
6792 0.052756
6802 0.102143
6806 0.068809
6960 0.123196
7060 0.094651
7498 0.036092
7664 0.122543
7809 0.176506
7859 0.061211
7861 0.070769
7946 0.104233
8027 0.137902
8463 0.097497
8711 0.154424
8829 0.131686
8931 0.054089
9095 0.121264
9132 0.074315
9538 0.106880
9557 0.172303
9667 0.117638
9774 0.097131
9865 0.080860
10017 0.094308
10325 0.209327
10475 0.054801
11025 0.069194
11200 0.128062
11375 0.080359
11625 0.112187
