175

97 0.030750
98 0.036068
103 0.041263
151 0.065130
345 0.063065
404 0.036887
665 0.021407
674 0.086671
762 0.082445
839 0.047557
857 0.039190
897 0.029105
902 0.070532
913 0.070317
1456 0.057441
1466 0.030750
1605 0.030216
1649 0.059604
1807 0.031418
1872 0.021581
1949 0.056749
2024 0.034583
2058 0.030427
2082 0.053343
2131 0.068884
2248 0.038622
2259 0.014431
2350 0.064041
2548 0.034724
2626 0.039985
2633 0.037037
2758 0.068984
2762 0.015899
2768 0.068330
2806 0.035013
3040 0.056749
3095 0.019981
3102 0.054393
3156 0.046566
3210 0.079167
3275 0.020677
3282 0.046566
3401 0.136024
3419 0.058802
3437 0.048619
3605 0.045638
3621 0.060854
3633 0.041263
3717 0.135168
3809 0.062080
3841 0.016139
4176 0.059555
4196 0.099320
4215 0.033764
4396 0.102890
4437 0.099529
4566 0.027981
4693 0.065130
4960 0.052845
5051 0.102810
5053 0.036544
5060 0.186239
5100 0.023710
5496 0.066211
5529 0.218755
5562 0.046250
5569 0.416694
5712 0.032727
5758 0.041263
5792 0.098935
5826 0.076508
5833 0.016882
5851 0.028626
5880 0.028254
5885 0.023914
5925 0.109895
5926 0.023643
6032 0.086671
6065 0.045941
6071 0.020953
6436 0.277734
6570 0.033759
6583 0.113497
6793 0.063028
6828 0.024259
6837 0.125838
6838 0.037896
6893 0.068984
6933 0.102810
7054 0.102810
7061 0.016179
7118 0.020677
7126 0.104169
7215 0.058085
7228 0.086671
7255 0.055524
7377 0.043161
7387 0.042663
7404 0.038074
7498 0.036072
7501 0.035606
7545 0.308429
7738 0.036068
7758 0.033626
7759 0.061189
7839 0.079167
7859 0.071371
7885 0.063028
7911 0.041946
7915 0.070613
7982 0.141064
8046 0.041263
8065 0.074224
8083 0.048102
8237 0.039582
8241 0.034442
8287 0.059555
8291 0.074224
8327 0.070532
8343 0.033363
8383 0.193026
8462 0.082974
8489 0.050581
8494 0.043676
8605 0.024976
8746 0.092627
8761 0.025273
8771 0.051897
8784 0.031532
8826 0.017990
8874 0.089530
8931 0.036039
9110 0.042181
9114 0.045638
9115 0.074749
9116 0.039985
9270 0.036384
9381 0.076148
9444 0.063527
9529 0.082445
9551 0.064041
9618 0.064961
9729 0.045638
9767 0.047954
9907 0.051445
9919 0.075092
9963 0.058802
10015 0.036068
10036 0.024903
10067 0.103326
10352 0.065705
10378 0.115580
10475 0.036513
10627 0.052845
10651 0.041715
10701 0.053212
10890 0.062967
10898 0.049373
11121 0.101490
11210 0.028721
11242 0.070911
11256 0.052723
11258 0.046889
11306 0.019929
11332 0.024190
11396 0.095642
11397 0.032978
11476 0.205619
11477 0.102810
11503 0.029904
11523 0.036420
11600 0.023805
11635 0.102810
11636 0.039385
11637 0.094254
