47

12 0.237636
282 0.141738
630 0.224876
1053 0.101736
1132 0.064259
1532 0.079130
1859 0.123150
1940 0.058739
1986 0.114287
2071 0.098613
2519 0.267064
3423 0.093967
4063 0.111173
4458 0.105980
4573 0.055222
4866 0.096051
4901 0.091655
5135 0.120585
5395 0.210195
5491 0.082230
5732 0.079863
6315 0.129557
6506 0.131899
6802 0.102143
6960 0.123196
7062 0.034921
7498 0.036092
7641 0.065664
7859 0.091816
7873 0.348709
7946 0.104233
8104 0.140747
8499 0.080860
8819 0.131899
8826 0.018000
8829 0.065843
8843 0.617211
8931 0.054089
9132 0.074315
9774 0.097131
10017 0.094308
10487 0.060610
10794 0.192234
11025 0.069194
11150 0.103807
11375 0.080359
11605 0.133864
