93

97 0.067201
188 0.082818
917 0.042434
960 0.078822
1072 0.180174
1132 0.093567
1269 0.069416
1385 0.309937
1456 0.188298
1466 0.067201
1727 0.142335
1859 0.089659
1940 0.042765
1994 0.080577
2431 0.154140
2504 0.188647
2532 0.090666
2627 0.113139
2762 0.034746
2763 0.055893
3275 0.045187
3621 0.066496
4110 0.071795
4205 0.181331
4215 0.073787
4217 0.169625
4451 0.064907
4964 0.078146
4969 0.084403
5145 0.147698
5324 0.071795
5611 0.162209
5693 0.093235
5833 0.110680
5851 0.062560
6346 0.206385
6371 0.131888
6864 0.032250
6874 0.036986
6909 0.055232
6942 0.139956
7081 0.224680
7118 0.045187
7122 0.124018
7450 0.101765
7664 0.089217
7715 0.091163
7859 0.044564
7861 0.051523
7936 0.098453
7946 0.075887
7947 0.117703
8027 0.100399
8104 0.102471
8455 0.032250
8463 0.141965
8499 0.117740
8616 0.101075
8629 0.105460
8826 0.013105
8829 0.047937
8931 0.039380
9095 0.088286
9242 0.055727
9557 0.125445
9618 0.070982
9767 0.020960
9865 0.117740
9919 0.082053
10107 0.378820
10276 0.059800
10325 0.152400
10326 0.108210
10433 0.077814
10502 0.135669
10537 0.113416
10563 0.102471
10628 0.144905
10677 0.060954
10797 0.157922
11025 0.050376
11031 0.107065
11203 0.121341
11233 0.188647
11257 0.090666
11258 0.102471
11332 0.052864
11335 0.077158
11376 0.034317
11458 0.063183
11472 0.434714
11599 0.142335
11600 0.026012
