131

74 0.172718
111 0.049572
186 0.059327
223 0.138129
313 0.088472
345 0.056943
471 0.148885
552 0.061206
630 0.101466
917 0.035065
1007 0.067187
1106 0.059327
1132 0.154636
1269 0.114722
1296 0.059555
1605 0.054566
1609 0.068118
1725 0.073336
1798 0.071841
1859 0.037045
1940 0.070677
2048 0.112108
2062 0.081355
2154 0.041396
2205 0.092112
2473 0.062708
2515 0.138129
2518 0.050369
2690 0.059555
2696 0.041745
2705 0.113821
2768 0.061697
3014 0.060486
3164 0.112108
3179 0.047172
3236 0.059555
3489 0.085882
3495 0.071480
3546 0.059785
3573 0.048195
3772 0.082417
3975 0.072207
3979 0.089869
4215 0.030486
4346 0.103660
4520 0.044579
4613 0.055141
4663 0.108755
4700 0.185662
4872 0.185662
4943 0.069948
5081 0.062967
5084 0.096332
5086 0.092904
5100 0.085636
5135 0.036273
5178 0.050858
5382 0.087145
5395 0.126457
5457 0.088472
5491 0.049471
5624 0.067187
6070 0.045371
6071 0.037839
6112 0.030640
6317 0.042940
6380 0.057573
6505 0.080840
6506 0.079352
6547 0.102481
6708 0.080840
6813 0.048047
7050 0.071124
7125 0.086506
7165 0.068118
7217 0.048646
7407 0.142965
7450 0.084093
7460 0.060486
7498 0.021714
7694 0.047461
7707 0.130268
7745 0.049260
7847 0.056943
7856 0.076605
7859 0.018413
7881 0.094562
7947 0.097263
8016 0.057361
8055 0.156517
8070 0.099229
8201 0.167273
8272 0.054004
8338 0.058217
8404 0.063799
8455 0.026649
8499 0.145939
8826 0.010829
8829 0.039612
8923 0.167273
9059 0.033138
9242 0.046049
9461 0.044064
9613 0.127372
9672 0.115651
9767 0.034640
10222 0.089869
10228 0.148233
10325 0.125934
10326 0.312963
10397 0.051695
10401 0.062452
10486 0.100269
10555 0.083522
10556 0.072207
10772 0.138129
10890 0.028428
11025 0.041628
11038 0.115651
11078 0.127372
11162 0.076605
11194 0.061947
11238 0.091343
11332 0.043684
11437 0.074116
11502 0.061947
11532 0.079657
11547 0.126985
11600 0.064484
11605 0.040267
11606 0.056943
