207

13 1.437354
23 1.018225
26 1.070931
61 2.738384
71 0.878046
111 0.811527
122 0.978716
188 1.120336
217 0.808965
282 1.395961
308 0.915562
313 1.448350
318 0.824570
346 1.013319
404 0.545260
423 1.240074
447 7.241431
455 1.507714
483 3.762253
485 1.188156
553 0.784142
625 1.925471
630 2.214771
665 1.898622
710 6.078828
747 2.437354
822 1.495346
873 1.784142
917 1.148063
1053 2.003975
1091 1.998021
1106 4.856141
1112 2.295769
1132 2.531496
1135 1.283539
1197 2.990692
1273 2.562293
1371 1.925471
1499 2.105285
1532 0.779343
1649 0.881052
1723 1.386202
1798 1.176091
1807 0.928824
1859 0.606445
1940 2.314065
2058 0.899535
2066 2.261263
2154 0.677686
2185 1.182082
2335 1.831125
2342 1.448350
2455 0.851893
2507 0.760899
2518 0.824570
2520 1.835294
2551 1.395961
2575 0.956629
2696 0.683388
2708 1.035093
2711 1.562293
2762 0.470040
2763 0.756113
2806 1.035093
2867 2.039414
2967 1.459631
3077 1.960233
3122 0.765256
3351 1.094931
3385 1.784142
3492 2.079183
3611 0.986336
3665 2.085172
3700 1.283539
3761 1.188156
3795 1.395961
3807 1.386202
3841 0.477121
3860 2.437354
3929 3.282948
3979 1.471212
4071 2.036450
4101 2.340444
4121 1.240074
4157 1.808965
4215 0.499085
4359 1.070931
4458 1.043779
4520 0.729784
4566 0.827227
4677 0.539727
4722 1.094931
4738 0.572546
4769 1.152923
4833 1.677686
4834 1.057143
4964 1.057143
5012 0.827227
5025 0.840757
5104 1.835294
5112 1.920466
5135 4.156669
5307 1.030814
5395 1.035093
5491 0.404937
5652 6.783789
5732 0.786561
5957 1.226501
6106 1.608050
6220 1.416165
6227 1.158601
6308 1.498759
6315 2.551972
6317 2.108863
6421 1.181416
6504 4.360484
6559 0.998021
6568 0.723444
6587 0.622774
6652 1.717195
6806 0.677686
6813 1.573122
6838 1.120336
6839 1.307020
6874 0.500338
6878 1.275986
6960 1.213339
7062 1.719662
7111 0.499085
7150 0.978716
7297 1.534264
7308 1.562293
7350 1.659203
7374 1.358173
7595 1.367316
7704 2.852313
7738 1.066286
7745 0.806418
7760 0.666502
7859 0.602854
7873 1.717195
7989 1.048188
8016 0.939044
8083 0.711035
8237 1.170182
8294 0.925471
8404 0.522218
8431 1.960233
8455 0.436270
8499 0.796376
8508 1.283539
8539 2.005039
8684 1.268562
8740 3.318406
8819 1.299051
8826 2.481958
8829 1.945437
8846 5.838522
8912 1.893286
8920 1.090024
9019 1.057143
9031 1.768156
9065 0.915562
9097 0.939044
9132 1.463836
9387 1.760661
9461 3.606754
9601 2.136324
9667 1.158601
9669 0.774596
9747 0.945992
9767 0.567079
9774 0.956629
9822 2.738384
10015 1.066286
10017 1.857649
10036 0.736218
10082 1.254084
10092 0.887126
10251 1.182082
10276 0.808965
10295 5.124586
10316 1.960233
10326 0.731918
10487 1.790803
10509 0.704960
10552 1.925471
10604 1.448350
10619 1.057738
10628 1.960233
10677 0.824570
10890 0.930766
10955 2.261263
11025 0.681479
11135 2.582452
11320 1.001988
11328 1.152923
11335 1.043779
11340 0.986336
11364 1.437354
11375 3.165763
11423 0.816698
11523 0.538355
11558 1.659203
11592 1.717195
11605 3.296014
11606 7.457633
