143

26 1.070931
228 1.349218
512 1.386202
531 0.918840
633 2.413810
695 1.784142
734 1.448350
831 0.819306
917 0.574031
960 1.066286
965 0.963867
992 1.158601
1132 1.265748
1456 0.849082
1466 0.909080
1569 2.194316
1613 1.323411
1704 7.740262
1721 1.494316
1750 1.784142
1831 0.767573
1859 0.606445
1939 2.811891
1940 1.157033
1952 1.507935
1981 1.871221
2131 1.018225
2473 1.026577
2507 0.380449
2530 0.717195
2576 1.709445
2627 0.765256
2696 0.683388
2752 1.483112
2762 0.470040
2804 1.164353
2851 1.170182
2954 0.935610
3095 1.181416
3102 3.216101
3144 1.592256
3351 1.094931
3761 1.188156
3841 0.954243
4205 2.453002
4266 1.052642
4267 1.577016
4359 1.070931
4377 1.520900
4445 2.437354
4485 2.340444
4566 0.827227
4866 0.945992
4901 0.902694
4916 1.268562
4927 2.085172
4934 2.340444
5050 0.945992
5178 0.832588
5307 2.061628
5338 1.416165
5394 0.497835
5468 1.194316
5491 0.404937
5692 1.507714
5818 1.624441
5821 0.918840
6065 1.358173
6097 1.094931
6315 1.275986
6317 0.702954
6421 1.772123
6529 1.624441
6559 0.998021
6593 3.039414
6605 1.459631
6754 3.039414
6806 0.677686
6813 0.786561
6814 1.219870
6828 2.868779
6864 0.872539
6960 1.213339
7032 1.386202
7084 2.085172
7460 0.990196
7498 0.355467
7589 1.261263
7630 2.562293
7635 0.704960
7641 0.646717
7730 1.659203
7788 0.530212
7859 0.904280
7861 0.696991
8157 1.878087
8234 1.275986
8259 1.696991
8352 0.854723
8463 0.960233
8529 1.066286
8658 2.738384
8688 2.194316
8826 1.418262
8829 0.648479
8845 1.893286
8971 2.614041
9052 1.687029
9099 1.315138
9329 1.507935
9331 2.194316
9338 1.760661
9618 0.960233
9634 1.247022
9667 1.158601
9767 0.567079
9950 1.315138
10010 1.061691
10058 0.606445
10235 1.405946
10359 2.194316
10396 1.014108
10430 2.039414
10487 0.596934
10617 1.863323
10880 1.659203
10890 0.465383
11025 1.362959
11063 1.717195
11069 2.738384
11146 2.170343
11150 1.022381
11183 2.437354
11257 2.453002
11375 0.791441
11376 0.464226
11416 3.039414
11453 2.437354
11502 1.014108
11532 1.304049
11568 1.349218
11600 0.351885
11605 0.659203
