169

186 0.971228
213 0.840757
217 1.617930
218 1.608050
228 4.047654
331 2.738384
467 1.226501
508 0.774596
564 2.437354
577 1.291226
600 0.971228
633 2.413810
689 1.268562
697 0.819306
771 1.182082
857 1.158601
1102 1.247022
1258 1.240074
1421 2.562293
1456 0.849082
1489 1.592256
1522 2.437354
1523 17.078183
1525 2.261263
1547 1.835294
1613 1.323411
1623 2.194316
1649 0.881052
1721 0.747158
1760 1.507935
1797 1.405909
1828 1.696991
1831 0.767573
1859 0.606445
2000 0.986336
2058 0.899535
2140 1.459631
2165 3.235861
2294 1.760661
2304 2.219990
2521 1.925471
2627 0.765256
2708 1.035093
2762 0.470040
2763 0.756113
3122 0.765256
3203 0.565198
3275 0.611279
3289 1.340444
3436 1.367316
3473 0.767573
3480 1.376656
3567 0.711035
3599 1.158601
3770 2.698436
3772 1.349218
3811 1.998021
3812 2.437354
3951 0.704960
4091 0.693061
4213 2.508169
4215 0.499085
4217 4.589278
4266 1.052642
4520 2.189352
4625 2.261263
4710 2.340444
4734 0.619458
4747 5.103945
4834 1.057143
5135 1.781430
5263 3.726646
5320 0.909080
5363 1.240074
5394 0.995670
5491 0.404937
5644 2.738384
5692 1.507714
5714 1.426630
5735 1.507935
5817 1.386202
5820 1.893286
5833 0.499085
5885 0.706976
5948 0.863323
5957 3.679502
6030 1.893286
6071 0.619458
6082 1.925471
6123 1.717195
6283 1.075626
6315 1.275986
6382 1.760661
6466 3.226879
6509 3.640018
6568 0.723444
6587 0.622774
6792 1.558758
6813 0.786561
6858 1.130929
6864 0.436270
6909 0.747158
6992 1.507935
6999 2.340444
7062 0.343932
7217 0.796376
7374 1.358173
7404 1.125600
7422 1.808965
7498 0.355467
7522 2.562293
7595 1.367316
7611 4.776768
7635 0.704960
7643 4.712521
7664 1.206905
7760 0.666502
7859 0.301427
7926 1.893286
8007 0.838017
8111 1.035093
8120 2.085172
8146 1.624441
8148 2.136324
8271 0.925471
8292 1.120336
8387 0.854723
8404 0.522218
8449 1.395961
8463 0.960233
8677 8.149037
8761 0.747158
8821 1.416165
8826 0.709131
9093 0.949509
9130 1.535145
9132 0.731918
9323 3.670588
9326 1.641474
9562 1.965019
9584 1.340444
9593 0.949509
9671 1.592256
9725 1.213339
9767 1.134157
9783 0.869152
10133 1.738384
10141 1.577016
10309 0.994091
10423 0.698970
10440 2.738384
10445 2.340444
10487 1.790803
10509 1.409921
10547 3.434390
10555 1.367316
10559 3.318406
10589 1.315138
10619 1.057738
10651 2.466468
10701 0.786561
10981 1.577016
11210 0.849082
11214 2.437354
11256 0.779343
11375 2.374323
11396 2.827512
11456 6.192210
11558 1.659203
