202

26 0.082501
108 0.045074
111 0.156294
123 0.056223
171 0.074166
217 0.062320
304 0.042560
346 0.039032
418 0.031761
423 0.047766
455 0.029037
478 0.075505
485 0.045766
536 0.104679
553 0.030204
596 0.052315
630 0.085310
831 0.031558
866 0.069679
917 0.044222
1106 0.037410
1112 0.176859
1132 0.073132
1172 0.074166
1316 0.074166
1484 0.063227
1485 0.071773
1507 0.052315
1532 0.060038
1562 0.093883
1609 0.042953
1721 0.115118
1789 0.059098
1895 0.057599
1929 0.049736
1940 0.133702
1981 0.180192
2025 0.054952
2058 0.034649
2134 0.060177
2248 0.043980
2359 0.151011
2421 0.037992
2455 0.032814
2530 0.027625
2551 0.053770
2576 0.065845
2667 0.053027
2696 0.052646
2711 0.060177
2731 0.075505
2946 0.054549
3004 0.063910
3042 0.070693
3095 0.045506
3351 0.042175
3401 0.103264
3436 0.052667
3480 0.053027
3499 0.116167
3611 0.037992
3627 0.096611
3691 0.028610
3772 0.051970
3778 0.071773
3795 0.053770
3841 0.091890
3850 0.029212
4086 0.157111
4091 0.026696
4458 0.040205
4481 0.072927
4503 0.063910
4520 0.028110
4550 0.049736
4566 0.031864
4573 0.020949
4613 0.069541
4677 0.020790
4738 0.022054
4769 0.044409
4834 0.040720
4875 0.058583
4916 0.048863
4943 0.022054
4964 0.081439
5025 0.032385
5050 0.036438
5135 0.068618
5325 0.059629
5382 0.054952
5467 0.087101
5491 0.031195
5521 0.050345
5532 0.034171
5651 0.050657
5692 0.029037
5749 0.037268
5826 0.043562
5833 0.019224
5869 0.040546
6070 0.028610
6071 0.023861
6274 0.046244
6315 0.049149
6380 0.036304
6421 0.045506
6504 0.067184
6506 0.050038
6542 0.063910
6675 0.180301
6796 0.105334
6802 0.038749
6806 0.156621
6813 0.030297
7062 0.039743
7109 0.072927
7118 0.023546
7120 0.032070
7287 0.080318
7375 0.098696
7461 0.084522
7497 0.072608
7635 0.027154
7641 0.024911
7643 0.036304
7745 0.062124
7750 0.084522
7761 0.046244
7788 0.020423
7812 0.058083
7847 0.035907
7867 0.057599
7896 0.055365
7913 0.118195
7978 0.042366
8227 0.031458
8294 0.213887
8338 0.036710
8387 0.032923
8404 0.060345
8440 0.053394
8469 0.049736
8513 0.060744
8529 0.164287
8616 0.105334
8694 0.074166
8790 0.098696
8826 0.034143
8829 0.074935
8920 0.041986
8931 0.010260
8956 0.041614
8992 0.082288
9031 0.034053
9052 0.032491
9059 0.062687
9097 0.036171
9104 0.034408
9130 0.029566
9132 0.028192
9138 0.025959
9145 0.070693
9202 0.098696
9242 0.116150
9316 0.084522
9461 0.027785
9618 0.036987
9624 0.066144
9671 0.061331
9725 0.046736
9748 0.068723
9767 0.010922
9796 0.061331
10029 0.064622
10185 0.035907
10249 0.037127
10326 0.056385
10423 0.107693
10501 0.170007
10541 0.053394
10646 0.093472
10658 0.047766
10677 0.095284
10718 0.066144
10890 0.017926
10905 0.076961
11025 0.026250
11126 0.098696
11135 0.049736
11146 0.041799
11160 0.050038
11210 0.032705
11375 0.091455
11376 0.017881
11377 0.047243
11437 0.046736
11451 0.068107
11543 0.048582
11559 0.080318
11605 0.025392
11606 0.035907
