161

111 0.811527
166 4.129969
181 3.039414
217 0.808965
346 1.519979
429 1.608050
531 0.918840
553 0.784142
586 0.747158
630 2.214771
831 0.819306
897 0.860437
917 0.574031
1007 1.099895
1053 3.005963
1102 1.247022
1112 2.295769
1135 1.283539
1533 1.738384
1542 2.442315
1559 1.960233
1649 0.881052
1807 0.928824
1896 1.349218
1902 1.014108
1940 2.314065
1981 0.935610
1995 1.141787
2053 1.548052
2071 0.971228
2084 0.990196
2116 1.592256
2335 0.915562
2342 1.448350
2421 0.986336
2455 0.851893
2507 0.380449
2550 0.801368
2551 1.395961
2600 1.641474
2696 1.366777
2720 3.157927
2793 2.437354
2804 2.328706
2806 1.035093
3004 1.659203
3095 0.590708
3121 0.784142
3179 0.772242
3211 1.717195
3423 1.850942
3525 3.039414
3573 0.788994
3611 1.972671
3697 2.039414
3778 1.863323
3795 1.395961
3818 0.704960
3841 0.477121
3852 1.717195
3929 1.641474
4091 0.693061
4196 0.734063
4315 0.756113
4677 0.539727
4784 1.677686
4834 1.057143
4916 1.268562
5050 1.891985
5096 1.696991
5135 2.375240
5143 1.805387
5324 0.971228
5491 0.809874
5496 0.978716
5624 1.099895
5678 0.986336
5701 1.331844
5833 0.499085
5869 1.052642
5874 1.960233
5902 1.349218
5926 0.698970
5957 1.226501
6071 1.238917
6162 1.448350
6205 1.459631
6240 1.448350
6308 0.749380
6348 1.534264
6380 0.942504
6639 1.760661
6799 1.358173
7008 1.756092
7062 1.719662
7120 1.665176
7165 1.115135
7301 3.039414
7497 0.942504
7498 0.355467
7524 2.136324
7635 0.704960
7643 0.942504
7694 0.776963
7745 0.806418
7859 0.602854
7937 4.486038
7978 1.099895
7989 1.048188
8294 2.776412
8338 1.906109
8352 0.854723
8382 1.039414
8404 0.522218
8450 3.039414
8499 0.796376
8529 1.066286
8539 1.336693
8670 5.476768
8740 1.659203
8826 0.177283
8846 1.459631
8860 1.925471
8931 2.929954
8956 2.160745
9031 0.884078
9047 0.829899
9093 1.899018
9097 0.939044
9130 0.767573
9132 0.731918
9138 0.673926
9242 0.753857
9270 1.075626
9333 1.426630
9357 1.376656
9679 1.520900
9747 0.945992
9872 1.141787
9893 1.784142
10058 0.606445
10212 1.998021
10249 0.963867
10325 1.030814
10329 1.641474
10352 0.971228
10363 1.577016
10378 0.683388
10475 1.079454
10487 0.596934
10500 1.426630
10991 1.784142
11025 1.362959
11150 1.022381
11300 4.522526
11328 1.152923
11377 1.226501
11471 1.808965
11605 5.273623
11606 0.932204
11667 1.784142
