39

26 1.070931
65 1.534264
123 1.459631
553 0.784142
651 1.534264
808 1.483112
1112 0.765256
2455 0.851893
2548 1.026577
2565 1.416165
2708 1.035093
2824 1.158601
2922 1.213339
3179 0.772242
3276 2.340444
3482 0.967532
3492 0.693061
4258 1.696991
5100 0.700958
5491 0.404937
5601 2.598103
6506 1.299051
7001 1.358173
7521 1.863323
8294 0.925471
8784 0.932204
8785 0.849082
8829 0.648479
8860 1.925471
8893 1.483112
8931 0.266359
8956 1.080373
9001 2.085172
9019 2.114286
9966 1.717195
9974 1.240074
10249 0.963867
10500 1.426630
10827 1.717195
