41

213 0.840757
508 0.774596
1112 0.765256
1333 0.811527
1456 0.849082
1489 1.592256
1523 3.659611
1797 0.702954
2304 2.219990
2496 2.437354
3351 1.094931
3640 2.261263
3794 2.136324
4217 2.294639
5135 0.593810
5263 1.863323
5491 0.404937
5817 1.386202
5957 1.226501
6123 1.717195
6509 1.213339
6568 0.723444
6653 1.960233
6807 2.738384
6813 0.786561
6909 0.747158
7217 0.796376
7611 1.592256
7635 0.704960
7643 1.885008
7915 1.043779
8455 0.436270
8767 0.704960
8931 0.266359
9093 0.949509
9205 2.738384
9562 1.965019
9767 0.283539
10475 0.539727
11366 1.367316
11459 1.659203
