43

111 0.811527
429 1.608050
455 0.753857
531 0.918840
678 1.395961
960 1.066286
1132 0.632874
1314 2.085172
1609 1.115135
1721 0.747158
1904 2.085172
1940 0.578516
1981 2.806831
1995 1.141787
2156 1.624441
2543 1.141787
2550 0.801368
2824 1.158601
4537 1.109995
6421 0.590708
6806 0.677686
6934 1.448350
7131 1.448350
7404 1.125600
7497 0.942504
7745 0.806418
8338 1.906109
8352 1.709445
8499 0.796376
8826 0.177283
9093 0.949509
9132 1.463836
9242 0.753857
9321 1.998021
10326 1.463836
10423 0.698970
10487 0.596934
10509 0.704960
11025 0.681479
11245 1.784142
11376 0.464226
11606 1.864408
11667 3.568283
