74

111 0.118060
175 0.089215
320 0.126449
346 0.036854
429 0.116968
455 0.054835
485 0.086426
508 0.056344
531 0.066836
678 0.101541
695 0.129777
960 0.077561
965 0.070111
1132 0.046035
1314 0.151674
1609 0.081114
1721 0.054348
1902 0.073766
1904 0.151674
1940 0.042081
1981 0.204167
1995 0.083053
2058 0.065432
2156 0.236321
2543 0.083053
2550 0.058291
2824 0.084276
2933 0.126449
3122 0.055664
3533 0.100831
3573 0.057391
4196 0.053395
4215 0.036303
4359 0.155798
4537 0.080740
4711 0.142586
5394 0.036212
5753 0.047299
6421 0.042968
6806 0.098589
6934 0.105352
7131 0.210704
7404 0.081875
7497 0.068557
7528 0.088732
7745 0.117317
8338 0.277298
8352 0.124344
8499 0.057928
8529 0.077561
8728 0.089705
8826 0.064477
8920 0.079288
9093 0.069067
9132 0.106478
9242 0.109670
9321 0.290669
10311 0.135537
10326 0.159718
10401 0.074367
10423 0.050843
10487 0.043421
10509 0.051278
10581 0.100831
10936 0.177291
11025 0.049570
11121 0.043650
11245 0.129777
11376 0.033767
11539 0.115820
11600 0.025596
11605 0.095900
11606 0.135616
11667 0.648886
