89

103 1.219870
111 4.057637
175 1.226501
320 1.738384
346 1.519979
429 1.608050
455 0.753857
485 2.376312
508 0.774596
531 0.918840
549 2.919261
678 1.395961
695 1.784142
960 1.066286
965 1.927734
1132 0.632874
1314 2.085172
1609 1.115135
1689 2.874708
1721 1.494316
1831 0.767573
1902 1.014108
1904 4.170343
1940 0.578516
1981 2.806831
1995 2.283574
2058 1.799070
2156 3.248882
2165 0.808965
2543 1.141787
2550 0.801368
2702 1.893286
2824 1.158601
2933 1.738384
3122 0.765256
3533 1.386202
3573 0.788994
4091 0.693061
4196 0.734063
4215 0.998169
4359 2.141862
4537 1.109995
4573 0.543870
4711 1.960233
4943 0.572546
5081 1.030814
5394 0.497835
5753 0.650248
6421 0.590708
6806 1.355373
6934 1.448350
7131 2.896699
7404 1.125600
7497 0.942504
7528 1.219870
7530 0.998021
7745 2.419254
8338 4.765271
8352 2.564168
8499 0.796376
8529 2.132573
8728 1.233234
8826 1.595545
8920 2.180048
9059 1.084969
9093 0.949509
9132 1.463836
9242 1.507714
9321 3.996043
9625 1.299051
10311 1.863323
10326 2.195754
10401 3.067142
10423 0.698970
10487 1.193869
10509 0.704960
10581 1.386202
10936 2.437354
11025 0.681479
11121 0.600081
11210 1.698165
11245 1.784142
11306 0.589165
11376 0.464226
11539 1.592256
11600 0.351885
11605 1.977609
11606 2.796612
11667 14.273133
