291

26 0.049202
103 0.028023
108 0.026881
111 0.186423
123 0.033530
171 0.044232
175 0.028175
204 0.030211
217 0.037167
304 0.025382
308 0.021032
320 0.039934
346 0.058194
418 0.018942
423 0.028487
429 0.036940
455 0.034635
478 0.045030
485 0.081882
508 0.017794
531 0.021107
536 0.062429
549 0.067061
553 0.018013
596 0.031200
620 0.042804
630 0.114474
632 0.022747
678 0.032068
695 0.040985
831 0.018821
866 0.041555
895 0.019441
917 0.026373
960 0.024495
965 0.044284
1106 0.022311
1112 0.105476
1132 0.058153
1172 0.044232
1314 0.047900
1316 0.044232
1484 0.037708
1485 0.042804
1507 0.031200
1532 0.035806
1562 0.055990
1609 0.051233
1689 0.066037
1721 0.102981
1789 0.070490
1831 0.017633
1895 0.034351
1902 0.023296
1904 0.095800
1929 0.029662
1940 0.093027
1981 0.214927
1995 0.078687
2025 0.032772
2058 0.061992
2067 0.028974
2134 0.035889
2154 0.015568
2156 0.074633
2165 0.018583
2248 0.026229
2359 0.135090
2421 0.022658
2455 0.019570
2530 0.016475
2543 0.026229
2550 0.018409
2551 0.032068
2554 0.031200
2575 0.043951
2576 0.039269
2667 0.031624
2696 0.031397
2702 0.043492
2711 0.035889
2731 0.045030
2824 0.026615
2933 0.039934
2946 0.032532
3004 0.038115
3042 0.042160
3095 0.027139
3122 0.017579
3282 0.031624
3351 0.025153
3401 0.061585
3423 0.021260
3436 0.062819
3480 0.031624
3499 0.069280
3533 0.031844
3573 0.018125
3611 0.022658
3627 0.057617
3691 0.017062
3761 0.054588
3772 0.030994
3778 0.042804
3795 0.032068
3841 0.054802
3850 0.017421
4086 0.140547
4091 0.031842
4196 0.016863
4211 0.041915
4215 0.022930
4359 0.049202
4458 0.023978
4481 0.043492
4503 0.038115
4520 0.016764
4537 0.025499
4550 0.029662
4566 0.019003
4573 0.024987
4613 0.041473
4677 0.012399
4711 0.045030
4738 0.013152
4769 0.026485
4834 0.024284
4875 0.034938
4916 0.029141
4927 0.047900
4943 0.026305
4964 0.048569
5025 0.019314
5050 0.021731
5081 0.023680
5135 0.068204
5325 0.035562
5382 0.032772
5394 0.011436
5467 0.051945
5491 0.018604
5521 0.030025
5531 0.042160
5532 0.020379
5651 0.030211
5673 0.042160
5692 0.017317
5749 0.022226
5753 0.014937
5826 0.025979
5833 0.011465
5869 0.024181
6070 0.017062
6071 0.014230
6273 0.043492
6274 0.027579
6315 0.029312
6380 0.021651
6421 0.040709
6504 0.040067
6506 0.029842
6542 0.038115
6675 0.107529
6796 0.062819
6798 0.183593
6802 0.023109
6806 0.155677
6812 0.028175
6813 0.018069
6934 0.033271
7062 0.023702
7109 0.043492
7118 0.014042
7120 0.019126
7131 0.066542
7287 0.047900
7375 0.058861
7404 0.025857
7461 0.050407
7497 0.086604
7528 0.028023
7530 0.022926
7635 0.016194
7641 0.014856
7643 0.021651
7694 0.017848
7745 0.074100
7750 0.050407
7761 0.027579
7788 0.012180
7794 0.033271
7812 0.034640
7847 0.042829
7867 0.034351
7896 0.033019
7913 0.070490
7978 0.025267
8027 0.031200
8042 0.039934
8227 0.018761
8294 0.127558
8338 0.153254
8352 0.058904
8387 0.019635
8404 0.035989
8440 0.031844
8469 0.029662
8494 0.029662
8499 0.036588
8513 0.036227
8529 0.146967
8616 0.062819
8653 0.024818
8694 0.044232
8728 0.028330
8790 0.058861
8826 0.073305
8829 0.044690
8920 0.075120
8931 0.024475
8956 0.024818
8992 0.049075
9031 0.020309
9052 0.019377
9059 0.074771
9065 0.021032
9093 0.043624
9097 0.021572
9104 0.020520
9130 0.017633
9132 0.050440
9138 0.015481
9145 0.042160
9202 0.058861
9242 0.121222
9316 0.050407
9321 0.091796
9461 0.016571
9600 0.125811
9618 0.022058
9624 0.039447
9625 0.029842
9671 0.036577
9725 0.027873
9748 0.040985
9767 0.006513
9796 0.036577
9865 0.018294
10029 0.038540
10185 0.021414
10249 0.022142
10311 0.042804
10324 0.077966
10326 0.084067
10401 0.070458
10423 0.096340
10475 0.012399
10487 0.027425
10501 0.101389
10509 0.016194
10541 0.031844
10581 0.031844
10646 0.055745
10658 0.028487
10677 0.056826
10718 0.039447
10890 0.010691
10905 0.045898
10936 0.055990
11025 0.031310
11121 0.041355
11126 0.058861
11135 0.029662
11146 0.024928
11160 0.029842
11210 0.058515
11245 0.040985
11306 0.013534
11328 0.026485
11375 0.054543
11376 0.021328
11377 0.028175
11437 0.027873
11451 0.040618
11539 0.036577
11543 0.028974
11559 0.047900
11600 0.008083
11605 0.060572
11606 0.064243
11667 0.327880
