287

13 1.437354
23 1.018225
26 1.070931
71 0.878046
79 0.922143
111 4.057637
165 3.726646
166 2.753313
186 0.971228
188 1.120336
206 1.863323
217 0.808965
282 1.395961
313 1.448350
346 1.013319
423 2.480147
429 1.608050
447 6.034526
455 1.507714
483 3.762253
485 4.752623
531 0.918840
553 1.568283
586 0.747158
625 1.925471
630 3.875849
639 1.960233
665 1.265748
678 1.395961
747 2.437354
822 1.495346
873 1.784142
917 2.296125
960 1.066286
1007 3.299685
1106 1.942457
1112 1.530513
1132 5.695865
1135 1.283539
1157 1.315138
1197 1.495346
1314 2.085172
1462 1.717195
1499 2.105285
1532 1.558685
1542 0.814105
1609 1.115135
1649 0.881052
1721 0.747158
1723 1.386202
1796 1.459631
1807 1.857649
1859 0.606445
1896 1.349218
1904 2.085172
1940 4.049614
1981 1.871221
1994 1.090024
1995 1.141787
2029 2.340444
2058 1.799070
2064 1.206905
2112 1.760661
2115 0.922143
2141 1.376656
2154 1.355373
2156 1.624441
2259 0.426630
2319 1.416165
2335 0.915562
2339 1.147320
2342 1.448350
2507 0.380449
2518 2.473711
2520 1.835294
2530 0.717195
2543 1.141787
2550 0.801368
2674 2.085172
2696 0.683388
2708 1.035093
2711 1.562293
2718 1.275986
2762 0.470040
2806 3.105278
2881 1.624441
2902 2.261263
2950 2.791923
3014 0.990196
3121 0.784142
3122 0.765256
3136 4.312062
3185 3.248882
3186 1.548052
3193 1.659203
3211 1.717195
3236 0.974956
3351 1.094931
3385 1.784142
3432 1.471212
3492 1.386122
3521 1.254084
3535 1.005990
3573 2.366982
3611 2.959007
3681 1.158601
3841 0.477121
3850 0.758381
3852 1.717195
3929 4.924422
4071 1.018225
4157 1.808965
4215 0.499085
4315 0.756113
4389 11.306314
4458 1.043779
4518 2.738384
4537 1.109995
4566 2.481680
4610 1.315138
4677 1.079454
4834 2.114286
5012 1.654453
5025 0.840757
5112 0.960233
5129 2.738384
5135 2.969050
5141 1.624441
5143 0.902694
5168 1.213339
5289 1.960233
5366 2.085172
5384 2.085172
5395 1.035093
5457 1.448350
5485 1.548052
5491 1.214811
5532 0.887126
5624 3.299685
5652 2.261263
5692 0.753857
5713 2.261263
5732 0.786561
5734 0.562293
5740 1.268562
5790 1.960233
5926 0.698970
5957 1.226501
6000 2.738384
6071 1.238917
6106 1.608050
6112 1.003190
6207 2.261263
6308 0.749380
6315 1.275986
6317 1.405909
6345 1.808965
6348 1.534264
6418 1.459631
6421 0.590708
6445 1.483112
6504 1.744194
6652 1.717195
6806 0.677686
6813 0.786561
6838 1.120336
6874 1.000676
6878 1.275986
6934 1.448350
6960 1.213339
7061 0.478313
7062 3.439324
7099 2.437354
7111 0.499085
7118 0.611279
7131 1.448350
7150 0.978716
7154 1.376656
7165 2.230270
7198 2.136324
7288 1.738384
7297 1.534264
7404 1.125600
7497 0.942504
7498 0.355467
7704 1.426157
7738 1.066286
7745 0.806418
7760 1.999506
7837 1.659203
7859 0.602854
7867 1.495346
7873 1.717195
7913 1.534264
7989 1.048188
7991 3.124586
8010 1.507935
8016 0.939044
8083 2.133104
8126 1.659203
8188 2.562293
8237 1.170182
8295 1.358173
8298 1.998021
8338 2.859163
8352 1.709445
8499 3.981880
8539 1.336693
8600 2.562293
8684 1.268562
8740 3.318406
8819 1.299051
8826 3.191089
8829 1.296958
8846 5.838522
8912 1.893286
8920 5.450121
8931 0.266359
8956 1.080373
9019 1.057143
9031 2.652234
9059 1.084969
9062 1.075626
9065 0.915562
9093 0.949509
9095 1.194316
9132 2.195754
9142 1.520900
9242 2.261570
9264 1.315138
9321 1.998021
9452 1.459631
9461 2.164052
9538 1.052642
9562 0.982509
9602 3.154032
9632 1.395961
9667 1.158601
9672 1.893286
9770 2.044762
9774 0.956629
9822 2.738384
10009 1.784142
10017 0.928824
10036 0.736218
10058 0.606445
10092 1.774252
10177 10.249171
10195 0.846290
10212 1.998021
10222 1.471212
10249 0.963867
10251 1.182082
10326 1.463836
10423 4.193820
10487 2.387737
10491 1.147320
10509 2.114881
10541 2.772403
10543 1.960233
10552 3.850942
10619 0.528869
10624 4.170343
11025 1.362959
11096 1.376656
11135 1.291226
11139 2.853261
11245 1.784142
11320 1.001988
11328 2.305847
11332 0.715132
11335 1.043779
11340 0.986336
11364 1.437354
11375 2.374323
11376 0.464226
11387 4.388632
11397 0.974956
11438 2.194316
11471 1.808965
11480 1.760661
11523 0.538355
11558 1.659203
11605 0.659203
11606 14.915266
11613 2.039414
11667 3.568283
