246

26 1.070931
103 1.219870
111 6.492219
123 1.459631
171 1.925471
175 1.226501
204 1.315138
304 1.104916
308 0.915562
320 1.738384
346 1.519979
404 0.545260
418 0.824570
423 1.240074
429 1.608050
455 2.261570
485 2.376312
508 0.774596
531 0.918840
536 2.717626
549 4.378892
552 1.001988
596 1.358173
620 3.726646
630 3.322156
632 0.990196
637 1.275986
678 1.395961
695 1.784142
895 0.846290
917 0.574031
960 1.066286
965 1.927734
1106 0.971228
1112 0.765256
1132 2.531496
1172 1.925471
1314 2.085172
1316 1.925471
1484 1.641474
1485 1.863323
1507 1.358173
1532 0.779343
1609 2.230270
1689 2.874708
1721 4.482948
1789 3.068528
1831 0.767573
1902 1.014108
1904 4.170343
1929 1.291226
1940 4.049614
1981 9.356104
1995 3.425361
2058 2.698605
2064 1.206905
2067 1.261263
2134 1.562293
2154 0.677686
2156 3.248882
2165 0.808965
2359 5.880699
2543 1.141787
2550 0.801368
2551 1.395961
2554 1.358173
2575 1.913257
2576 1.709445
2667 1.376656
2696 1.366777
2702 1.893286
2711 1.562293
2933 1.738384
2946 1.416165
3042 1.835294
3095 1.181416
3122 0.765256
3282 1.376656
3401 2.680888
3415 1.386202
3423 0.925471
3436 2.734633
3480 1.376656
3499 1.507935
3509 1.520900
3533 1.386202
3573 0.788994
3627 2.508169
3761 2.376312
3778 1.863323
3841 1.431364
3850 0.758381
4086 6.118242
4091 2.079183
4196 0.734063
4211 1.824619
4215 0.998169
4359 3.212794
4458 1.043779
4481 1.893286
4503 1.659203
4520 0.729784
4537 1.109995
4550 1.291226
4573 1.631609
4613 1.805387
4711 1.960233
4769 1.152923
4875 1.520900
4916 1.268562
4927 2.085172
4943 1.145093
4964 1.057143
5025 0.840757
5081 1.030814
5135 2.375240
5143 0.902694
5234 1.835294
5325 1.548052
5394 0.497835
5491 0.809874
5531 1.835294
5532 0.887126
5651 1.315138
5673 1.835294
5692 0.753857
5743 0.749380
5749 0.967532
5753 0.650248
5826 1.130929
5833 0.499085
6070 0.742749
6273 1.893286
6274 1.200565
6380 0.942504
6421 1.181416
6506 1.299051
6542 1.659203
6796 2.734633
6798 7.992086
6802 1.005990
6806 4.066118
6812 1.226501
6874 0.500338
6934 1.448350
7062 0.687865
7118 0.611279
7120 0.832588
7131 2.896699
7375 2.562293
7404 1.125600
7461 2.194316
7497 2.827512
7528 2.439740
7530 0.998021
7635 1.409921
7641 0.646717
7694 0.776963
7704 0.713078
7745 3.225672
7761 1.200565
7788 0.530212
7794 1.448350
7812 1.507935
7847 1.864408
7896 1.437354
7913 1.534264
7971 3.041800
7978 1.099895
8027 1.358173
8338 6.671380
8352 1.709445
8404 0.522218
8427 2.039414
8440 1.386202
8469 1.291226
8494 1.291226
8499 1.592752
8529 6.397718
8616 1.367316
8653 1.080373
8728 1.233234
8826 2.836524
8829 1.296958
8920 2.180048
8931 1.065438
9031 0.884078
9052 0.843514
9059 3.254907
9062 1.075626
9065 0.915562
9093 1.899018
9097 0.939044
9130 0.767573
9132 1.463836
9138 0.673926
9145 1.835294
9242 4.523141
9316 2.194316
9321 3.996043
9461 0.721351
9600 5.476768
9618 0.960233
9625 1.299051
9725 1.213339
9748 1.784142
9767 0.567079
9865 0.796376
10029 1.677686
10092 0.887126
10311 1.863323
10324 3.393983
10326 2.927672
10401 3.067142
10423 2.795880
10475 0.539727
10487 1.193869
10501 2.942425
10509 0.704960
10541 1.386202
10581 1.386202
10591 1.200565
10646 1.213339
10890 0.930766
10905 1.998021
10936 2.437354
11025 1.362959
11121 1.800244
11135 1.291226
11146 1.085172
11160 1.299051
11210 2.547247
11306 0.589165
11328 1.152923
11332 0.715132
11375 0.791441
11376 0.464226
11437 1.213339
11451 1.768156
11539 1.592256
11559 2.085172
11600 0.351885
11605 3.296014
11606 3.728817
11613 2.039414
11667 12.488991
