106

103 1.219870
111 0.811527
206 1.863323
268 1.247022
346 2.026639
429 1.608050
596 1.358173
630 2.214771
665 0.632874
965 0.963867
1007 2.199790
1132 0.632874
1462 1.717195
1489 1.592256
1609 1.115135
1940 3.471098
2058 1.799070
2115 0.922143
2212 1.925471
2259 0.426630
2550 0.801368
2576 1.709445
2651 0.784142
2708 1.035093
3186 1.548052
3700 1.283539
4091 0.693061
4196 0.734063
4614 1.426630
4623 1.534264
4728 2.738384
4916 1.268562
4938 1.367316
4954 1.416165
5135 0.593810
5176 1.437354
5297 1.331844
5491 0.404937
5529 0.646717
5532 0.887126
5624 2.199790
5689 0.838017
5693 1.261263
5701 1.331844
5714 1.426630
5833 0.998169
6071 0.619458
6162 1.448350
6380 0.942504
6406 1.893286
6418 1.459631
6421 0.590708
6806 0.677686
6812 1.226501
6828 0.717195
6864 0.872539
6954 3.039414
7062 0.687865
7111 0.998169
7165 1.115135
7497 0.942504
7509 1.893286
8294 0.925471
8338 0.953054
8387 0.854723
8404 0.522218
8455 0.436270
8529 1.066286
8600 2.562293
8826 0.177283
8829 0.648479
8931 0.266359
9059 0.542484
9065 0.915562
9242 0.753857
9333 1.426630
9498 2.562293
9579 1.315138
9625 2.598103
9767 0.567079
9823 3.039414
10009 1.784142
10177 2.562293
10224 1.738384
10228 1.213339
10325 2.061628
10326 2.927672
10352 0.971228
10401 5.111904
10403 1.376656
10433 1.052642
10507 3.067142
11025 0.681479
11121 0.600081
11153 1.437354
11306 0.589165
11320 1.001988
11328 3.458770
11376 0.464226
11396 0.942504
11445 3.476768
11532 0.652024
11568 1.349218
11600 0.351885
11605 3.955217
11667 1.784142
