120

139 1.219870
188 1.120336
191 1.659203
373 1.459631
483 1.254084
553 0.784142
594 1.784142
665 1.265748
897 0.860437
917 1.148063
1106 0.971228
1132 2.531496
1186 2.738384
1197 1.495346
1340 4.874708
1499 3.157927
1542 0.814105
1631 2.039414
1689 1.437354
1831 0.767573
1880 1.395961
2029 2.340444
2053 1.548052
2168 1.835294
2259 0.426630
2339 1.147320
2421 0.986336
2631 2.340444
2675 2.136324
2768 1.010030
2806 2.070185
2843 1.471212
2844 1.960233
2950 1.395961
3423 0.925471
3437 1.437354
3470 1.784142
3492 5.544489
3535 1.005990
3557 2.039414
3611 7.890685
3621 0.899535
3626 0.967532
3929 1.641474
4195 1.170182
4196 0.734063
4458 1.043779
4738 1.717639
4834 1.057143
5135 2.375240
5177 1.182082
5529 0.646717
5610 2.136324
5675 2.562293
5693 1.261263
5701 1.331844
5713 2.261263
5885 0.706976
5900 1.039414
5902 1.349218
5957 1.226501
6220 1.416165
6273 1.893286
6317 1.405909
6553 3.039414
6812 2.453002
6814 1.219870
6838 1.120336
6874 0.500338
6980 1.194316
7051 2.562293
7062 0.687865
7111 0.499085
7120 0.832588
7143 0.922143
7374 1.358173
7389 1.426630
7410 2.085172
7530 0.998021
7549 2.919261
7641 0.646717
7650 3.154032
7704 2.139235
7760 0.666502
7788 1.590635
7859 0.904280
7906 2.085172
7991 1.562293
8390 2.261263
8455 0.436270
8684 1.268562
8740 1.659203
8930 1.048188
8931 1.065438
9047 0.829899
9184 1.608050
9279 1.367316
9767 0.283539
10015 1.066286
10054 1.960233
10078 2.437354
10325 1.030814
10352 0.971228
10363 1.577016
10401 1.022381
10487 0.596934
10552 3.850942
10619 0.528869
10624 2.085172
10701 0.786561
10890 0.465383
11121 1.200163
11332 0.715132
11376 0.464226
11387 2.194316
11451 1.768156
11523 1.615065
11534 1.696991
11605 2.636812
11606 1.864408
