108

7 2.698436
45 1.405946
99 1.090024
103 1.219870
111 3.246110
225 3.039414
346 0.506660
404 0.545260
452 1.784142
475 1.349218
586 0.747158
630 1.107385
898 1.548052
965 2.891601
1065 2.136324
1106 0.971228
1112 0.765256
1314 2.085172
1462 1.717195
1489 1.592256
1831 0.767573
1940 1.735549
2058 1.799070
2165 0.808965
2259 0.426630
2319 1.416165
2421 0.986336
2550 1.602736
2551 1.395961
2762 0.470040
2763 1.512226
2922 1.213339
2983 1.367316
3573 0.788994
4091 2.079183
4215 0.998169
4329 3.039414
4359 1.070931
4458 1.043779
4520 0.729784
4537 2.219990
4623 1.534264
4677 0.539727
4904 1.471212
4916 1.268562
5060 1.835294
5203 3.039414
5320 1.818161
5900 1.039414
6162 1.448350
6346 1.395961
6788 3.039414
6806 0.677686
6874 0.500338
6934 1.448350
7118 0.611279
7404 1.125600
7497 0.942504
7528 1.219870
7673 1.760661
7745 2.419254
7915 1.043779
8042 1.738384
8083 0.711035
8245 1.039414
8338 1.906109
8382 2.078828
8383 1.426630
8419 1.141787
8463 0.960233
8621 3.850618
8729 1.738384
8820 2.738384
8826 0.177283
8829 1.296958
8931 0.266359
9019 1.057143
9093 2.848527
9099 1.315138
9104 0.893286
9242 1.507714
9461 0.721351
9466 2.738384
9538 1.052642
9625 1.299051
9811 0.909080
9865 0.796376
10009 1.784142
10067 1.018225
10216 2.738384
10326 2.195754
10378 1.366777
10401 3.067142
10475 1.619181
10500 1.426630
10509 0.704960
10651 1.233234
10958 2.085172
11025 1.362959
11203 1.641474
11306 1.767495
11328 1.152923
11393 2.738384
11401 4.078828
11505 1.426630
11597 3.039414
11605 2.636812
11667 3.568283
