282

13 0.038117
23 0.027002
71 0.023285
79 0.024454
111 0.107603
165 0.049413
166 0.182535
188 0.029710
206 0.049413
282 0.037019
318 0.021866
320 0.046099
418 0.021866
423 0.032885
429 0.042643
447 0.192032
455 0.019991
456 0.058190
483 0.133026
485 0.063016
508 0.020541
553 0.041589
586 0.039627
625 0.051061
630 0.088099
665 0.033566
863 0.058190
873 0.094626
878 0.059965
917 0.060890
965 0.025560
1007 0.145838
1044 0.034241
1053 0.026571
1106 0.077267
1112 0.040587
1132 0.083915
1135 0.034038
1157 0.034876
1197 0.118963
1266 0.080601
1361 0.080601
1499 0.083744
1532 0.041334
1605 0.023689
1636 0.029572
1649 0.023364
1796 0.038707
1807 0.024631
1872 0.016919
1887 0.042643
1896 0.035779
1919 0.058190
1940 0.092049
1965 0.051061
1981 0.024811
1995 0.030279
2058 0.023854
2071 0.025756
2115 0.024454
2141 0.036507
2156 0.043078
2165 0.021453
2259 0.011314
2319 0.037555
2339 0.030425
2507 0.020178
2708 0.054898
2711 0.041430
2762 0.024930
2806 0.027449
2851 0.031032
2902 0.059965
2950 0.074038
3038 0.044000
3121 0.041589
3136 0.038117
3185 0.043078
3186 0.082104
3236 0.051709
3385 0.047313
3432 0.039014
3464 0.037832
3492 0.036758
3573 0.020923
3611 0.026156
3681 0.030724
3691 0.019697
3783 0.039014
3795 0.037019
3807 0.036760
3850 0.020111
3929 0.087059
4071 0.054004
4157 0.047971
4215 0.013235
4315 0.020051
4359 0.028400
4389 0.179896
4421 0.055296
4451 0.023285
4518 0.072618
4537 0.029435
4566 0.021937
4610 0.034876
4677 0.057251
4738 0.015183
4832 0.041052
4834 0.028034
4904 0.039014
4943 0.015183
4964 0.028034
5025 0.022296
5112 0.025464
5135 0.062988
5143 0.023938
5168 0.032176
5294 0.046099
5394 0.026404
5457 0.038408
5468 0.031672
5485 0.041052
5491 0.032215
5521 0.034660
5532 0.023525
5624 0.145838
5652 0.059965
5689 0.022223
5692 0.019991
5713 0.059965
5732 0.020858
5734 0.014911
5753 0.017244
5885 0.056244
5957 0.032525
6000 0.072618
6106 0.042643
6112 0.026603
6207 0.059965
6215 0.040332
6220 0.037555
6291 0.042770
6308 0.019872
6317 0.037283
6345 0.047971
6348 0.040687
6380 0.024994
6418 0.077415
6421 0.046994
6423 0.072618
6627 0.030279
6657 0.039014
6714 0.080601
6806 0.035943
6813 0.020858
6814 0.032349
6816 0.025954
6838 0.059419
6839 0.034660
6874 0.013268
6878 0.033837
7044 0.050207
7061 0.025368
7062 0.091206
7099 0.064635
7111 0.013235
7150 0.025954
7154 0.036507
7165 0.029572
7217 0.021119
7254 0.056652
7288 0.046099
7297 0.040687
7308 0.041430
7325 0.036507
7387 0.066894
7389 0.037832
7497 0.024994
7498 0.009426
7528 0.032349
7635 0.018695
7694 0.020604
7704 0.037820
7745 0.021385
7760 0.035349
7859 0.007993
7989 0.027796
8010 0.039988
8083 0.056567
8188 0.067948
8237 0.031032
8294 0.024542
8298 0.052985
8338 0.075821
8352 0.067998
8396 0.042643
8410 0.034660
8431 0.051983
8499 0.021119
8529 0.028276
8539 0.070894
8600 0.067948
8728 0.032704
8821 0.037555
8826 0.075221
8829 0.034393
8846 0.154829
8851 0.072618
8906 0.080601
8912 0.050207
8920 0.086718
8931 0.014127
8956 0.028650
9019 0.056068
9031 0.023444
9047 0.044015
9059 0.043158
9065 0.048559
9070 0.072618
9093 0.025180
9097 0.024902
9104 0.023689
9110 0.033069
9132 0.019409
9142 0.040332
9242 0.019991
9264 0.034876
9351 0.036259
9461 0.095646
9568 0.028276
9602 0.083640
9618 0.025464
9632 0.037019
9767 0.015038
9770 0.027112
9774 0.025368
9863 0.032349
9872 0.030279
10017 0.024631
10092 0.023525
10177 0.203845
10194 0.098825
10195 0.022442
10212 0.052985
10222 0.039014
10249 0.025560
10295 0.067948
10326 0.019409
10382 0.067948
10423 0.148286
10487 0.047490
10509 0.037389
10541 0.036760
10543 0.051983
10552 0.102121
10558 0.036760
10581 0.036760
10624 0.055296
10646 0.032176
10862 0.064635
10890 0.024683
11025 0.036144
11096 0.036507
11139 0.037832
11298 0.031347
11328 0.030574
11335 0.055359
11364 0.076233
11375 0.020988
11387 0.058190
11397 0.025854
11423 0.021658
11471 0.047971
11480 0.046690
11523 0.014276
11532 0.017291
11551 0.047971
11592 0.045538
11605 0.034962
11606 0.296649
11613 0.054082
11667 0.047313
