240

26 0.032832
65 0.047036
71 0.053836
139 0.037398
157 0.041637
194 0.022179
270 0.062522
272 0.127850
346 0.015533
373 0.089496
512 0.042497
532 0.083951
539 0.078552
632 0.030356
665 0.038804
678 0.042796
689 0.038890
808 0.045468
873 0.054696
897 0.026378
917 0.035196
965 0.029549
1005 0.093179
1106 0.059550
1112 0.164223
1322 0.093179
1484 0.050323
1495 0.197192
1542 0.024958
1611 0.050866
1649 0.027010
1666 0.023111
1687 0.065493
1688 0.065493
1820 0.048347
1871 0.093179
1881 0.052644
1886 0.057124
1954 0.067271
1956 0.053294
1981 0.057366
1991 0.065378
2010 0.089496
2067 0.038666
2154 0.020776
2166 0.092457
2230 0.043736
2244 0.043102
2259 0.013079
2290 0.047036
2335 0.056137
2337 0.071751
2431 0.063925
2473 0.031472
2507 0.011663
2530 0.021987
2548 0.031472
2653 0.092457
2762 0.014410
2763 0.023180
2817 0.050866
2824 0.035519
2922 0.037197
2954 0.057366
2996 0.041094
3033 0.093179
3095 0.018109
3171 0.045103
3243 0.030718
3407 0.093179
3415 0.042497
3423 0.028372
3459 0.052025
3480 0.042204
3492 0.042494
3567 0.087193
3718 0.093179
3761 0.145701
3780 0.090935
3818 0.021612
3841 0.014627
3867 0.071751
3970 0.093179
4005 0.100702
4071 0.031216
4075 0.062522
4152 0.372717
4196 0.090017
4215 0.045901
4266 0.064542
4289 0.062522
4343 0.056265
4360 0.186358
4451 0.026918
4520 0.022373
4566 0.025360
4610 0.080636
4734 0.018991
4764 0.106035
4830 0.043736
4843 0.049298
4859 0.048814
4916 0.038890
4933 0.078552
5042 0.047895
5086 0.046626
5133 0.046229
5135 0.054613
5189 0.093179
5307 0.031602
5394 0.076311
5491 0.024828
5529 0.039653
5532 0.027197
5601 0.358425
5732 0.024114
5749 0.059323
5755 0.074722
5817 0.042497
5833 0.015300
5857 0.034346
5885 0.021674
5926 0.021428
6035 0.059029
6060 0.059550
6071 0.056972
6106 0.098596
6112 0.030755
6211 0.037601
6227 0.035519
6277 0.062522
6421 0.072437
6488 0.157104
6505 0.040572
6570 0.030596
6587 0.038185
6627 0.105011
6802 0.030841
6806 0.020776
6823 0.047895
6828 0.021987
6846 0.125045
6874 0.015339
7001 0.083275
7062 0.010544
7107 0.074722
7118 0.018740
7120 0.102099
7143 0.028270
7162 0.055457
7305 0.051433
7411 0.027385
7472 0.279538
7498 0.021795
7587 0.047895
7694 0.023819
7709 0.020834
7788 0.016255
7859 0.009241
7872 0.043415
7884 0.058042
7911 0.038017
7946 0.094415
8003 0.074722
8007 0.051382
8048 0.036425
8227 0.025037
8237 0.035874
8240 0.047036
8245 0.031865
8271 0.028372
8294 0.113489
8404 0.032019
8411 0.083951
8455 0.013375
8474 0.060242
8494 0.039585
8537 0.050323
8622 0.059029
8685 0.049800
8784 0.114314
8785 0.156182
8821 0.043415
8826 0.005435
8829 0.039761
8924 0.037197
8931 0.106155
9008 0.059029
9019 0.097226
9020 0.065493
9026 0.125045
9041 0.074722
9047 0.025442
9049 0.074722
9051 0.034507
9059 0.016631
9176 0.078552
9205 0.083951
9306 0.049298
9351 0.041918
9374 0.071751
9389 0.062522
9480 0.049800
9538 0.032271
9587 0.039585
9635 0.047459
9688 0.040318
9747 0.029001
9871 0.037197
9907 0.046626
9966 0.157932
9974 0.342152
10006 0.053294
10026 0.083951
10039 0.067271
10085 0.031865
10279 0.030841
10363 0.145040
10378 0.041901
10381 0.093179
10509 0.021612
10521 0.075614
10558 0.127490
10561 0.166550
10619 0.016214
10669 0.210576
10672 0.061253
10867 0.055457
10889 0.078552
11014 0.186358
11121 0.036793
11135 0.079170
11139 0.043736
11228 0.035004
11306 0.018062
11340 0.030238
11376 0.014232
11473 0.078552
11523 0.033009
11532 0.059967
