193

13 1.437354
111 1.623055
123 1.459631
194 0.723444
282 1.395961
308 0.915562
429 1.608050
447 2.413810
458 0.747158
483 1.254084
531 1.837680
536 0.905875
586 0.747158
630 1.661078
665 0.632874
678 1.395961
831 0.819306
873 1.784142
895 0.846290
917 1.722094
960 2.132573
1102 1.247022
1106 0.971228
1132 2.531496
1135 2.567079
1314 2.085172
1333 0.811527
1506 1.115135
1542 0.814105
1573 1.784142
1609 1.115135
1666 0.753857
1789 1.534264
1816 2.853261
1831 0.767573
1833 2.437354
1874 1.577016
1904 2.085172
1940 2.314065
1981 0.935610
1995 1.141787
2000 0.986336
2029 2.340444
2031 2.437354
2053 1.548052
2064 1.206905
2156 1.624441
2205 1.507935
2339 1.147320
2359 1.960233
2507 0.380449
2543 1.141787
2550 0.801368
2675 4.272648
2806 2.070185
2946 1.416165
2950 4.187884
3034 1.358173
3095 0.590708
3122 0.765256
3136 1.437354
3289 1.340444
3351 1.094931
3423 0.925471
3436 1.367316
3492 0.693061
3521 1.254084
3535 3.017971
3611 2.959007
3626 0.967532
3850 0.758381
3926 2.959007
3929 1.641474
4085 3.039414
4091 1.386122
4157 1.808965
4196 0.734063
4315 0.756113
4317 1.254084
4481 1.893286
4537 1.109995
4677 1.079454
4708 0.689166
4808 9.118242
4834 1.057143
4964 1.057143
5112 0.960233
5135 5.938099
5384 2.085172
5434 5.124586
5485 1.548052
5529 0.646717
5532 0.887126
5693 1.261263
5732 0.786561
5857 1.120336
5867 1.808965
5902 1.349218
5957 1.226501
6071 0.619458
6205 1.459631
6291 0.806418
6317 0.702954
6348 1.534264
6506 1.299051
6688 2.085172
6792 0.519586
6806 0.677686
6874 0.500338
6934 1.448350
7051 2.562293
7062 1.031797
7120 0.832588
7131 1.448350
7154 2.753313
7389 1.426630
7394 1.426630
7404 1.125600
7497 1.885008
7530 0.998021
7641 0.646717
7668 1.641474
7704 0.713078
7707 1.066286
7745 0.806418
7859 1.507134
7913 1.534264
7937 1.495346
7991 3.124586
8083 0.711035
8188 2.562293
8295 1.358173
8338 1.906109
8352 1.709445
8390 2.261263
8417 1.835294
8499 0.796376
8529 2.132573
8684 1.268562
8767 0.704960
8826 0.886414
8846 1.459631
8852 3.039414
8912 1.893286
8931 0.532719
8956 1.080373
9030 3.039414
9031 0.884078
9059 1.627453
9065 0.915562
9093 1.899018
9132 2.195754
9242 0.753857
9381 1.125600
9390 1.998021
9568 1.066286
9618 0.960233
9632 1.395961
9729 1.349218
9915 2.194316
10015 1.066286
10017 1.857649
10058 0.606445
10082 1.254084
10092 0.887126
10212 1.998021
10276 0.808965
10326 0.731918
10475 3.778089
10487 1.193869
10509 0.704960
10541 1.386202
10589 1.315138
10623 2.039414
10701 0.786561
11025 1.362959
11096 1.376656
11121 1.200163
11162 1.254084
11210 0.849082
11306 1.178330
11364 1.437354
11376 0.928453
11451 0.884078
11471 1.808965
11523 0.538355
11530 2.562293
11532 1.956073
11558 1.659203
11605 3.296014
11606 7.457633
11609 1.213339
11667 3.568283
