234

13 0.042459
26 0.031635
34 0.089784
36 0.039093
45 0.041531
65 0.045322
74 0.083524
111 0.047945
112 0.064820
166 0.081332
175 0.036231
282 0.041236
346 0.089800
380 0.048489
418 0.024358
458 0.022071
475 0.079711
483 0.037045
485 0.070196
508 0.045763
536 0.026759
556 0.060244
594 0.052703
629 0.055042
630 0.098136
764 0.046585
831 0.024202
863 0.129639
873 0.052703
898 0.045729
917 0.016957
1007 0.064981
1053 0.029599
1106 0.114760
1112 0.045211
1132 0.074780
1157 0.077698
1197 0.132517
1364 0.044927
1384 0.052010
1499 0.093285
1532 0.023022
1559 0.057905
1666 0.022269
1797 0.020765
1872 0.018847
1934 0.075690
1940 0.136714
1947 0.032639
2052 0.040390
2064 0.035652
2137 0.051352
2173 0.075690
2278 0.036035
2294 0.052010
2366 0.050726
2372 0.054214
2455 0.125824
2551 0.041236
2565 0.041833
2684 0.066797
2696 0.040374
2697 0.047502
2718 0.037692
2720 0.031095
2722 0.055042
2762 0.027770
2763 0.022335
2804 0.034395
2806 0.030576
2817 0.049013
2886 0.046585
2922 0.035842
2950 0.123709
3050 0.049013
3121 0.023163
3122 0.022606
3136 0.042459
3236 0.028800
3289 0.039596
3316 0.036430
3423 0.027338
3464 0.042142
3489 0.041531
3492 0.061419
3562 0.046150
3567 0.021004
3611 0.058272
3627 0.037045
3694 0.036632
3695 0.041531
3741 0.061596
3841 0.014094
3929 0.339422
4041 0.054214
4063 0.032344
4071 0.060156
4091 0.020473
4157 0.053436
4195 0.034567
4196 0.021684
4267 0.046585
4315 0.022335
4359 0.031635
4389 0.133595
4416 0.052703
4458 0.061666
4610 0.038849
4677 0.015943
4738 0.067652
4834 0.062456
4901 0.026665
5023 0.031635
5042 0.092300
5050 0.027944
5053 0.031914
5084 0.046585
5112 0.028365
5135 0.087705
5168 0.035842
5491 0.011962
5496 0.028911
5624 0.064981
5678 0.029136
5701 0.078685
5732 0.046470
5734 0.016610
5743 0.022137
5749 0.057161
5814 0.052010
5833 0.014743
5857 0.033095
5869 0.031095
5885 0.020884
5926 0.020647
5957 0.036231
6317 0.020765
6345 0.106873
6348 0.045322
6415 0.054875
6504 0.025762
6505 0.078187
6616 0.026572
6639 0.052010
6649 0.043459
6806 0.080075
6813 0.023235
6874 0.014780
6966 0.060244
7047 0.035842
7062 0.081278
7143 0.027240
7154 0.081332
7165 0.032941
7295 0.060244
7404 0.033250
7584 0.048489
7585 0.066797
7635 0.020824
7655 0.027240
7704 0.042128
7745 0.023821
7760 0.039377
7801 0.047035
7847 0.027537
7859 0.017808
7989 0.030963
8159 0.061596
8227 0.024125
8294 0.027338
8332 0.043811
8352 0.075745
8353 0.045729
8455 0.012887
8512 0.025849
8539 0.019743
8819 0.038374
8826 0.078553
8829 0.076624
8846 0.129352
8920 0.096597
8930 0.030963
8931 0.015736
8956 0.031914
9031 0.052231
9107 0.076285
9132 0.021621
9144 0.027338
9184 0.047502
9242 0.066806
9255 0.041531
9351 0.040390
9387 0.052010
9461 0.042617
9554 0.063107
9574 0.050129
9602 0.046585
9605 0.052010
9632 0.041236
9871 0.035842
9890 0.066797
9936 0.047502
10015 0.031498
10017 0.027437
10092 0.052411
10212 0.059021
10255 0.055042
10276 0.023897
10305 0.042784
10326 0.021621
10423 0.082590
10469 0.064820
10487 0.035267
10501 0.043459
10509 0.020824
10521 0.036430
10564 0.113756
10905 0.059021
11121 0.035453
11210 0.050163
11332 0.021125
11335 0.030833
11341 0.080891
11375 0.023379
11376 0.013713
11437 0.035842
11471 0.053436
11501 0.037045
11505 0.042142
11523 0.031806
11547 0.030704
11605 0.019473
11606 0.302908
11613 0.060244
