227

85 1.299051
98 1.066286
111 8.115274
122 1.957433
186 1.942457
188 1.120336
194 0.723444
243 2.340444
346 3.546618
373 1.459631
404 2.181038
418 1.649141
429 1.608050
455 0.753857
458 0.747158
483 1.254084
531 0.918840
553 0.784142
596 1.358173
599 1.158601
630 1.661078
651 1.534264
665 0.632874
725 2.437354
733 1.784142
831 0.819306
895 0.846290
1106 3.884913
1157 2.630276
1258 1.240074
1609 1.115135
1633 1.299051
1649 0.881052
1666 0.753857
1689 2.874708
1902 2.028217
1940 2.892581
1981 2.806831
1989 1.459631
1995 2.283574
2005 4.634402
2008 1.548052
2058 0.899535
2062 1.331844
2115 0.922143
2156 4.873322
2157 2.437354
2165 0.808965
2342 1.448350
2359 1.960233
2532 1.226501
2550 1.602736
2554 1.358173
2564 2.136324
2575 0.956629
2576 4.273613
2653 1.507935
2680 1.507935
2682 1.863323
2696 0.683388
2708 1.035093
2762 0.940080
2768 1.010030
2801 1.200565
2806 1.035093
2834 1.960233
2927 1.624441
2946 1.416165
3014 0.990196
3236 1.949912
3264 1.340444
3287 1.641474
3296 2.340444
3313 1.507935
3316 1.233234
3492 0.693061
3499 3.015870
3500 1.608050
3533 1.386202
3611 0.986336
3615 2.437354
3735 1.483112
3790 1.960233
3806 2.791923
3823 1.268562
3841 0.477121
3850 0.758381
3929 1.641474
3971 2.874708
4086 2.039414
4148 1.957433
4196 0.734063
4315 0.756113
4359 1.070931
4458 3.131337
4481 1.893286
4520 0.729784
4537 1.109995
4573 0.543870
4796 1.182082
4834 1.057143
4841 1.696991
4964 1.057143
5004 4.078828
5060 1.835294
5081 1.030814
5133 1.507935
5135 2.969050
5143 0.902694
5262 2.437354
5320 0.909080
5394 0.995670
5453 1.696991
5521 1.307020
5529 0.646717
5532 0.887126
5620 1.376656
5651 1.315138
5673 3.670588
5732 0.786561
5749 0.967532
5797 1.066286
5833 0.499085
5880 0.835294
5900 2.078828
5902 1.349218
5914 3.920466
5957 1.226501
6063 1.808965
6071 0.619458
6097 1.094931
6112 0.501595
6124 3.039414
6129 1.960233
6144 1.268562
6421 0.590708
6601 1.495346
6806 1.355373
6828 1.434390
6837 2.480147
7047 1.213339
7062 3.783257
7120 0.832588
7124 1.562293
7234 4.522526
7297 1.534264
7340 1.835294
7416 1.925471
7497 3.770016
7498 0.355467
7509 1.893286
7515 1.405946
7528 1.219870
7635 0.704960
7641 0.646717
7694 0.776963
7743 3.039414
7745 10.483434
7918 1.548052
7989 2.096376
8009 1.608050
8083 2.133104
8338 4.765271
8352 0.854723
8463 1.920466
8470 2.305847
8499 2.389128
8529 1.066286
8552 3.995532
8621 3.850618
8653 1.080373
8729 1.738384
8820 2.738384
8821 2.832330
8826 1.950110
8931 0.266359
9014 2.194316
9059 3.797391
9093 1.899018
9097 1.878087
9107 1.291226
9130 0.767573
9132 0.731918
9137 1.448350
9242 3.769284
9273 2.437354
9321 1.998021
9461 0.721351
9669 0.774596
9748 3.568283
9767 0.283539
9774 0.956629
9865 1.592752
9893 1.784142
9907 1.520900
9919 1.109995
9971 2.896699
10015 1.066286
10057 1.299051
10090 2.738384
10092 1.774252
10118 1.717195
10181 2.039414
10325 2.061628
10326 0.731918
10401 3.067142
10423 3.494850
10433 2.105285
10487 0.596934
10509 0.704960
10556 1.182082
10813 1.893286
10890 0.465383
11138 2.738384
11200 1.261263
11210 5.094495
11306 0.589165
11321 2.261263
11328 3.458770
11332 0.715132
11376 0.928453
11451 0.884078
11526 3.560780
11532 2.608097
11605 5.932826
11606 2.796612
11667 1.784142
