74

79 0.922143
106 1.784142
179 1.268562
188 1.120336
313 1.448350
447 4.827621
455 0.753857
508 0.774596
665 0.632874
917 1.148063
1007 2.199790
1064 1.426630
1106 0.971228
1132 1.265748
1135 1.283539
1887 1.608050
1940 1.157033
2455 0.851893
2507 0.380449
2696 0.683388
2806 1.035093
2902 2.261263
2922 1.213339
3121 0.784142
3236 0.974956
3385 1.784142
3423 0.925471
3611 0.986336
3783 1.471212
3929 1.641474
4196 0.734063
4943 0.572546
5135 0.593810
5324 0.971228
5457 1.448350
5624 2.199790
5651 1.315138
5652 2.261263
5857 1.120336
5926 0.698970
5957 1.226501
6215 1.520900
6220 1.416165
6317 1.405909
6864 0.436270
7062 0.687865
7165 1.115135
7288 1.738384
7594 1.507935
7920 1.039414
8016 0.939044
8083 0.711035
8237 1.170182
8431 1.960233
8537 1.641474
8920 1.090024
8931 0.799078
9019 2.114286
9097 0.939044
9264 1.315138
9455 1.624441
9461 0.721351
9632 1.395961
9872 1.141787
10017 0.928824
10092 0.887126
10222 1.471212
10326 0.731918
10352 0.971228
11025 0.681479
11387 2.194316
11523 0.538355
11605 0.659203
11606 0.932204
