43

213 0.103490
508 0.095346
577 0.158939
633 0.148560
1456 0.104515
1487 0.103153
1523 0.300311
1547 0.225909
1636 0.137264
1859 0.074648
2304 0.136631
2455 0.104861
2708 0.127411
3592 0.208885
3621 0.110725
3685 0.176926
3780 0.182558
3952 0.139872
4205 0.150972
4217 0.282451
5135 0.073093
5320 0.111900
5491 0.049844
5732 0.096819
6315 0.157063
6509 0.448055
6568 0.089050
6653 0.482576
6909 0.091969
7085 0.256667
7411 0.109956
7643 0.116014
7859 0.074206
8463 0.118196
8931 0.032787
9093 0.116876
9132 0.180186
9562 0.120939
10397 0.104171
10475 0.066436
10541 0.170630
11146 0.133575
11600 0.043314
