38

79 0.922143
112 2.194316
308 0.915562
346 0.506660
457 1.061691
479 1.213339
552 1.001988
665 0.632874
1141 1.323411
1390 2.614041
1400 1.395961
1465 1.386202
1666 0.753857
2268 1.521321
2736 2.340444
2948 2.663688
3166 1.641474
3436 1.367316
4943 0.572546
5012 0.827227
5081 1.030814
5719 1.182082
6283 1.075626
6806 0.677686
7061 0.478313
7735 3.699702
7899 0.887126
8196 1.307020
8377 1.254084
8785 1.698165
8931 0.266359
9051 1.125600
9646 1.219870
9747 0.945992
10521 1.233234
10619 0.528869
10621 1.125600
11306 0.589165
