203

148 0.050819
218 0.072943
346 0.022983
394 0.084522
418 0.037403
467 0.055635
577 0.058571
659 0.080930
697 0.037164
731 0.116228
771 0.053620
857 0.052555
960 0.096735
1037 0.058223
1093 0.063775
1102 0.056566
1149 0.073686
1197 0.067830
1262 0.092510
1370 0.050350
1423 0.137871
1456 0.038515
1477 0.137871
1489 0.216679
1522 0.110561
1523 0.498010
1525 0.102573
1547 0.249752
1613 0.060031
1649 0.039965
1760 0.068401
1797 0.063773
1837 0.275741
1859 0.082527
1872 0.028941
2304 0.100701
2478 0.137871
2499 0.059288
2521 0.087341
2535 0.124216
2552 0.047347
2708 0.046953
2763 0.034298
3030 0.088918
3063 0.124216
3117 0.275741
3203 0.025638
3232 0.137871
3255 0.062023
3386 0.056251
3398 0.232456
3414 0.050350
3539 0.076101
3567 0.064506
3578 0.083251
3685 0.065200
3691 0.033692
3735 0.067275
3772 0.061202
3811 0.090632
3952 0.051545
4091 0.031438
4205 0.055635
4213 0.056886
4217 0.364304
4246 0.087341
4310 0.046376
4333 0.051545
4344 0.085881
4420 0.076977
4485 0.106165
4520 0.033104
4573 0.024670
4624 0.057543
4645 0.096319
4701 0.057880
4718 0.102573
4747 0.057880
4955 0.070867
4969 0.051793
5135 0.053872
5256 0.060804
5263 0.084522
5297 0.120827
5320 0.041237
5324 0.044056
5394 0.022582
5412 0.085881
5625 0.069596
5732 0.035679
5734 0.025506
5749 0.087776
5797 0.048368
5821 0.041679
5857 0.050819
5926 0.031706
5938 0.102573
5948 0.039161
5957 0.111270
6036 0.275741
6065 0.061608
6112 0.022753
6123 0.155787
6139 0.124216
6144 0.057543
6153 0.072943
6242 0.070867
6308 0.033993
6315 0.057880
6509 0.165115
6510 0.102573
6568 0.032816
6653 0.355672
6792 0.047138
6813 0.035679
6858 0.051300
6864 0.019790
6909 0.033892
6992 0.068401
6999 0.106165
7061 0.021697
7062 0.015601
7085 0.094585
7310 0.070221
7404 0.051058
7416 0.087341
7653 0.079865
7655 0.041829
7760 0.030233
7809 0.078855
7816 0.110561
7859 0.027346
7915 0.047347
7920 0.047149
7921 0.275741
8007 0.038013
8062 0.102573
8075 0.137871
8091 0.087341
8111 0.046953
8146 0.073686
8196 0.059288
8271 0.041980
8304 0.137871
8404 0.023688
8410 0.059288
8449 0.063322
8463 0.043557
8529 0.048368
8596 0.137871
8656 0.110561
8671 0.062023
8677 0.123216
8781 0.137871
8821 0.064239
8826 0.040209
9034 0.055941
9062 0.048791
9093 0.086141
9130 0.034818
9279 0.062023
9323 0.083251
9328 0.041531
9402 0.080930
9452 0.132420
9517 0.116228
9541 0.137871
9562 0.089135
9593 0.043071
9629 0.099536
9747 0.042911
9767 0.025723
9783 0.039426
9786 0.110561
9811 0.041237
9843 0.137871
9865 0.036124
9923 0.085881
10153 0.137871
10186 0.137871
10251 0.107241
10397 0.076777
10423 0.031706
10440 0.124216
10459 0.124216
10475 0.024483
10589 0.059656
10619 0.023990
10664 0.106165
10701 0.035679
10917 0.072943
11146 0.049224
11150 0.046376
11162 0.056886
11256 0.035352
11335 0.047347
11376 0.042115
11441 0.062879
11443 0.085822
11456 0.140442
11470 0.166501
11526 0.040380
11600 0.015962
