104

7 2.698436
71 0.878046
103 2.439740
268 1.247022
455 2.261570
475 1.349218
530 2.136324
596 1.358173
630 1.107385
826 3.039414
917 1.722094
1053 2.003975
1106 4.856141
1112 0.765256
1364 1.520900
1370 1.109995
1542 0.814105
1601 2.136324
1649 0.881052
1709 2.562293
1831 0.767573
1891 2.437354
1940 1.735549
2232 3.039414
2551 2.791923
2762 0.470040
2954 0.935610
3122 0.765256
3492 0.693061
3535 1.005990
3988 1.760661
4063 1.094931
4113 2.085172
4181 1.520900
4362 1.367316
4368 2.437354
4451 0.878046
4677 0.539727
4734 0.619458
5012 0.827227
5267 2.437354
5394 0.497835
5491 0.404937
5749 0.967532
5792 0.974956
5833 0.499085
5926 0.698970
5948 0.863323
6016 1.677686
6065 1.358173
6219 1.784142
6601 5.981384
6602 3.039414
6623 2.738384
6792 0.519586
6806 2.710745
6816 0.978716
6864 0.436270
7047 1.213339
7120 4.162941
7154 1.376656
7493 1.608050
7550 3.248882
7635 0.704960
7694 1.553926
7758 0.994091
7920 1.039414
8247 3.039414
8294 0.925471
8338 1.906109
8387 0.854723
8566 2.562293
8583 1.349218
8736 6.078828
8829 1.296958
8931 0.532719
8955 1.960233
9019 1.057143
9059 0.542484
9065 1.831125
9104 0.893286
9112 3.039414
9242 3.015427
9438 1.562293
9461 2.164052
9767 0.283539
10059 1.760661
10095 3.850942
10352 0.971228
10363 1.577016
10433 2.105285
10475 0.539727
10507 1.022381
10509 0.704960
10661 4.523806
10818 1.299051
10890 0.465383
11025 1.362959
11121 1.200163
11162 1.254084
11267 1.495346
11332 0.715132
11532 0.652024
11605 0.659203
