306

51 0.067517
57 0.060095
71 0.021649
173 0.039258
198 0.028426
265 0.074939
304 0.054485
318 0.040661
346 0.024984
373 0.035988
404 0.013444
440 0.063175
457 0.052353
458 0.036843
553 0.019334
586 0.036843
654 0.074939
736 0.035710
757 0.042861
771 0.029145
897 0.063644
913 0.179392
917 0.042459
992 0.028566
1074 0.055245
1075 0.045941
1199 0.087978
1231 0.025207
1258 0.030575
1278 0.031277
1416 0.060095
1466 0.022414
1506 0.027494
1542 0.020072
1605 0.022025
1613 0.032630
1636 0.054989
1644 0.057705
1649 0.021723
1777 0.034665
1785 0.043410
1803 0.061841
1859 0.014952
1900 0.111538
1981 0.023068
1991 0.052580
2042 0.133064
2071 0.023946
2076 0.035710
2131 0.025105
2165 0.019946
2171 0.087978
2176 0.039648
2259 0.052594
2268 0.037509
2279 0.043410
2290 0.037828
2320 0.042861
2366 0.042339
2421 0.024319
2499 0.032225
2507 0.018760
2571 0.067517
2572 0.043595
2618 0.057416
2627 0.018868
2646 0.047474
2762 0.011589
2801 0.029601
2876 0.046680
2892 0.037499
2935 0.224816
2936 0.089203
3048 0.030920
3134 0.040472
3179 0.019040
3203 0.139353
3204 0.056034
3205 0.034917
3275 0.030143
3285 0.038882
3304 0.079295
3374 0.028852
3495 0.028852
3546 0.024131
3567 0.017531
3599 0.028566
3621 0.066536
3681 0.028566
3683 0.026405
3841 0.011764
3847 0.074939
3850 0.018698
3898 0.051411
3917 0.059514
3938 0.030406
3951 0.017381
4091 0.034176
4118 0.057705
4120 0.124094
4215 0.036916
4227 0.057705
4266 0.025954
4270 0.060095
4420 0.041840
4489 0.063175
4505 0.052673
4529 0.032225
4542 0.034917
4573 0.026819
4620 0.043410
4677 0.013307
4687 0.045250
4708 0.016992
4734 0.015273
4764 0.028426
4842 0.040052
4843 0.039648
4901 0.022257
4983 0.067517
4994 0.045941
5100 0.017283
5193 0.042861
5241 0.041840
5345 0.036274
5382 0.035175
5397 0.048331
5544 0.044601
5562 0.033712
5569 0.303731
5689 0.020662
5734 0.055455
5753 0.016032
5758 0.030077
5792 0.024038
5795 0.028852
5857 0.027623
5900 0.025627
5920 0.060812
5945 0.028152
5948 0.042572
5964 0.040909
6070 0.054939
6144 0.031277
6159 0.074939
6167 0.027368
6170 0.098525
6171 0.100566
6281 0.029757
6282 0.090501
6291 0.019883
6415 0.022901
6421 0.014564
6436 0.337404
6456 0.039766
6457 0.036869
6473 0.051411
6514 0.037828
6568 0.053511
6627 0.028152
6779 0.039258
6874 0.049345
6978 0.050283
6996 0.063175
7040 0.048331
7060 0.045968
7061 0.035379
7062 0.067839
7072 0.034665
7111 0.024611
7118 0.030143
7126 0.170842
7131 0.107130
7150 0.024131
7162 0.044601
7215 0.084677
7350 0.040909
7377 0.031460
7385 0.037965
7387 0.031097
7409 0.067517
7498 0.061350
7500 0.050283
7501 0.025954
7502 0.048331
7530 0.024607
7556 0.090501
7694 0.019157
7704 0.017581
7709 0.016755
7738 0.052580
7760 0.032866
7793 0.115410
7859 0.037159
7861 0.017185
7862 0.023675
7864 0.057703
7874 0.031460
7887 0.023946
7925 0.037499
8007 0.020662
8046 0.030077
8048 0.087884
8087 0.028566
8128 0.058290
8256 0.067517
8281 0.033712
8293 0.045250
8329 0.060095
8377 0.092761
8404 0.038627
8455 0.010757
8498 0.033050
8512 0.021575
8539 0.016479
8550 0.040909
8641 0.030920
8761 0.036843
8764 0.038168
8771 0.113485
8784 0.068952
8785 0.062804
8826 0.043710
8919 0.075018
8924 0.029916
8931 0.019702
8955 0.048331
8959 0.028017
8969 0.055753
8971 0.064451
8975 0.055753
9047 0.061385
9065 0.022574
9095 0.029447
9097 0.023153
9114 0.033266
9115 0.081727
9116 0.029145
9264 0.032426
9306 0.079295
9312 0.052673
9328 0.045148
9351 0.033712
9444 0.023153
9521 0.073134
9562 0.024224
9597 0.043410
9618 0.023675
9767 0.041945
9774 0.047173
9865 0.039270
9868 0.055753
9895 0.085722
9903 0.019574
9919 0.027368
9936 0.039648
9950 0.032426
10006 0.042861
10015 0.026290
10036 0.090760
10058 0.014952
10067 0.025105
10167 0.067517
10181 0.050283
10195 0.062598
10248 0.045250
10275 0.029145
10276 0.039891
10279 0.024803
10290 0.047474
10296 0.049263
10451 0.074939
10500 0.035175
10507 0.025207
10509 0.017381
10558 0.034178
10559 0.040909
10563 0.034178
10619 0.026079
10637 0.096662
10669 0.042339
10818 0.032029
10903 0.076337
10910 0.055753
11089 0.067517
11151 0.046680
11152 0.022025
11210 0.020935
11228 0.028152
11242 0.025844
11256 0.076861
11257 0.060480
11258 0.102533
11320 0.024705
11332 0.017632
11396 0.023238
11443 0.023324
11456 0.038168
11458 0.021074
11503 0.043595
11515 0.067517
11523 0.053094
11532 0.016076
11553 0.067517
11645 0.074939
11672 0.042861
