97

122 0.978716
213 0.840757
297 1.182082
404 0.545260
465 1.784142
586 0.747158
627 2.039414
913 1.039414
917 0.574031
1269 0.939044
1636 1.115135
1831 0.767573
1859 0.606445
2064 1.206905
2176 1.608050
2259 0.426630
2339 1.147320
2348 0.956629
2530 0.717195
2651 0.784142
2851 1.170182
2892 1.520900
3203 2.260791
3473 1.535145
3509 3.041800
3531 1.577988
3535 1.005990
3818 0.704960
3841 0.477121
4331 1.717195
4396 4.562701
4521 2.738384
4573 0.543870
4816 2.261263
4943 0.572546
4970 5.469265
5053 1.080373
5100 0.700958
5141 1.624441
5178 0.832588
5395 1.035093
5562 1.367316
5569 6.159461
5821 0.918840
5949 0.918840
6282 1.835294
6436 10.947712
6559 0.998021
6568 1.446888
6627 3.425361
6828 0.717195
6874 0.500338
7060 0.932204
7111 0.499085
7515 1.405946
7575 1.960233
7587 1.562293
7788 0.530212
7859 0.904280
7861 0.696991
7864 1.170182
7991 1.562293
8048 3.564467
8083 2.844138
8319 8.340686
8343 1.972671
8445 1.592256
8455 0.436270
8489 1.495346
8771 1.534264
8784 2.796612
8785 0.849082
8821 1.416165
8826 1.950110
8931 0.532719
9065 0.915562
9095 1.194316
9115 1.104916
9116 1.182082
9184 1.608050
9444 0.939044
9669 0.774596
9767 1.134157
10029 1.677686
10036 0.736218
10085 1.039414
10195 0.846290
10627 4.686879
10677 0.824570
10701 1.573122
10890 1.396149
11121 0.600081
11228 1.141787
11242 1.048188
11306 0.589165
11503 0.884078
11636 2.328706
