194

77 1.893286
108 1.170182
111 3.246110
122 0.978716
139 1.219870
217 0.808965
268 1.247022
320 1.738384
404 1.090519
429 1.608050
458 1.494316
475 2.698436
531 1.837680
553 0.784142
586 0.747158
598 1.659203
600 0.971228
630 4.983234
744 1.507935
831 2.457918
895 0.846290
898 3.096105
917 0.574031
1012 2.340444
1062 2.437354
1106 5.827370
1112 0.765256
1132 0.632874
1258 1.240074
1370 1.109995
1371 1.925471
1464 1.459631
1633 1.299051
1649 0.881052
1721 0.747158
1816 1.426630
1831 0.767573
1895 1.495346
1940 7.520712
1950 1.534264
1995 4.567148
2024 2.044762
2053 1.548052
2064 1.206905
2212 1.925471
2294 1.760661
2298 1.925471
2335 1.831125
2507 0.380449
2550 0.801368
2651 0.784142
2711 1.562293
2762 0.940080
2946 5.664659
3004 1.659203
3095 0.590708
3122 1.530513
3168 1.925471
3365 2.562293
3384 1.349218
3414 1.109995
3492 3.465306
3535 2.011981
3679 1.507935
3700 1.283539
3761 1.188156
3778 1.863323
3790 1.960233
3795 1.395961
3813 2.261263
3841 0.477121
3951 4.934723
3971 4.312062
4196 0.734063
4279 1.738384
4393 2.738384
4451 0.878046
4458 4.175116
4537 1.109995
4538 1.120336
4566 0.827227
4677 0.539727
4734 1.858375
4747 1.275986
4952 2.738384
5012 4.136133
5023 2.141862
5025 0.840757
5042 1.562293
5135 0.593810
5143 0.902694
5320 0.909080
5394 0.995670
5491 0.404937
5532 0.887126
5678 0.986336
5732 0.786561
5797 1.066286
5851 0.846290
5900 2.078828
6162 1.448350
6200 2.562293
6202 4.680888
6268 2.340444
6308 0.749380
6466 1.075626
6520 2.437354
6601 7.476730
6795 1.784142
6802 1.005990
6806 12.198353
6816 1.957433
6828 0.717195
6858 1.130929
6864 0.436270
6874 0.500338
6878 1.275986
6948 2.738384
7032 1.386202
7039 1.254084
7047 2.426679
7061 0.478313
7062 1.719662
7109 1.893286
7120 4.162941
7154 2.753313
7388 1.548052
7497 3.770016
7501 1.052642
7641 0.646717
7694 1.553926
7745 0.806418
7818 1.760661
7847 2.796612
7877 3.216101
8007 0.838017
8083 0.711035
8150 3.299685
8227 0.816698
8292 2.240672
8294 0.925471
8338 3.812217
8404 1.044436
8455 1.308809
8499 0.796376
8529 1.066286
8554 3.670588
8826 2.659241
8829 0.648479
8919 0.760661
8956 1.080373
9059 1.084969
9065 0.915562
9093 0.949509
9104 0.893286
9132 0.731918
9137 1.448350
9138 0.673926
9242 2.261570
9316 2.194316
9333 1.426630
9461 1.442702
9475 1.717195
9592 1.070931
9669 0.774596
9767 0.567079
9770 2.044762
10011 1.835294
10067 1.018225
10096 2.966223
10363 1.577016
10378 0.683388
10423 1.397940
10433 2.105285
10446 7.312062
10447 2.437354
10487 1.790803
10802 2.085172
10877 1.863323
10890 0.465383
11025 0.681479
11124 1.659203
11150 1.022381
11210 0.849082
11290 1.548052
11321 4.522526
11335 2.087558
11362 1.164353
11376 0.928453
11434 4.680888
11525 3.039414
11568 1.349218
11605 0.659203
11667 1.784142
