84

65 1.534264
111 1.623055
268 1.247022
270 4.078828
455 1.507714
475 1.349218
531 0.918840
585 1.562293
596 1.358173
599 1.158601
630 1.661078
915 5.124586
1053 2.003975
1106 1.942457
1132 0.632874
1532 0.779343
1789 1.534264
1940 1.735549
1981 1.871221
2071 0.971228
2220 1.624441
2340 1.018225
2519 1.315138
2696 1.366777
3095 0.590708
3414 1.109995
3486 1.925471
3492 0.693061
3715 1.534264
4279 1.738384
4333 1.136324
4458 1.043779
4562 1.577016
4734 0.619458
5135 0.593810
5178 0.832588
5732 1.573122
5851 0.846290
6202 2.340444
6227 1.158601
6601 4.486038
6657 1.471212
6806 3.388431
6816 0.978716
6864 1.745079
6874 0.500338
7047 1.213339
7060 0.932204
7062 0.343932
7120 1.665176
7154 1.376656
7497 1.885008
7745 1.612836
7761 1.200565
8016 0.939044
8083 1.422069
8150 3.299685
8338 2.859163
8404 0.522218
8455 0.436270
8470 1.152923
8512 0.875061
8554 1.835294
8826 0.177283
8931 0.799078
9059 0.542484
9242 0.753857
9366 1.340444
9461 0.721351
9475 3.434390
9669 0.774596
9777 1.784142
10017 0.928824
10096 1.483112
10163 1.784142
10326 1.463836
10446 2.437354
10447 2.437354
10828 2.085172
11025 0.681479
11210 0.849082
11233 2.551972
11376 0.464226
11606 0.932204
