45

79 0.922143
194 0.723444
1141 1.323411
1465 1.386202
2058 0.899535
2268 2.281982
2576 0.854723
2638 2.123381
2690 0.974956
3166 1.641474
3436 1.367316
3951 0.704960
4195 1.170182
4849 1.395961
4943 0.572546
5081 1.030814
5217 1.299051
6283 1.075626
6568 0.723444
6587 0.622774
6627 1.141787
6638 1.998021
6802 1.005990
7039 1.254084
7061 0.478313
7118 0.611279
7735 2.466468
7919 1.659203
8196 1.307020
8449 1.395961
8469 2.582452
8784 0.932204
8785 1.698165
9051 1.125600
9059 0.542484
9646 1.219870
10092 0.887126
10093 1.641474
10224 1.738384
10521 1.233234
10582 1.717195
10621 1.125600
10977 2.738384
11375 0.791441
11523 0.538355
