127

79 0.045765
97 0.090234
100 0.087380
175 0.060870
176 0.067405
252 0.079806
282 0.069280
552 0.149183
632 0.049143
665 0.031409
697 0.040661
1032 0.087380
1116 0.303643
1333 0.040275
1374 0.106024
1378 0.137592
1499 0.104484
1605 0.044333
1621 0.135904
1798 0.058368
1807 0.184387
1851 0.127164
1902 0.150988
2000 0.048951
2131 0.050534
2243 0.206971
2250 0.120964
2259 0.021173
2263 0.139552
2313 0.067405
2507 0.018881
2543 0.056666
2692 0.254329
2707 0.099160
2972 0.301687
3010 0.078266
3028 0.092475
3050 0.164690
3203 0.028050
3372 0.202429
3591 0.106024
3613 0.049926
3938 0.061204
3984 0.065680
4215 0.049538
4340 0.144880
4457 0.232309
4582 0.074213
4645 0.052691
4738 0.028415
4943 0.028415
4991 0.150844
5053 0.053618
5199 0.198295
5386 0.252661
5485 0.076829
5734 0.111625
6060 0.048201
6317 0.034887
6421 0.087949
6456 0.080044
6569 0.095560
6587 0.030908
6792 0.077360
6813 0.039036
6823 0.077535
6838 0.055601
6909 0.037081
6968 0.062958
7046 0.091084
7061 0.023738
7062 0.034138
7120 0.041321
7126 0.191048
7154 0.068322
7178 0.620282
7369 0.062595
7385 0.038210
7460 0.049143
7788 0.026314
7861 0.069182
7887 0.048201
8016 0.046604
8111 0.051371
8157 0.046604
8272 0.087752
8298 0.099160
8463 0.047656
8653 0.053618
8761 0.037081
8767 0.034987
8826 0.035194
8863 0.127164
8931 0.013219
8989 0.073015
9075 0.075481
9117 0.112225
9172 0.099160
9538 0.208967
9633 0.120964
9669 0.038443
9718 0.069776
9747 0.046949
9767 0.014072
9770 0.050740
9865 0.039523
9903 0.039401
10058 0.060195
10082 0.062239
10083 0.089777
10228 0.060217
10276 0.040148
10304 0.081465
10403 0.068322
10417 0.116154
10619 0.052495
10651 0.061204
10677 0.040923
10999 0.069280
11063 0.085223
11118 0.127164
11194 0.050329
11256 0.077356
11320 0.049728
11376 0.069117
11396 0.093551
11443 0.140846
