167

26 1.070931
74 0.942504
77 1.893286
79 0.922143
103 1.219870
345 1.864408
346 1.519979
404 1.090519
418 0.824570
477 3.282948
634 1.233234
695 1.784142
1132 1.265748
1269 0.939044
1278 6.342811
1364 1.520900
1603 2.738384
1649 0.881052
1676 4.388632
1689 1.437354
1831 2.302718
1832 2.340444
1835 1.291226
1859 0.606445
1940 2.314065
2000 0.986336
2008 1.548052
2035 2.340444
2064 1.206905
2147 3.476768
2220 1.624441
2279 1.760661
2383 2.738384
2518 0.824570
2530 3.585974
2651 8.625558
2696 0.683388
2762 0.940080
2763 0.756113
2873 2.562293
2954 0.935610
3014 0.990196
3059 3.039414
3095 0.590708
3164 33.035294
3264 1.340444
3366 1.367316
3495 1.170182
3535 1.005990
3608 1.893286
3685 1.437354
3801 2.437354
3818 0.704960
3982 1.893286
4215 0.998169
4451 0.878046
4538 1.120336
4663 0.890195
4830 1.426630
4843 1.608050
4858 1.592256
4908 1.784142
4938 2.734633
4943 1.717639
5025 0.840757
5100 0.700958
5143 1.805387
5176 1.437354
5178 0.832588
5315 3.039414
5345 2.942425
5395 1.035093
5491 0.404937
5529 0.646717
5611 2.194316
5712 0.967532
5737 3.726646
5833 0.499085
5857 1.120336
5926 0.698970
6112 0.501595
6127 2.738384
6226 3.039414
6308 0.749380
6311 11.702221
6324 4.413637
6380 0.942504
6514 1.534264
6806 0.677686
6828 0.717195
6874 2.001352
6897 7.312062
6980 1.194316
6984 1.738384
7023 1.483112
7044 1.893286
7046 1.835294
7050 1.164353
7061 0.956625
7062 0.687865
7111 0.499085
7154 1.376656
7325 5.506625
7569 2.738384
7707 4.265145
7847 2.796612
7856 1.254084
7859 0.301427
7862 1.920466
7926 1.893286
7936 1.331844
7981 0.925471
8007 0.838017
8083 0.711035
8196 1.307020
8272 1.768156
8281 1.367316
8302 2.738384
8326 1.268562
8343 0.986336
8377 5.016337
8455 2.181349
8470 3.458770
8499 1.592752
8554 3.670588
8826 0.531848
8829 0.648479
8931 0.532719
9011 2.562293
9091 9.118242
9104 3.573144
9107 2.582452
9145 1.835294
9669 1.549193
9725 1.213339
9767 3.686010
9770 1.022381
9872 2.283574
9971 2.896699
9977 1.641474
10015 1.066286
10228 1.213339
10324 1.696991
10326 0.731918
10423 0.698970
10475 0.539727
10578 2.261263
10677 2.473711
10721 3.039414
10820 1.998021
10877 1.863323
10890 0.930766
10901 1.893286
11025 2.044438
11194 2.028217
11233 20.415778
11238 2.990692
11258 1.386202
11332 0.715132
11371 2.194316
11375 1.582882
11376 1.392679
11532 1.304049
11566 2.811891
11568 1.349218
11605 1.318406
11609 1.213339
