269

26 0.147759
71 0.051920
74 0.111463
98 0.021017
99 0.021485
108 0.023065
111 0.063982
122 0.019291
139 0.024044
158 0.031084
248 0.069407
268 0.024579
308 0.018046
318 0.016253
346 0.029959
372 0.041100
404 0.010747
418 0.016253
458 0.014727
475 0.106375
512 0.027323
531 0.036221
538 0.035655
553 0.015456
602 0.028770
630 0.076395
665 0.012474
689 0.025004
895 0.016681
897 0.016960
898 0.030513
903 0.040198
917 0.022629
930 0.030513
1053 0.059249
1062 0.048041
1106 0.172290
1107 0.059908
1112 0.015084
1132 0.012474
1188 0.039382
1224 0.048041
1255 0.034703
1296 0.019217
1495 0.031695
1532 0.030722
1542 0.048139
1596 0.033068
1605 0.017607
1649 0.017366
1785 0.034703
1831 0.015129
1833 0.048041
1845 0.059908
1872 0.037727
1874 0.031084
1895 0.029474
1940 0.239459
1981 0.055324
2024 0.040303
2044 0.034264
2046 0.040139
2052 0.026950
2053 0.030513
2058 0.017730
2077 0.033448
2115 0.036352
2158 0.089141
2335 0.090231
2340 0.020070
2403 0.041100
2473 0.040469
2507 0.022496
2551 0.082545
2576 0.016847
2651 0.015456
2696 0.053879
2708 0.020402
2762 0.046323
2769 0.021980
2794 0.059908
2804 0.022950
2805 0.028331
2954 0.018441
3102 0.031695
3122 0.030167
3136 0.028331
3243 0.019750
3268 0.040198
3316 0.024308
3374 0.023065
3403 0.032704
3414 0.043757
3423 0.036483
3479 0.033847
3489 0.083135
3492 0.054642
3499 0.029722
3524 0.040198
3535 0.099142
3627 0.024719
3665 0.082199
3673 0.026594
3694 0.024442
3790 0.077274
3806 0.027515
3841 0.009404
3904 0.029722
3951 0.055580
3953 0.070332
3971 0.028331
3985 0.037952
4215 0.009837
4278 0.030241
4315 0.014903
4333 0.022397
4347 0.039382
4377 0.029978
4451 0.017307
4458 0.041147
4562 0.031084
4573 0.010720
4726 0.073454
4734 0.024420
4769 0.022725
4866 0.018646
4938 0.026950
5004 0.040198
5023 0.084434
5025 0.016572
5042 0.030793
5086 0.029978
5112 0.018927
5135 0.046817
5143 0.053377
5491 0.015963
5504 0.035655
5532 0.034971
5701 0.052502
5833 0.019674
5851 0.016681
5864 0.035166
5873 0.043251
5880 0.032928
5900 0.020487
5926 0.013777
5948 0.017016
6112 0.009887
6119 0.036727
6283 0.021201
6308 0.014771
6317 0.055422
6383 0.059908
6415 0.018308
6466 0.021201
6512 0.050504
6559 0.039343
6568 0.014259
6599 0.059908
6601 0.324213
6616 0.070921
6641 0.034703
6802 0.019828
6806 0.066787
6816 0.019291
6864 0.034396
6943 0.059908
7039 0.024719
7061 0.009428
7062 0.115244
7120 0.114875
7202 0.042108
7217 0.015697
7259 0.050504
7277 0.059908
7297 0.030241
7497 0.018577
7595 0.026950
7650 0.062167
7666 0.059908
7694 0.015314
7745 0.127159
7754 0.059908
7755 0.046131
7775 0.026421
7782 0.032354
7788 0.010451
7812 0.029722
7837 0.032704
7855 0.029233
7885 0.036727
7918 0.061026
8016 0.018509
8083 0.056059
8139 0.044570
8150 0.108397
8222 0.048041
8227 0.016097
8245 0.020487
8338 0.075140
8352 0.016847
8381 0.022950
8395 0.041100
8419 0.022505
8445 0.031384
8455 0.051594
8470 0.022725
8484 0.042108
8552 0.026251
8554 0.072349
8601 0.034703
8605 0.014554
8740 0.032704
8826 0.052415
8828 0.036174
8829 0.115036
8866 0.041100
8931 0.010500
9025 0.041100
9059 0.053463
9065 0.018046
9097 0.074036
9111 0.053975
9184 0.031695
9242 0.059435
9333 0.056239
9334 0.041100
9393 0.522570
9400 0.046131
9452 0.028770
9455 0.032018
9461 0.028436
9635 0.030513
9680 0.037317
9747 0.037292
9767 0.016766
9774 0.037711
9863 0.024044
9865 0.031394
9919 0.021878
10015 0.042034
10058 0.047813
10059 0.069407
10092 0.017486
10095 0.037952
10096 0.029233
10251 0.023299
10275 0.023299
10326 0.028853
10327 0.083740
10378 0.013470
10401 0.020152
10415 0.065407
10555 0.026950
10564 0.037952
10771 0.050504
10890 0.018346
10903 0.030513
10974 0.053975
10981 0.031084
11328 0.045449
11335 0.082293
11349 0.101196
11364 0.028331
11423 0.016097
11532 0.012852
11547 0.020487
11605 0.038979
11606 0.055122
