254

99 0.029070
123 0.077854
146 0.052278
184 0.162116
194 0.019294
198 0.030747
307 0.081058
332 0.054389
404 0.029083
434 0.048243
476 0.047581
620 0.049693
630 0.044299
633 0.032187
831 0.043700
832 0.390011
857 0.030899
941 0.162116
960 0.028437
992 0.030899
1074 0.029878
1090 0.043777
1110 0.120611
1132 0.016878
1249 0.081058
1258 0.033072
1269 0.075130
1274 0.039236
1296 0.026001
1317 0.068334
1498 0.034029
1506 0.029740
1507 0.036221
1797 0.018747
1803 0.033445
1872 0.017015
1874 0.042058
1940 0.077142
1981 0.024952
1993 0.049693
2008 0.041285
2022 0.045796
2195 0.054389
2259 0.011378
2267 0.033257
2335 0.024417
2378 0.045257
2501 0.047581
2507 0.030439
2575 0.025512
2696 0.018225
2699 0.068334
2718 0.034029
2720 0.028073
2762 0.012536
2763 0.020165
2818 0.043777
2824 0.030899
2851 0.031208
2862 0.073030
2907 0.058520
2918 0.055610
2954 0.024952
3010 0.042058
3027 0.102701
3078 0.068334
3095 0.031507
3175 0.073030
3241 0.046361
3275 0.032604
3299 0.046955
3317 0.065002
3322 0.037229
3414 0.029603
3428 0.068334
3535 0.026829
3626 0.129016
3637 0.030305
3673 0.035982
3727 0.042885
3752 0.081058
3761 0.031687
3815 0.073030
3818 0.018801
3826 0.074990
3841 0.025449
3981 0.073030
4033 0.273846
4091 0.018483
4195 0.031208
4211 0.048661
4268 0.048243
4315 0.020165
4377 0.121683
4451 0.023417
4458 0.083510
4462 0.030450
4469 0.049693
4526 0.043777
4535 0.055610
4677 0.043182
4701 0.170147
4724 0.045257
4830 0.038047
4884 0.068334
4901 0.024074
5025 0.044844
5100 0.037388
5137 0.048946
5141 0.043322
5143 0.024074
5243 0.039553
5245 0.081058
5248 0.136668
5331 0.051350
5351 0.052278
5376 0.033637
5382 0.038047
5394 0.013277
5491 0.010799
5496 0.026101
5521 0.034857
5529 0.017247
5624 0.029333
5692 0.020105
5736 0.260008
5821 0.049009
5833 0.053240
5857 0.029878
5869 0.028073
5885 0.037709
5926 0.018641
5948 0.023024
6070 0.099042
6097 0.058402
6112 0.013377
6180 0.058520
6198 0.073030
6227 0.030899
6291 0.021506
6308 0.039970
6350 0.068334
6421 0.015754
6466 0.028686
6529 0.043322
6792 0.027714
6802 0.107315
6806 0.072293
6864 0.046540
6874 0.026687
6909 0.039852
6914 0.060306
6934 0.038626
6960 0.194152
7008 0.046833
7061 0.012756
7111 0.013310
7150 0.026101
7288 0.046361
7305 0.044742
7374 0.072442
7385 0.020533
7389 0.038047
7404 0.030019
7413 0.081058
7456 0.081058
7465 0.081058
7498 0.028440
7508 0.102701
7533 0.054389
7626 0.056974
7635 0.018801
7651 0.053285
7655 0.073778
7831 0.081058
7881 0.041285
7911 0.033072
8237 0.031208
8240 0.081835
8241 0.108620
8243 0.039879
8271 0.024681
8272 0.023578
8381 0.031052
8383 0.038047
8404 0.013927
8410 0.034857
8469 0.034436
8605 0.019692
8714 1.053757
8826 0.080375
8829 0.086472
8916 0.049693
8931 0.007104
9033 0.048243
9082 0.243175
9095 0.031851
9104 0.023823
9203 0.162116
9240 0.054389
9242 0.020105
9350 0.081058
9381 0.060037
9557 0.045257
9579 0.035073
9593 0.025322
9623 0.026511
9643 0.031208
9672 0.050492
9690 0.042464
9723 0.205402
9751 0.081058
9755 0.040917
9767 0.007562
9774 0.025512
9903 0.021173
9957 0.038333
9990 0.081058
9997 0.243175
10006 0.046361
10069 0.042464
10085 0.027720
10086 0.028686
10185 0.024861
10195 0.022570
10249 0.025705
10279 0.026829
10318 0.084928
10378 0.109352
10389 0.081058
10396 0.027045
10430 0.271946
10432 0.409642
10450 0.081058
10509 0.056402
10528 0.100984
10628 0.052278
10701 0.020977
10719 0.081058
10818 0.034644
10890 0.012411
11025 0.018174
11055 0.039236
11162 0.033445
11306 0.031425
11335 0.027837
11375 0.042214
11376 0.012380
11443 0.025229
11505 0.038047
11532 0.086944
11589 0.081058
11600 0.037538
11620 0.086821
