180

74 0.026489
77 0.053211
108 0.032888
111 0.091232
122 0.027507
139 0.034284
217 0.022736
268 0.035048
319 0.060041
320 0.048857
429 0.045194
458 0.041998
475 0.075839
531 0.051648
598 0.046632
600 0.027296
630 0.124492
744 0.042380
831 0.069080
895 0.023785
898 0.087016
917 0.016133
1012 0.065778
1106 0.191074
1112 0.021508
1132 0.017787
1258 0.034852
1371 0.054115
1464 0.041023
1633 0.036510
1649 0.049524
1721 0.020999
1816 0.040095
1831 0.021573
1895 0.042027
1940 0.211369
1950 0.043120
1995 0.096270
2024 0.057468
2064 0.033920
2212 0.054115
2278 0.034284
2294 0.049483
2335 0.051464
2507 0.010693
2550 0.022522
2651 0.022038
2711 0.043908
2762 0.026421
2946 0.159205
3004 0.046632
3095 0.016602
3122 0.043015
3168 0.054115
3365 0.072013
3384 0.037920
3414 0.031196
3492 0.097392
3535 0.028273
3679 0.042380
3700 0.036074
3761 0.033393
3778 0.052369
3790 0.055092
3795 0.039233
3813 0.063553
3841 0.013409
3951 0.099064
3971 0.121190
4196 0.020631
4279 0.048857
4451 0.024677
4458 0.146677
4537 0.031196
4538 0.031487
4677 0.015169
4734 0.052230
4747 0.035862
4952 0.076962
5012 0.116246
5023 0.060197
5025 0.023629
5042 0.043908
5135 0.016689
5143 0.025370
5320 0.025550
5394 0.027983
5491 0.011381
5532 0.024933
5678 0.027721
5732 0.022106
5797 0.029968
5851 0.023785
5900 0.058425
6162 0.040706
6202 0.065778
6308 0.021061
6466 0.030230
6520 0.068502
6601 0.210133
6802 0.028273
6806 0.285695
6816 0.055014
6828 0.020157
6858 0.031785
6864 0.012261
6874 0.014062
6878 0.071723
6948 0.076962
7032 0.038959
7039 0.035246
7047 0.068202
7061 0.013443
7062 0.048331
7109 0.053211
7120 0.116999
7154 0.077382
7340 0.051581
7388 0.043508
7497 0.105956
7501 0.029584
7641 0.018176
7694 0.043673
7745 0.022664
7818 0.049483
7847 0.052399
7877 0.135583
8007 0.023552
8083 0.019984
8150 0.092738
8292 0.062974
8294 0.026010
8338 0.080357
8404 0.029354
8455 0.036784
8499 0.022382
8529 0.029968
8539 0.018784
8554 0.051581
8826 0.069755
8829 0.018225
8956 0.030364
9059 0.030493
9065 0.025732
9093 0.026686
9104 0.025106
9132 0.020571
9137 0.040706
9138 0.018941
9242 0.042374
9316 0.061671
9333 0.040095
9461 0.040547
9475 0.048262
9592 0.030098
9669 0.021770
9767 0.015938
9770 0.057468
10067 0.028617
10096 0.083366
10363 0.044322
10423 0.039289
10433 0.059169
10446 0.205505
10487 0.050330
10802 0.058604
10877 0.052369
10890 0.013080
11025 0.019153
11124 0.046632
11150 0.028734
11321 0.063553
11335 0.058671
11362 0.032724
11376 0.039141
11377 0.034471
11523 0.015130
11568 0.037920
11605 0.018527
11667 0.050143
