45

188 0.116173
372 0.216222
447 0.250300
630 0.057415
1106 0.302135
1138 0.252742
1940 0.179968
2946 0.293699
3095 0.061254
3370 0.115101
3492 0.143734
3611 0.102278
3926 0.102278
3971 0.298093
4451 0.091049
4573 0.056397
4734 0.064235
5851 0.087756
6220 0.146849
6601 0.155060
6806 0.140546
6813 0.081563
6814 0.126495
6982 0.182572
7062 0.035664
7120 0.086335
7877 0.166747
8484 0.221526
8554 0.190311
8829 0.067244
8931 0.082861
9104 0.092629
9242 0.078171
9461 0.074801
10101 0.315173
10185 0.096665
10326 0.075896
10396 0.210316
10433 0.218308
10446 0.252742
11025 0.070666
11332 0.074156
11376 0.048138
11505 0.147935
11605 0.136712
