174

99 0.053702
175 0.060425
176 0.066912
194 0.035642
252 0.079223
282 0.068774
289 0.102729
318 0.040624
352 0.065615
475 0.066471
736 0.071355
771 0.058237
895 0.041694
1052 0.149741
1199 0.087898
1456 0.083663
1461 0.093276
1466 0.223936
1467 0.091799
1499 0.051860
1548 0.067363
1721 0.036810
1797 0.069264
1872 0.031433
1902 0.149885
1903 0.100475
1917 0.093276
1924 0.080870
2131 0.050164
2146 0.080870
2165 0.079710
2243 0.102729
2259 0.063056
2263 0.207798
2268 0.112425
2507 0.018743
2543 0.112504
2550 0.039481
2554 0.066912
2570 0.149741
2627 0.037701
2886 0.077694
3028 0.091799
3095 0.058204
3150 0.057942
3203 0.083536
3275 0.030116
3402 0.065200
3445 0.082654
3449 0.256932
3450 0.085644
3473 0.037816
3493 0.086742
3566 0.111404
3673 0.066471
3850 0.037363
3956 0.084600
3984 0.065200
4063 0.053943
4079 0.071911
4340 0.215733
4444 0.082654
4510 0.089121
4645 0.052306
4655 0.134911
4677 0.026590
4711 0.096574
4943 0.028207
5137 0.090418
5199 0.196846
5200 0.163486
5345 0.072481
5386 0.083605
5395 0.050995
5557 0.210498
5619 0.149741
5667 0.149741
5681 0.056524
5706 0.077694
5734 0.055404
5886 0.149741
5925 0.080030
6070 0.036593
6167 0.054686
6421 0.087306
6587 0.030682
6642 0.149741
6728 0.102729
6731 0.108106
6792 0.025598
6813 0.038751
6864 0.021493
6968 0.187493
7017 0.134911
7032 0.068293
7111 0.049176
7123 0.057364
7126 0.075861
7150 0.048218
7154 0.067823
7178 0.230906
7353 0.084600
7369 0.062138
7385 0.227582
7498 0.017513
7515 0.069266
7530 0.049169
7636 0.100475
7649 0.134911
7655 0.045431
7709 0.066961
7715 0.060757
7765 0.200949
7788 0.052243
7861 0.034338
7881 0.076267
7885 0.091799
7920 0.051208
7929 0.074929
7946 0.101152
7981 0.045595
8083 0.035030
8087 0.114160
8157 0.138790
8272 0.043555
8381 0.057364
8457 0.117679
8463 0.094615
8467 0.077694
8470 0.056800
8653 0.053226
8761 0.073620
8767 0.034731
8826 0.017468
8919 0.074950
9138 0.033202
9284 0.077694
9328 0.045107
9462 0.080870
9494 0.149741
9519 0.120080
9718 0.138532
9767 0.013969
9783 0.042820
9798 0.091799
9936 0.079223
9981 0.102729
10018 0.073068
10058 0.029877
10063 0.134726
10232 0.134911
10433 0.051860
10487 0.029409
10509 0.069462
10520 0.108106
10530 0.057364
10880 0.081743
10887 0.062498
10890 0.045856
10891 0.082654
10933 0.089121
11015 0.052992
11096 0.067823
11177 0.148581
11256 0.115186
11358 0.105249
11376 0.022871
11396 0.046434
11437 0.059777
11458 0.042109
11462 0.069266
11481 0.115305
11600 0.017336
11630 0.091799
