159

65 3.068528
103 1.219870
179 1.268562
216 2.990692
508 0.774596
553 0.784142
808 2.966223
895 0.846290
1021 3.039414
1059 3.039414
1102 1.247022
1112 2.295769
1258 1.240074
1269 0.939044
1364 1.520900
1444 1.459631
1494 3.124586
1532 0.779343
1721 0.747158
1797 0.702954
1956 3.476768
2005 1.158601
2010 2.919261
2028 1.548052
2052 1.367316
2058 0.899535
2115 0.922143
2313 1.358173
2421 4.931678
2455 0.851893
2667 1.376656
2680 1.507935
2708 1.035093
2763 0.756113
2921 1.717195
2922 10.920054
2995 1.495346
3095 0.590708
3110 8.215152
3179 0.772242
3313 1.507935
3316 1.233234
3459 1.696991
3489 2.811891
3492 0.693061
3573 0.788994
3761 1.188156
3783 1.471212
3951 2.114881
4196 0.734063
4317 1.254084
4417 4.874708
4424 3.039414
4456 6.078828
4613 0.902694
4734 0.619458
4769 6.917540
4842 1.624441
4857 2.085172
4866 0.945992
4901 0.902694
5035 3.568283
5050 0.945992
5054 1.925471
5100 0.700958
5513 4.170343
5601 5.196206
5689 0.838017
5724 5.124586
5833 0.499085
6082 1.925471
6274 1.200565
6352 2.562293
6421 0.590708
6456 0.806418
6568 0.723444
6587 0.622774
6616 0.899535
6627 1.141787
6635 1.233234
6712 2.340444
6802 1.005990
6806 1.355373
6809 2.136324
6823 1.562293
6861 2.437354
6909 0.747158
6968 1.268562
6974 1.893286
6975 5.623783
7001 1.358173
7048 1.925471
7062 0.687865
7072 1.405946
7118 0.611279
7120 1.665176
7150 0.978716
7191 3.996043
7488 2.194316
7621 2.261263
7635 0.704960
7641 0.646717
7745 1.612836
7794 1.448350
7847 2.796612
7848 3.039414
7864 2.340365
7887 0.971228
7911 1.240074
7915 1.043779
8016 0.939044
8044 1.483112
8234 1.275986
8243 2.990692
8294 0.925471
8295 2.716346
8346 2.738384
8352 0.854723
8745 2.194316
8784 0.932204
8785 3.396330
8821 1.416165
8826 2.127393
8828 1.835294
8829 0.648479
8860 1.925471
8893 4.449335
8919 2.281982
8959 1.136324
9019 5.285714
9026 2.039414
9120 2.136324
9132 0.731918
9242 1.507714
9380 1.136324
9430 2.039414
9669 3.098385
9729 1.349218
9761 1.670588
9974 9.920589
9975 2.340444
9984 2.562293
10010 1.061691
10036 0.736218
10069 1.592256
10249 1.927734
10373 2.562293
10487 0.596934
10677 1.649141
11047 2.136324
11228 1.141787
11320 1.001988
11340 0.986336
11366 1.367316
11375 0.791441
11376 0.464226
11397 0.974956
11523 1.076710
11532 0.652024
