37

103 1.219870
651 1.534264
808 1.483112
831 0.819306
897 0.860437
919 2.437354
1112 0.765256
2313 1.358173
2335 0.915562
2421 0.986336
2921 1.717195
2922 1.213339
3473 0.767573
4769 1.152923
4943 0.572546
5100 0.700958
5601 1.299051
6308 0.749380
6975 2.811891
7001 1.358173
7118 0.611279
7120 0.832588
7837 1.659203
7847 0.932204
8294 0.925471
8785 2.547247
8893 1.483112
9019 1.057143
9242 0.753857
9966 1.717195
9974 1.240074
10040 1.641474
10069 1.592256
10249 0.963867
10619 0.528869
10677 0.824570
11523 0.538355
