146

111 3.246110
186 0.971228
188 1.120336
198 1.152923
228 1.349218
334 2.734633
346 0.506660
447 1.206905
483 1.254084
531 1.837680
553 0.784142
665 1.898622
802 1.659203
889 2.261263
897 0.860437
917 0.574031
1093 1.405946
1106 1.942457
1114 6.255515
1132 2.531496
1135 2.567079
1255 1.760661
1444 1.459631
1454 2.194316
1487 0.838017
1542 1.628210
1797 1.405909
1801 3.039414
1940 1.735549
2029 2.340444
2053 1.548052
2064 1.206905
2185 1.182082
2363 1.022381
2366 1.717195
2633 1.094931
2690 1.949912
2700 1.548052
2711 1.562293
2762 0.470040
2806 1.035093
2946 1.416165
3014 0.990196
3193 1.659203
3423 0.925471
3442 2.340444
3492 0.693061
3601 2.194316
3611 0.986336
3724 2.340444
3778 1.863323
3806 1.395961
3807 1.386202
3929 1.641474
3979 1.471212
4060 1.808965
4091 0.693061
4333 2.272648
4413 1.005990
4451 0.878046
4452 1.483112
4458 1.043779
4568 1.624441
4734 0.619458
4738 1.145093
4744 2.261263
4938 1.367316
5025 0.840757
5135 2.375240
5154 1.808965
5177 3.546245
5307 2.061628
5384 2.085172
5491 0.809874
5692 0.753857
5732 0.786561
5734 0.562293
5753 0.650248
5900 1.039414
5957 1.226501
6106 1.608050
6162 1.448350
6220 2.832330
6317 0.702954
6421 1.181416
6433 0.758381
6445 1.483112
6548 3.039414
6746 3.039414
6813 0.786561
6828 0.717195
6874 0.500338
6940 3.039414
6946 2.085172
7061 0.478313
7062 0.343932
7249 1.925471
7297 1.534264
7303 3.039414
7430 3.476768
7498 0.355467
7532 1.261263
7655 0.922143
7691 3.039414
7704 0.713078
7745 2.419254
7855 2.966223
7981 0.925471
8044 1.483112
8083 0.711035
8183 1.405946
8227 0.816698
8338 1.906109
8348 1.534264
8431 1.960233
8482 1.043779
8684 2.537124
8826 1.418262
8829 0.648479
8919 3.042642
9059 1.084969
9065 0.915562
9106 1.696991
9242 1.507714
9461 1.442702
9528 2.039414
9538 2.105285
9729 1.349218
9767 0.567079
9783 0.869152
9863 1.219870
9903 0.793901
10017 0.928824
10058 0.606445
10092 1.774252
10423 0.698970
10801 6.078828
10890 0.930766
10908 2.738384
11025 0.681479
11328 1.152923
11340 0.986336
11376 0.464226
11523 0.538355
11605 1.318406
11606 3.728817
