49

186 1.942457
424 1.358173
457 1.061691
552 1.001988
961 4.388632
994 1.448350
1231 1.022381
1818 1.307020
1899 1.548052
2025 1.426630
2033 1.562293
3048 1.254084
3205 1.416165
3316 2.466468
3533 1.386202
3573 1.577988
4215 0.499085
4573 0.543870
4964 2.114286
5544 1.808965
5701 1.331844
5734 0.562293
5743 0.749380
6070 0.742749
6436 0.912309
6449 1.738384
6814 1.219870
6874 1.000676
7704 1.426157
7788 0.530212
7824 2.437354
7859 0.301427
8104 1.386202
8343 1.972671
8482 1.043779
8826 0.709131
9444 0.939044
9538 1.052642
9593 0.949509
9802 2.437354
9919 3.329986
9922 1.960233
10057 1.299051
10275 1.182082
10403 1.376656
10548 0.994091
10660 2.340444
11375 0.791441
11636 1.164353
