164

20 1.483112
176 1.358173
252 1.608050
289 2.085172
455 0.753857
458 1.494316
536 0.905875
592 1.717195
632 0.990196
736 1.448350
806 1.376656
831 0.819306
897 0.860437
1061 3.039414
1198 1.624441
1199 1.784142
1296 0.974956
1456 1.698165
1461 1.893286
1466 2.727241
1694 1.507935
1797 1.405909
1872 0.638014
1902 6.084650
1917 1.893286
1924 1.641474
2017 1.696991
2131 1.018225
2166 1.507935
2259 1.706521
2263 4.217837
2268 1.521321
2342 1.448350
2343 1.893286
2543 2.283574
2550 0.801368
2554 1.358173
2627 0.765256
2743 2.562293
2893 2.261263
3028 1.863323
3047 2.562293
3095 1.181416
3121 0.784142
3150 1.176091
3203 2.260791
3402 1.323411
3417 1.075626
3449 3.476768
3450 1.738384
3493 1.760661
3531 0.788994
3613 1.005990
3850 0.758381
3917 1.206905
3956 1.717195
3984 1.323411
4079 2.919261
4215 0.499085
4340 4.378892
4645 1.061691
4734 0.619458
4943 0.572546
5137 1.835294
5199 7.991064
5200 3.318406
5394 0.995670
5557 2.136324
5678 0.986336
5681 2.294639
5706 1.577016
5734 0.562293
5851 0.846290
5925 3.248882
6060 1.942457
6070 0.742749
6421 1.181416
6587 1.245547
6616 0.899535
6728 2.085172
6731 4.388632
6792 1.558758
6816 0.978716
6864 0.436270
6947 2.340444
6965 1.147320
6968 1.268562
7032 1.386202
7062 0.343932
7118 0.611279
7123 2.328706
7126 1.539802
7150 0.978716
7154 1.376656
7178 4.686879
7263 1.577016
7369 1.261263
7385 2.309704
7411 0.893286
7459 2.261263
7498 0.355467
7709 1.359157
7715 4.932937
7788 1.590635
7826 1.299051
7861 0.696991
7881 1.548052
7885 1.863323
7929 1.520900
7946 1.026577
7981 0.925471
8007 0.838017
8083 0.711035
8087 1.158601
8157 1.878087
8226 2.340444
8381 1.164353
8463 0.960233
8467 3.154032
8470 1.152923
8653 1.080373
8761 0.747158
8762 1.448350
8767 0.704960
8826 0.354565
8919 0.760661
8931 0.266359
8959 1.136324
9033 1.808965
9059 0.542484
9065 0.915562
9110 1.247022
9197 1.520900
9424 1.483112
9538 1.052642
9718 1.405946
9729 1.349218
9767 0.283539
9774 2.869886
9798 1.863323
9811 0.909080
9981 2.085172
10010 1.061691
10036 1.472436
10058 1.212890
10063 2.734633
10085 1.039414
10187 1.863323
10487 0.596934
10500 1.426630
10575 2.261263
10705 1.608050
10887 1.268562
10890 0.930766
10891 1.677686
11015 1.075626
11165 1.677686
11256 3.896714
11287 1.043779
11335 1.043779
11358 2.136324
11481 2.340444
11526 0.890195
11600 0.351885
