136

65 0.195378
455 0.031999
553 0.033285
808 0.125909
895 0.035923
897 0.036524
1102 0.052933
1112 0.097450
1269 0.039860
1494 0.066316
1506 0.047335
1721 0.031715
1905 0.181364
1939 0.059679
1956 0.147581
2010 0.123916
2024 0.043398
2028 0.065711
2044 0.073790
2115 0.039143
2154 0.028766
2410 0.103460
2421 0.167470
2455 0.036161
2680 0.064008
2696 0.029008
2702 0.080366
2707 0.084811
2708 0.043937
2763 0.032095
2921 0.072891
2922 0.463530
3095 0.025074
3275 0.025947
3300 0.103460
3459 0.072033
3473 0.032582
3489 0.059679
3492 0.029419
3627 0.053233
3761 0.050434
3783 0.062449
3811 0.084811
3818 0.029924
3841 0.040505
3846 0.090682
3951 0.029924
4024 0.191971
4466 0.086568
4613 0.038317
4769 0.342572
4987 0.067588
5035 0.302930
5050 0.080310
5100 0.029754
5601 0.165425
5689 0.071144
5732 0.033388
5817 0.058841
5827 0.058841
5841 0.062449
6071 0.026295
6082 0.081732
6568 0.030708
6587 0.026435
6677 0.108763
6802 0.042702
6806 0.028766
6809 0.272046
6909 0.063430
6968 0.053847
6975 0.059679
7001 0.057651
7008 0.037271
7037 0.108763
7048 0.081732
7062 0.014599
7118 0.025947
7120 0.141366
7191 0.254434
7217 0.033804
7621 0.095985
7641 0.027452
7760 0.028291
7878 0.079094
7911 0.052638
8016 0.039860
8146 0.068954
8150 0.046688
8227 0.034667
8243 0.126948
8294 0.039284
8295 0.115302
8419 0.193865
8740 0.281717
8785 0.108125
8826 0.052677
8829 0.027526
8893 0.062955
8919 0.032288
9019 0.134620
9026 0.086568
9056 0.074736
9120 0.181364
9242 0.031999
9380 0.096469
9461 0.030620
9587 0.054809
9605 0.074736
9669 0.065760
9787 0.103460
9811 0.038588
9820 0.081732
9937 0.079094
9962 0.129016
9974 0.315829
9999 0.050696
10010 0.045066
10018 0.062955
10036 0.062501
10040 0.069677
10069 0.135175
10251 0.050177
10373 0.217527
10403 0.058436
10677 0.035001
10901 0.080366
11047 0.090682
11208 0.062449
11228 0.048466
11366 0.116079
11397 0.041385
11459 0.211288
11523 0.091408
11532 0.027677
11539 0.067588
