108

71 0.878046
111 1.623055
346 1.013319
404 0.545260
458 0.747158
630 1.107385
682 3.039414
917 1.722094
1106 3.884913
1112 0.765256
1132 0.632874
1135 1.283539
1797 0.702954
1887 1.608050
1896 1.349218
1902 1.014108
1904 2.085172
1940 3.471098
2053 4.644157
2339 1.147320
2342 2.896699
2390 2.085172
2507 0.380449
2524 1.048188
2696 0.683388
2700 1.548052
2722 1.863323
2922 1.213339
3121 0.784142
3134 1.641474
3417 1.075626
3423 0.925471
3492 0.693061
3573 0.788994
3611 0.986336
3683 1.070931
3721 2.039414
4266 1.052642
4333 1.136324
4503 1.659203
4644 1.562293
4738 0.572546
4831 1.960233
4832 1.548052
5061 2.437354
5135 1.781430
5168 1.213339
5532 0.887126
5610 2.136324
5701 1.331844
5732 0.786561
5833 0.499085
5841 1.471212
5902 2.698436
5926 0.698970
5949 0.918840
6415 1.857649
6806 0.677686
6816 0.978716
6839 1.307020
6864 0.436270
7008 0.878046
7062 1.031797
7120 0.832588
7404 1.125600
7611 1.592256
7626 2.136324
7704 0.713078
7745 2.419254
7837 1.659203
7904 1.275986
8083 0.711035
8098 1.247022
8169 2.261263
8294 0.925471
8338 0.953054
8404 0.522218
8419 1.141787
8455 0.436270
8522 3.154032
8670 5.476768
8764 1.548052
8826 0.177283
9065 0.915562
9097 0.939044
9370 1.534264
9461 0.721351
9489 2.562293
9592 1.070931
9632 1.395961
9919 1.109995
10017 0.928824
10195 0.846290
10279 1.005990
10305 1.448350
10558 1.386202
10619 0.528869
10701 0.786561
10898 1.459631
11025 0.681479
11300 4.522526
11328 1.152923
11340 1.972671
11521 1.075626
11523 0.538355
11532 0.652024
11605 1.977609
11606 1.864408
