39

734 1.448350
808 1.483112
1102 1.247022
1112 0.765256
1905 2.136324
2028 1.548052
2763 0.756113
2922 1.213339
3489 1.405946
3811 1.998021
4613 0.902694
4769 1.152923
5035 1.784142
5601 2.598103
5841 1.471212
6806 0.677686
6975 1.405946
7001 1.358173
7191 1.998021
7498 0.355467
8146 1.624441
8294 0.925471
8419 1.141787
8740 1.659203
8785 1.698165
8893 1.483112
8931 0.266359
9019 1.057143
9380 1.136324
9669 0.774596
9966 1.717195
9974 2.480147
9999 1.194316
10040 1.641474
11208 1.471212
11366 1.367316
11459 1.659203
11523 0.538355
11609 1.213339
