135

65 3.068528
505 2.261263
808 1.483112
990 1.340444
1102 1.247022
1112 2.295769
1494 1.562293
1540 2.085172
1721 0.747158
1956 1.738384
2010 1.459631
2024 1.022381
2025 1.426630
2046 1.018225
2154 0.677686
2410 2.437354
2421 2.959007
2455 0.851893
2507 0.760899
2536 1.367316
2696 0.683388
2708 1.035093
2763 0.756113
2872 2.136324
2921 1.717195
2922 8.493375
3095 0.590708
3275 0.611279
3300 2.437354
3351 1.094931
3459 1.696991
3473 0.767573
3482 0.967532
3492 0.693061
3613 1.005990
3627 1.254084
3761 1.188156
3783 1.471212
3807 1.386202
3841 0.954243
3951 0.704960
4024 2.261263
4226 2.085172
4708 0.689166
4769 8.070464
4943 1.145093
4955 1.562293
5035 5.352425
5050 1.891985
5100 0.700958
5213 2.136324
5601 3.897154
5614 3.039414
5692 0.753857
5724 2.562293
5732 0.786561
5797 1.066286
5827 1.386202
6082 1.925471
6348 1.534264
6421 0.590708
6432 2.738384
6574 1.863323
6802 1.005990
6806 2.033059
6809 6.408972
6956 2.437354
6962 1.200565
6968 1.268562
6975 2.811891
7001 2.716346
7062 0.687865
7120 2.497765
7191 1.998021
7217 0.796376
7255 3.282948
7589 1.261263
7598 1.998021
7621 2.261263
7641 0.646717
7760 0.666502
7811 2.738384
8125 2.562293
8227 0.816698
8232 2.340444
8243 2.990692
8294 0.925471
8295 1.358173
8419 1.141787
8455 0.436270
8537 1.641474
8740 1.659203
8785 4.245412
8821 1.416165
8826 0.709131
8829 0.648479
8919 0.760661
9019 3.171429
9026 2.039414
9120 2.136324
9144 0.925471
9380 2.272648
9430 2.039414
9605 1.760661
9669 1.549193
9787 2.437354
9796 1.592256
9811 0.909080
9944 1.182082
9961 3.039414
9974 6.200368
10010 1.061691
10018 1.483112
10036 2.208654
10040 1.641474
10069 1.592256
10249 0.963867
10251 1.182082
10401 1.022381
10403 1.376656
10496 3.039414
10677 0.824570
10827 1.717195
10901 1.893286
11047 2.136324
11228 1.141787
11320 1.001988
11366 1.367316
11397 0.974956
11459 3.318406
11471 1.808965
11523 1.615065
11532 0.652024
11539 1.592256
11557 1.893286
