99

20 0.094560
99 0.069497
176 0.086594
297 0.075367
885 0.249960
1199 0.113753
1390 0.083333
1466 0.173883
1507 0.086594
1636 0.071098
1721 0.047637
1804 0.084378
1902 0.258629
1918 0.163366
2115 0.058794
2259 0.054402
2263 0.179280
2627 0.097582
2646 0.122764
2798 0.193786
3171 0.093801
3203 0.144143
3818 0.044947
3894 0.174593
3906 0.144173
4079 0.093063
4340 0.186125
4553 0.144173
4582 0.095340
4614 0.090959
4645 0.067691
4964 0.067401
5023 0.068280
5080 0.149221
5199 0.339661
5200 0.211574
5386 0.108196
5549 0.124980
5692 0.048064
5706 0.100547
5712 0.061688
5734 0.143402
5749 0.061688
5925 0.207141
5948 0.055043
6112 0.031981
6242 0.099608
6421 0.112986
6456 0.051415
6694 0.174593
6792 0.033128
6843 0.155400
6871 0.096142
6901 0.136207
7062 0.021928
7111 0.063641
7125 0.090291
7126 0.049087
7182 0.084915
7385 0.098174
7498 0.022664
7625 0.115335
7641 0.041233
7709 0.043328
7715 0.078628
7738 0.067984
7788 0.067610
7859 0.038437
7929 0.193938
8419 0.072798
8508 0.081835
8529 0.067984
8653 0.068882
8761 0.095274
8767 0.179787
8826 0.011303
9130 0.097877
9538 0.067114
9933 0.068579
9993 0.103571
10018 0.094560
10036 0.093879
10360 0.174593
10433 0.067114
10509 0.044947
10556 0.226100
10619 0.033719
10779 0.102526
10799 0.163366
10850 0.193786
10880 0.105787
10887 0.080881
10888 0.349186
11290 0.098700
11359 0.118801
11396 0.060092
11492 0.193786
11526 0.056757
11600 0.022435
