236

20 2.966223
176 2.716346
179 1.268562
252 1.608050
256 2.437354
289 2.085172
318 1.649141
352 1.331844
455 0.753857
458 1.494316
536 0.905875
592 1.717195
632 0.990196
678 1.395961
771 1.182082
798 1.307020
806 1.376656
822 1.495346
855 2.136324
885 1.960233
917 0.574031
924 2.738384
1198 1.624441
1199 1.784142
1296 0.974956
1456 0.849082
1461 1.893286
1466 5.454482
1498 1.275986
1548 1.367316
1588 2.562293
1694 1.507935
1721 0.747158
1797 1.405909
1803 1.254084
1804 2.646822
1828 1.696991
1872 0.638014
1902 7.098758
1917 1.893286
1924 1.641474
2017 1.696991
2131 1.018225
2165 0.808965
2166 1.507935
2224 1.147320
2243 2.085172
2259 2.133151
2263 4.217837
2268 3.042642
2343 3.786572
2363 1.022381
2507 0.380449
2543 2.283574
2552 2.087558
2554 1.358173
2627 0.765256
2743 2.562293
2762 0.940080
2893 2.261263
2926 1.520900
2927 1.624441
2954 0.935610
3028 1.863323
3047 2.562293
3121 2.352425
3150 1.176091
3203 3.956385
3266 1.893286
3329 2.738384
3362 2.437354
3394 1.507935
3402 1.323411
3449 3.476768
3450 1.738384
3473 0.767573
3493 1.760661
3531 0.788994
3550 1.386202
3613 1.005990
3683 1.070931
3841 0.477121
3850 0.758381
3926 0.986336
3956 1.717195
3984 1.323411
4079 4.378892
4091 0.693061
4215 0.499085
4340 10.217414
4520 0.729784
4550 1.291226
4566 0.827227
4582 1.495346
4645 1.061691
4738 1.145093
4904 1.471212
4943 1.145093
5053 2.160745
5058 1.893286
5137 1.835294
5199 9.322908
5200 6.636812
5307 1.030814
5386 5.090974
5394 1.493505
5395 1.035093
5549 1.960233
5557 4.272648
5681 2.294639
5689 0.838017
5706 1.577016
5734 1.686879
5743 1.498759
5827 1.386202
5925 1.624441
5945 1.141787
6035 1.925471
6060 0.971228
6070 0.742749
6112 1.504785
6227 1.158601
6421 1.772123
6433 0.758381
6568 0.723444
6587 1.245547
6728 2.085172
6731 4.388632
6786 2.738384
6792 2.078345
6813 0.786561
6816 0.978716
6839 2.614041
6864 0.872539
6899 2.738384
6947 2.340444
6965 2.294639
7008 0.878046
7032 1.386202
7062 0.687865
7111 0.499085
7123 2.328706
7125 1.416165
7126 2.309704
7150 0.978716
7154 1.376656
7178 4.686879
7183 2.085172
7369 1.261263
7385 2.309704
7411 0.893286
7459 2.261263
7460 0.990196
7501 2.105285
7635 0.704960
7709 2.718315
7715 4.932937
7738 1.066286
7788 1.590635
7856 1.254084
7859 0.904280
7881 1.548052
7885 3.726646
7929 1.520900
7946 1.026577
7951 3.920466
8007 0.838017
8083 0.711035
8087 1.158601
8157 0.939044
8226 2.340444
8326 1.268562
8353 1.548052
8404 0.522218
8455 0.436270
8463 0.960233
8467 1.577016
8470 1.152923
8482 2.087558
8512 1.750123
8653 1.080373
8761 0.747158
8762 1.448350
8826 1.595545
8931 0.532719
8971 1.307020
9059 1.627453
9062 1.075626
9065 3.662250
9110 1.247022
9117 2.261263
9293 2.340444
9424 1.483112
9538 4.210570
9614 1.784142
9677 1.268562
9729 1.349218
9767 0.567079
9774 2.869886
9798 1.863323
9811 0.909080
9903 1.587803
9936 1.608050
10010 1.061691
10018 1.483112
10036 3.681090
10058 1.212890
10063 4.101949
10085 1.039414
10118 1.717195
10415 1.659203
10433 2.105285
10575 2.261263
10632 2.437354
10663 1.835294
10705 1.608050
10887 1.268562
10890 0.930766
10891 1.677686
10903 1.548052
11002 2.562293
11256 6.234742
11257 3.679502
11305 2.085172
11320 1.001988
11382 1.893286
11386 1.349218
11396 0.942504
11437 1.213339
11458 1.709445
11466 1.109995
11481 2.340444
11526 0.890195
11564 1.608050
11600 0.351885
11646 2.738384
