254

20 0.090093
176 0.082503
252 0.048841
256 0.074029
289 0.063333
318 0.050089
352 0.040452
423 0.037665
455 0.022897
458 0.045387
536 0.027514
592 0.052156
632 0.030075
639 0.059538
678 0.042399
736 0.043990
771 0.035903
798 0.039698
806 0.041813
822 0.045418
855 0.064886
885 0.059538
917 0.017435
924 0.083172
992 0.035190
1198 0.049339
1199 0.054189
1296 0.029612
1456 0.025789
1461 0.057504
1466 0.165668
1548 0.041529
1588 0.077824
1694 0.045800
1721 0.022693
1797 0.042701
1803 0.038090
1804 0.080391
1828 0.051542
1872 0.038757
1902 0.215609
1917 0.115009
1924 0.049856
2014 0.077824
2017 0.051542
2058 0.027321
2077 0.051542
2131 0.030926
2165 0.024571
2166 0.045800
2224 0.034847
2243 0.063333
2259 0.077748
2263 0.128108
2268 0.092414
2343 0.115009
2363 0.031053
2543 0.069359
2552 0.031703
2554 0.041252
2601 0.045800
2627 0.023243
2743 0.077824
2762 0.028553
2877 0.077824
2893 0.068681
2926 0.046194
2927 0.049339
2954 0.028417
3028 0.056594
3047 0.077824
3150 0.035721
3203 0.085833
3204 0.034513
3266 0.057504
3329 0.083172
3362 0.074029
3394 0.045800
3402 0.080391
3449 0.105599
3450 0.052800
3493 0.053476
3531 0.023964
3550 0.042103
3613 0.030555
3683 0.032527
3841 0.014492
3850 0.023034
3926 0.029958
3956 0.052156
3984 0.040196
4079 0.132999
4091 0.021050
4195 0.035542
4215 0.015159
4340 0.310332
4520 0.022166
4550 0.039218
4582 0.045418
4645 0.032247
4738 0.034780
4904 0.044685
4943 0.052170
5053 0.065628
5058 0.057504
5100 0.021290
5137 0.055743
5157 0.054943
5199 0.283163
5200 0.201579
5307 0.031309
5386 0.154627
5394 0.045362
5395 0.031439
5549 0.059538
5557 0.129772
5681 0.104542
5692 0.022897
5706 0.047898
5734 0.051235
5743 0.045522
5827 0.042103
5925 0.049339
5945 0.034679
6035 0.058482
6060 0.029499
6070 0.022559
6085 0.083172
6112 0.045705
6220 0.043013
6227 0.035190
6421 0.053824
6433 0.023034
6463 0.043990
6504 0.026488
6587 0.037831
6616 0.027321
6728 0.063333
6731 0.133295
6786 0.083172
6792 0.063125
6813 0.023890
6816 0.029726
6839 0.079396
6864 0.026501
6899 0.083172
6947 0.071086
6965 0.069695
7008 0.026669
7032 0.126309
7062 0.031339
7111 0.030317
7118 0.018566
7123 0.070729
7125 0.043013
7126 0.070152
7150 0.029726
7154 0.041813
7178 0.142354
7183 0.063333
7369 0.038308
7385 0.070152
7411 0.027132
7459 0.068681
7460 0.030075
7501 0.031972
7635 0.021412
7709 0.082563
7715 0.187284
7738 0.032386
7788 0.048312
7856 0.038090
7859 0.027466
7881 0.047019
7885 0.113189
7915 0.031703
7918 0.047019
7925 0.046194
7929 0.046194
7946 0.031180
7951 0.119076
8007 0.025453
8083 0.021596
8087 0.035190
8157 0.028521
8226 0.071086
8326 0.038530
8353 0.047019
8404 0.015861
8455 0.026501
8463 0.029165
8467 0.047898
8470 0.035018
8482 0.063405
8653 0.032814
8761 0.022693
8762 0.043990
8826 0.059230
8931 0.016180
8971 0.039698
9059 0.049430
9062 0.032670
9065 0.111233
9110 0.037876
9117 0.068681
9293 0.071086
9424 0.045046
9538 0.127887
9614 0.054189
9677 0.038530
9729 0.040980
9761 0.050741
9767 0.017224
9774 0.145278
9783 0.026399
9798 0.056594
9811 0.027611
9903 0.048226
9936 0.048841
10010 0.032247
10018 0.045046
10036 0.067083
10058 0.036839
10063 0.124588
10085 0.031570
10103 0.148059
10118 0.052156
10415 0.050395
10433 0.063943
10575 0.068681
10632 0.074029
10663 0.055743
10705 0.048841
10887 0.077060
10890 0.028270
10891 0.050956
10903 0.047019
11002 0.077824
11256 0.189367
11257 0.111757
11305 0.063333
11320 0.030433
11382 0.057504
11386 0.040980
11396 0.028627
11437 0.036853
11458 0.025960
11466 0.033714
11481 0.071086
11526 0.027038
11532 0.019804
11564 0.048841
11600 0.010688
11646 0.083172
