139

7 2.698436
23 1.018225
77 1.893286
79 0.922143
111 3.246110
186 0.971228
188 1.120336
217 0.808965
346 1.519979
630 0.553693
695 1.784142
831 0.819306
917 2.296125
1007 2.199790
1074 1.120336
1106 3.884913
1132 3.164370
1135 5.134157
1336 1.608050
1499 1.052642
1503 1.717195
1532 0.779343
1542 1.628210
1596 1.677686
1605 1.786572
1842 2.261263
1874 1.577016
1940 1.157033
1950 1.534264
2021 1.437354
2042 1.349218
2128 2.039414
2154 0.677686
2223 3.039414
2403 2.085172
2507 0.760899
2518 0.824570
2600 1.641474
2696 0.683388
2700 1.548052
2922 1.213339
3004 1.659203
3014 1.980392
3354 2.194316
3423 1.850942
3611 0.986336
3795 1.395961
3841 0.477121
4060 1.808965
4215 0.998169
4359 1.070931
4413 2.011981
4458 1.043779
4529 1.307020
4669 1.696991
4677 1.079454
4738 1.717639
4832 1.548052
4943 0.572546
5135 4.156669
5178 0.832588
5320 1.818161
5394 0.995670
5491 0.809874
5529 0.646717
5624 2.199790
5692 0.753857
5732 0.786561
5734 0.562293
5740 1.268562
5743 0.749380
5885 0.706976
5964 1.659203
6097 1.094931
6317 1.405909
6348 1.534264
6415 3.715298
6431 4.522526
6657 1.471212
6813 0.786561
6838 4.481344
6864 0.436270
6874 0.500338
6928 2.562293
6937 2.261263
7111 0.499085
7120 0.832588
7150 0.978716
7165 1.115135
7350 1.659203
7411 0.893286
7635 0.704960
7668 1.641474
7745 1.612836
7760 0.666502
7987 1.376656
8016 0.939044
8083 0.711035
8338 0.953054
8354 2.437354
8387 0.854723
8404 0.522218
8455 0.436270
8499 0.796376
8531 3.039414
8539 0.668346
8829 1.296958
8930 1.048188
8931 1.065438
9031 2.652234
9059 0.542484
9104 0.893286
9351 1.367316
9592 1.070931
9679 1.520900
9757 2.340444
9783 0.869152
9902 3.039414
10017 0.928824
10092 1.774252
10326 0.731918
10475 2.158908
10619 0.528869
10639 1.120336
10658 1.240074
10661 1.507935
10701 0.786561
11025 1.362959
11122 2.194316
11155 1.562293
11162 1.254084
11298 2.364163
11340 1.972671
11376 0.464226
11523 1.076710
11592 1.717195
11605 0.659203
11606 0.932204
11644 3.039414
