137

45 1.405946
79 0.922143
98 1.066286
186 1.942457
297 1.182082
424 1.358173
457 1.061691
552 2.003975
913 1.039414
961 6.582948
994 1.448350
1074 1.120336
1075 1.863323
1199 1.784142
1231 1.022381
1296 0.974956
1467 1.863323
1636 1.115135
1807 1.857649
1818 1.307020
1899 1.548052
1900 1.507935
1994 1.090024
2025 1.426630
2033 1.562293
2042 2.698436
2131 1.018225
2166 1.507935
2189 1.760661
2268 1.521321
2353 1.784142
2507 0.380449
2572 0.884078
2638 1.061691
2846 2.039414
3048 1.254084
3050 1.659203
3122 0.765256
3203 1.695594
3204 1.136324
3205 1.416165
3243 1.001988
3316 2.466468
3533 1.386202
3573 1.577988
3605 1.349218
3633 1.219870
3841 0.477121
3917 2.413810
4200 2.261263
4215 1.497254
4537 1.109995
4573 0.543870
4687 1.835294
4855 2.085172
4964 2.114286
5012 0.827227
5544 1.808965
5562 1.367316
5569 2.053154
5701 2.663688
5734 1.686879
5743 0.749380
5967 1.808965
6070 1.485498
6112 0.501595
6117 1.608050
6211 1.226501
6225 2.437354
6274 1.200565
6415 0.928824
6436 7.298475
6449 3.476768
6456 0.806418
6792 0.519586
6796 1.367316
6814 1.219870
6874 1.000676
7008 0.878046
7039 1.254084
7126 3.849506
7208 1.835294
7704 2.139235
7788 0.530212
7793 2.340444
7824 2.437354
7859 0.602854
7936 2.663688
7987 1.376656
7991 1.562293
7995 1.835294
8104 1.386202
8111 1.035093
8343 1.972671
8422 2.085172
8482 1.043779
8512 1.750123
8603 1.784142
8641 2.508169
8826 1.063696
9137 1.448350
9138 0.673926
9270 1.075626
9444 0.939044
9531 2.194316
9538 1.052642
9574 1.696991
9584 1.340444
9593 0.949509
9594 1.495346
9623 0.994091
9802 2.437354
9919 4.439981
9921 2.562293
9922 1.960233
10036 0.736218
10057 1.299051
10275 1.182082
10403 2.753313
10509 0.704960
10548 0.994091
10619 0.528869
10627 1.562293
10658 1.240074
10660 2.340444
10890 0.465383
11058 2.261263
11119 1.659203
11194 1.014108
11242 1.048188
11256 0.779343
11375 1.582882
11376 0.464226
11523 0.538355
11600 0.351885
11636 2.328706
11637 0.928824
