283

5 0.037106
13 0.072505
23 0.025681
68 0.038360
74 0.023772
85 0.032764
108 0.029514
111 0.061404
165 0.046996
166 0.173608
175 0.030934
178 0.047752
188 0.028257
204 0.033170
206 0.046996
282 0.035208
298 0.042314
308 0.046184
313 0.036530
334 0.034486
346 0.166124
380 0.041401
404 0.013752
455 0.019014
458 0.018845
483 0.031630
485 0.029967
486 0.035208
550 0.059030
575 0.061474
583 0.042801
600 0.024496
602 0.036814
630 0.111720
651 0.038697
689 0.063990
802 0.041848
873 0.044999
897 0.021702
917 0.014478
921 0.039044
1007 0.138706
1053 0.025272
1090 0.041401
1106 0.122480
1114 0.052591
1132 0.047886
1197 0.113145
1231 0.025786
1237 0.049440
1258 0.031277
1269 0.023684
1277 0.050393
1455 0.034030
1503 0.086621
1542 0.020533
1573 0.044999
1651 0.044999
1727 0.048564
1796 0.036814
1797 0.017730
1859 0.030591
1872 0.048275
1887 0.040558
1939 0.035460
1940 0.131320
2052 0.034486
2067 0.031811
2071 0.048992
2115 0.023258
2125 0.044999
2140 0.036814
2259 0.021521
2372 0.046289
2507 0.019191
2552 0.026326
2609 0.037407
2677 0.039044
2690 0.024590
2696 0.017236
2700 0.039044
2711 0.039404
2745 0.064625
2763 0.019070
2834 0.049440
2842 0.055344
2843 0.037106
2844 0.049440
2950 0.140834
3035 0.045625
3050 0.125544
3121 0.019777
3122 0.038602
3136 0.036252
3236 0.024590
3275 0.015417
3316 0.031104
3374 0.029514
3384 0.034030
3417 0.027129
3423 0.046684
3436 0.034486
3464 0.035982
3470 0.044999
3492 0.017480
3557 0.051437
3562 0.039404
3567 0.017933
3573 0.039799
3611 0.049754
3627 0.094890
3665 0.052591
3683 0.027011
3758 0.029814
3807 0.034962
3818 0.017780
3943 0.040159
3944 0.044999
4195 0.029514
4315 0.076282
4389 0.114066
4397 0.076659
4451 0.022146
4458 0.078978
4520 0.018406
4566 0.020864
4634 0.051437
4665 0.061474
4669 0.042801
4677 0.013613
4738 0.072203
4830 0.035982
4832 0.117133
4834 0.079989
4870 0.059030
4895 0.059030
4901 0.022767
4934 0.059030
4969 0.057596
4978 0.037715
5012 0.020864
5053 0.108995
5135 0.134792
5143 0.022767
5168 0.061205
5178 0.083997
5294 0.043845
5296 0.069067
5397 0.049440
5411 0.064625
5476 0.061474
5491 0.010213
5496 0.049370
5532 0.022375
5613 0.049440
5624 0.138706
5630 0.059030
5732 0.019838
5749 0.073208
5753 0.032801
5814 0.222034
5851 0.021345
5880 0.021068
5885 0.017831
6071 0.015624
6181 0.059030
6287 0.069067
6317 0.035459
6380 0.023772
6415 0.046853
6418 0.073629
6421 0.044696
6422 0.053882
6433 0.019128
6505 0.066757
6601 0.037715
6616 0.022688
6641 0.044407
6649 0.037106
6806 0.017092
6813 0.039677
6839 0.032965
6860 0.031630
6864 0.011003
6928 0.064625
6965 0.028937
7061 0.012064
7062 0.112769
7111 0.012588
7131 0.073060
7143 0.023258
7154 0.034722
7165 0.028126
7184 0.064625
7216 0.061474
7318 0.039404
7404 0.028390
7584 0.041401
7635 0.035561
7694 0.058789
7745 0.020339
7760 0.050431
7775 0.033808
7859 0.015205
7862 0.024219
7887 0.048992
7896 0.036252
7991 0.039404
8007 0.021136
8016 0.023684
8057 0.046996
8169 0.114066
8272 0.044596
8284 0.035982
8343 0.024877
8417 0.092578
8455 0.033010
8457 0.030123
8499 0.080344
8522 0.039775
8523 0.061474
8563 0.036814
8664 0.055344
8755 0.059030
8819 0.032764
8826 0.035771
8829 0.016356
8846 0.036814
8912 0.047752
8919 0.038370
8920 0.054984
8931 0.020154
9059 0.027365
9158 0.069067
9188 0.064625
9279 0.034486
9333 0.035982
9393 0.051437
9592 0.054021
9627 0.064625
9632 0.070417
9729 0.034030
9767 0.007151
9770 0.025786
9905 0.040558
9919 0.083988
9933 0.027129
9942 0.034962
10004 0.050393
10015 0.053787
10036 0.092843
10092 0.111874
10215 0.041401
10228 0.122410
10276 0.020403
10326 0.018460
10327 0.035718
10396 0.025577
10458 0.032764
10464 0.069067
10530 0.029367
10548 0.025073
10563 0.069925
10564 0.048564
10565 0.033808
10619 0.013339
10637 0.049440
10794 0.095504
10890 0.011738
11096 0.104165
11135 0.032567
11155 0.039404
11306 0.014860
11320 0.025272
11332 0.036074
11376 0.011709
11423 0.020598
11437 0.030602
11501 0.031630
11523 0.013578
11547 0.026216
11605 0.066505
11606 0.258629
