207

20 0.049165
27 0.084939
36 0.043871
68 0.050417
74 0.031244
96 0.100756
115 0.090777
133 0.302267
176 0.045023
216 0.049570
252 0.053306
285 0.084939
308 0.030351
458 0.024768
771 0.078371
806 0.045636
994 0.096025
1155 0.070818
1198 0.053850
1199 0.059144
1456 0.056294
1466 0.180814
1487 0.027780
1548 0.090652
1757 0.062762
1764 0.053306
1804 0.087741
1831 0.025445
1902 0.201704
1972 0.067606
1989 0.048386
1994 0.036134
2046 0.033754
2115 0.030569
2131 0.033754
2154 0.022465
2165 0.026817
2259 0.098999
2263 0.046607
2268 0.050431
2348 0.031712
2421 0.065393
2467 0.066234
2627 0.076104
2667 0.045636
2677 0.051317
2768 0.033482
2769 0.073933
2806 0.034313
2980 0.066234
3014 0.032825
3038 0.055002
3121 0.051988
3122 0.025368
3123 0.072741
3203 0.187361
3218 0.101721
3394 0.049988
3402 0.043871
3449 0.057627
3473 0.025445
3495 0.038791
3539 0.055615
3546 0.032444
3613 0.033348
3637 0.037669
3683 0.035501
3694 0.041108
3754 0.061769
3818 0.070108
3841 0.015816
3917 0.040009
3923 0.100756
3938 0.040881
3984 0.043871
4040 0.066234
4079 0.241931
4080 0.100756
4091 0.068924
4340 0.193545
4349 0.084939
4553 0.074960
4708 0.022846
4734 0.020535
4738 0.018980
4859 0.052783
4943 0.037959
4964 0.035044
4969 0.037850
5023 0.035501
5050 0.031359
5070 0.061769
5100 0.069710
5112 0.031831
5199 0.264901
5200 0.110004
5376 0.041810
5386 0.056255
5394 0.016503
5681 0.038033
5692 0.024990
5706 0.052278
5734 0.074559
5743 0.024842
5749 0.032073
5762 0.049165
5780 0.077585
5833 0.016544
5851 0.056108
5925 0.053850
5945 0.037850
5946 0.145482
5964 0.055002
6070 0.024622
6097 0.036297
6112 0.033255
6421 0.019582
6433 0.025140
6568 0.023982
6569 0.063829
6587 0.061934
6616 0.029819
6725 0.084597
6792 0.017224
6839 0.129982
6965 0.038033
6968 0.042052
7032 0.045952
7061 0.015856
7085 0.138246
7118 0.020264
7126 0.025522
7178 0.051790
7188 0.045636
7217 0.026400
7385 0.255220
7387 0.083621
7459 0.149920
7460 0.065649
7501 0.069790
7625 0.059967
7635 0.046738
7704 0.023638
7709 0.022528
7715 0.040881
7737 0.045023
7738 0.070694
7788 0.052729
7859 0.009992
7861 0.023105
7915 0.034601
8046 0.040438
8049 0.084939
8157 0.093387
8175 0.096025
8272 0.029307
8281 0.045326
8327 0.069123
8353 0.051317
8463 0.095494
8512 0.058016
8563 0.048386
8586 0.090777
8630 0.067606
8653 0.035814
8826 0.029384
8931 0.008830
8971 0.043327
8989 0.048770
9059 0.017983
9075 0.100835
9117 0.074960
9162 0.059967
9521 0.049165
9538 0.034895
9576 0.070818
9593 0.031476
9747 0.031359
9761 0.027690
9767 0.009399
9774 0.126848
9783 0.028812
9936 0.053306
10018 0.049165
10036 0.073216
10058 0.060310
10248 0.060839
10279 0.033348
10303 0.059144
10509 0.023369
10705 0.106613
10867 0.059967
10887 0.042052
10890 0.015427
11210 0.028147
11256 0.206680
11257 0.121974
11376 0.015389
11396 0.031244
11458 0.028334
11466 0.073592
11482 0.060839
11495 0.077585
11503 0.029307
11536 0.131612
11576 0.084939
11618 0.077585
