133

111 0.099516
157 0.083275
217 0.049601
423 0.076034
473 0.157104
630 0.067898
633 0.148000
665 0.038804
831 0.100470
883 0.093252
917 0.035196
1112 0.046921
1135 0.078699
1370 0.068058
1371 0.354175
1532 0.095569
1547 0.112529
1721 0.045811
1820 0.096693
1867 0.149444
1940 0.106413
1950 0.094072
2058 0.055154
2154 0.041552
2298 0.118058
2455 0.052233
2507 0.023327
2524 0.064269
2541 0.130986
2551 0.085592
2609 0.090935
2696 0.125704
2922 0.074395
3004 0.101732
3193 0.101732
3397 0.149444
3415 0.084993
3423 0.170233
3436 0.083836
3492 0.042494
3567 0.174385
3573 0.048376
3710 0.149444
3841 0.029254
3852 0.105288
3911 0.097627
3988 0.107953
4213 0.076893
4215 0.030601
4266 0.064542
4333 0.069673
4446 0.186358
4540 0.134542
4550 0.079170
4687 0.112529
4701 0.078236
4738 0.035105
4745 0.116085
4747 0.078236
4769 0.070690
4834 0.129635
4901 0.055348
4943 0.035105
5025 0.051550
5143 0.055348
5433 0.149444
5440 0.186358
5452 0.104049
5453 0.104049
5491 0.049657
5826 0.069342
5902 0.082726
6066 0.107953
6200 0.157104
6268 0.143502
6278 0.157104
6308 0.091895
6421 0.036219
6806 0.041552
6813 0.048227
6858 0.069342
7061 0.029327
7062 0.021088
7327 0.186358
7428 0.079650
7498 0.021795
7587 0.095790
7643 0.057789
7745 0.049445
7760 0.040866
7847 0.057157
8007 0.051382
8338 0.058436
8404 0.096058
8419 0.070007
8440 0.084993
8529 0.065378
8539 0.122937
8733 0.134542
8826 0.032610
8829 0.198804
8919 0.046639
9019 0.064818
9025 0.127850
9031 0.054206
9097 0.057576
9132 0.044877
9242 0.046222
9485 0.186358
9667 0.071038
9767 0.034770
10017 0.056950
10036 0.045140
10088 0.093252
10092 0.054393
10231 0.120190
10255 0.114248
10326 0.044877
10517 0.087472
10549 0.186358
10890 0.057069
11025 0.125353
11135 0.079170
11287 0.063998
11335 0.063998
11369 0.186358
11397 0.059778
11434 0.143502
11453 0.149444
11523 0.033009
11600 0.021575
11605 0.040418
11606 0.057157
