282

5 1.471212
13 2.874708
23 1.018225
68 1.520900
74 0.942504
85 1.299051
108 1.170182
111 2.434582
165 1.863323
166 6.883281
175 1.226501
188 1.120336
204 1.315138
206 1.863323
282 1.395961
298 1.677686
308 1.831125
313 1.448350
334 1.367316
346 6.586577
380 1.641474
404 0.545260
455 0.753857
458 0.747158
483 1.254084
485 1.188156
486 1.395961
550 2.340444
575 2.437354
583 1.696991
600 0.971228
602 1.459631
630 4.429542
651 1.534264
689 2.537124
802 1.659203
873 1.784142
897 0.860437
917 0.574031
921 1.548052
1007 5.499474
1053 1.001988
1090 1.641474
1106 4.856141
1114 2.085172
1132 1.898622
1197 4.486038
1231 1.022381
1237 1.960233
1258 1.240074
1269 0.939044
1277 1.998021
1455 1.349218
1503 3.434390
1542 0.814105
1573 1.784142
1651 1.784142
1727 1.925471
1796 1.459631
1797 0.702954
1859 1.212890
1872 1.914041
1887 1.608050
1939 1.405946
1940 5.206646
2052 1.367316
2067 1.261263
2071 1.942457
2115 0.922143
2125 1.784142
2140 1.459631
2259 0.853261
2372 1.835294
2507 0.760899
2552 1.043779
2609 1.483112
2677 1.548052
2690 0.974956
2696 0.683388
2700 1.548052
2711 1.562293
2745 2.562293
2763 0.756113
2834 1.960233
2842 2.194316
2843 1.471212
2844 1.960233
2950 5.583846
3035 1.808965
3050 4.977609
3121 0.784142
3122 1.530513
3136 1.437354
3236 0.974956
3275 0.611279
3316 1.233234
3374 1.170182
3384 1.349218
3417 1.075626
3423 1.850942
3436 1.367316
3464 1.426630
3470 1.784142
3492 0.693061
3557 2.039414
3562 1.562293
3567 0.711035
3573 1.577988
3611 1.972671
3627 3.762253
3665 2.085172
3683 1.070931
3758 1.182082
3807 1.386202
3818 0.704960
3943 1.592256
3944 1.784142
4195 1.170182
4315 3.024452
4389 6.783789
4451 0.878046
4458 3.131337
4520 0.729784
4566 0.827227
4634 2.039414
4665 2.437354
4669 1.696991
4677 0.539727
4738 2.862732
4830 1.426630
4832 4.644157
4834 3.171429
4870 2.340444
4895 2.340444
4901 0.902694
4934 2.340444
4969 2.283574
4978 1.495346
5012 0.827227
5053 4.321491
5135 5.344289
5143 0.902694
5168 2.426679
5178 3.330353
5294 1.738384
5296 2.738384
5397 1.960233
5411 2.562293
5476 2.437354
5491 0.404937
5496 1.957433
5532 0.887126
5613 1.960233
5624 5.499474
5630 2.340444
5732 0.786561
5749 2.902596
5753 1.300496
5814 8.803303
5851 0.846290
5880 0.835294
5885 0.706976
6071 0.619458
6181 2.340444
6287 2.738384
6317 1.405909
6380 0.942504
6415 1.857649
6418 2.919261
6421 1.772123
6422 2.136324
6433 0.758381
6505 2.646822
6601 1.495346
6616 0.899535
6641 1.760661
6649 1.471212
6806 0.677686
6813 1.573122
6839 1.307020
6860 1.254084
6864 0.436270
6928 2.562293
6965 1.147320
7061 0.478313
7062 4.471122
7111 0.499085
7131 2.896699
7143 0.922143
7154 1.376656
7165 1.115135
7184 2.562293
7216 2.437354
7318 1.562293
7404 1.125600
7584 1.641474
7635 1.409921
7694 2.330889
7745 0.806418
7760 1.999506
7775 1.340444
7859 0.602854
7862 0.960233
7887 1.942457
7896 1.437354
7991 1.562293
8007 0.838017
8016 0.939044
8057 1.863323
8169 4.522526
8272 1.768156
8284 1.426630
8343 0.986336
8417 3.670588
8455 1.308809
8457 1.194316
8499 3.185504
8522 1.577016
8523 2.437354
8563 1.459631
8664 2.194316
8755 2.340444
8819 1.299051
8826 1.418262
8829 0.648479
8846 1.459631
8912 1.893286
8919 1.521321
8920 2.180048
8931 0.799078
9059 1.084969
9158 2.738384
9188 2.562293
9279 1.367316
9333 1.426630
9393 2.039414
9592 2.141862
9627 2.562293
9632 2.791923
9729 1.349218
9767 0.283539
9770 1.022381
9905 1.608050
9919 3.329986
9933 1.075626
9942 1.386202
10004 1.998021
10015 2.132573
10036 3.681090
10092 4.435629
10215 1.641474
10228 4.853357
10276 0.808965
10326 0.731918
10327 1.416165
10396 1.014108
10458 1.299051
10464 2.738384
10530 1.164353
10548 0.994091
10563 2.772403
10564 1.925471
10565 1.340444
10619 0.528869
10637 1.960233
10794 3.786572
10890 0.465383
11096 4.129969
11135 1.291226
11155 1.562293
11258 1.386202
11306 0.589165
11320 1.001988
11332 1.430263
11376 0.464226
11423 0.816698
11437 1.213339
11501 1.254084
11523 0.538355
11547 1.039414
11605 2.636812
11606 10.254246
