225

20 2.966223
74 0.942504
109 1.233234
176 1.358173
252 1.608050
256 2.437354
289 2.085172
318 1.649141
418 0.824570
455 1.507714
458 0.747158
508 1.549193
592 1.717195
632 0.990196
639 1.960233
771 3.546245
798 1.307020
806 1.376656
855 2.136324
885 1.960233
917 1.148063
1198 1.624441
1199 1.784142
1456 1.698165
1461 1.893286
1466 4.545402
1592 1.120336
1652 1.548052
1689 1.437354
1694 3.015870
1797 2.108863
1804 1.323411
1831 1.535145
1872 0.638014
1902 4.056433
1917 3.786572
1924 1.641474
1991 1.066286
2077 1.696991
2131 1.018225
2224 1.147320
2248 3.425361
2259 2.559782
2263 4.217837
2268 1.521321
2343 1.893286
2363 1.022381
2448 3.039414
2543 1.141787
2552 1.043779
2554 2.716346
2627 0.765256
2877 2.562293
2893 4.522526
2926 1.520900
2927 1.624441
3014 0.990196
3028 1.863323
3095 0.590708
3121 2.352425
3150 1.176091
3203 3.956385
3204 1.136324
3362 2.437354
3394 1.507935
3402 2.646822
3449 1.738384
3450 1.738384
3493 1.760661
3550 1.386202
3573 3.155976
3613 1.005990
3683 2.141862
3691 1.485498
3850 0.758381
3896 2.194316
3926 0.986336
3956 1.717195
3984 1.323411
4079 7.298153
4215 0.499085
4340 10.217414
4529 1.307020
4582 1.495346
4645 1.061691
4677 0.539727
4904 1.471212
4943 2.290186
4948 2.261263
5053 1.080373
5058 1.893286
5100 0.700958
5137 1.835294
5157 1.808965
5199 5.327376
5200 4.977609
5386 5.090974
5394 0.497835
5549 1.960233
5557 2.136324
5681 3.441959
5706 1.577016
5734 3.373757
5792 0.974956
5926 0.698970
5945 1.141787
6060 1.942457
6063 1.808965
6070 1.485498
6071 0.619458
6085 2.738384
6112 1.504785
6220 1.416165
6421 1.772123
6433 0.758381
6463 2.896699
6504 0.872097
6568 2.170331
6587 1.245547
6616 0.899535
6731 4.388632
6792 1.039172
6816 0.978716
6839 1.307020
6864 0.436270
6947 2.340444
6965 1.147320
7032 4.158605
7062 1.375730
7111 0.499085
7123 1.164353
7125 1.416165
7126 3.079605
7150 0.978716
7154 1.376656
7178 4.686879
7183 2.085172
7217 0.796376
7353 1.717195
7369 1.261263
7385 3.079605
7411 0.893286
7501 4.210570
7678 2.261263
7709 1.359157
7713 1.416165
7715 1.233234
7738 1.066286
7756 1.641474
7760 0.666502
7826 2.598103
7837 1.659203
7859 0.602854
7881 1.548052
7885 1.863323
7915 1.043779
7918 1.548052
7925 1.520900
7929 1.520900
7951 3.920466
8007 0.838017
8083 0.711035
8111 1.035093
8157 0.939044
8182 2.261263
8353 1.548052
8404 1.566655
8455 1.308809
8463 0.960233
8470 1.152923
8512 1.750123
8539 1.336693
8653 1.080373
8761 0.747158
8767 0.704960
8777 1.925471
8826 0.886414
8931 0.532719
9059 0.542484
9065 2.746687
9110 1.247022
9461 0.721351
9538 2.105285
9669 0.774596
9677 1.268562
9729 1.349218
9767 0.283539
9774 0.956629
9798 1.863323
9811 0.909080
9903 1.587803
9936 1.608050
9994 1.998021
10010 1.061691
10018 1.483112
10036 1.472436
10058 2.425779
10063 2.734633
10085 1.039414
10168 2.340444
10276 0.808965
10401 1.022381
10415 1.659203
10433 1.052642
10454 1.677686
10487 0.596934
10530 1.164353
10548 0.994091
10663 1.835294
10705 3.216101
10887 2.537124
10890 0.930766
10891 1.677686
11152 2.679858
11256 3.896714
11257 3.679502
11320 1.001988
11382 1.893286
11386 1.349218
11437 1.213339
11466 1.109995
11482 1.835294
11503 0.884078
11532 0.652024
11600 0.351885
