105

13 1.437354
26 1.070931
111 2.434582
206 1.863323
318 0.824570
423 2.480147
466 1.835294
483 1.254084
630 1.661078
665 3.164370
883 1.520900
917 2.870156
1064 1.426630
1132 1.265748
1135 3.850618
1503 10.303169
1532 0.779343
1803 3.762253
1872 0.638014
1887 1.608050
1940 0.578516
1950 1.534264
2058 0.899535
2154 0.677686
2259 0.426630
2524 1.048188
2651 0.784142
2696 0.683388
2741 3.039414
2762 0.470040
2922 1.213339
3122 0.765256
3193 1.659203
3316 1.233234
3423 3.701883
3492 0.693061
3557 10.197071
3852 1.717195
4215 0.499085
4266 1.052642
4359 1.070931
4566 0.827227
4738 2.290186
4833 5.033059
4969 1.141787
5025 0.840757
5053 1.080373
5112 0.960233
5135 1.781430
5143 0.902694
5178 4.162941
5376 1.261263
5476 2.437354
5491 0.404937
5610 2.136324
5630 4.680888
5841 1.471212
5857 2.240672
5902 2.698436
6415 0.928824
6504 0.872097
6813 0.786561
6965 1.147320
7061 1.434938
7062 1.719662
7217 0.796376
7350 1.659203
7498 1.066401
7511 1.592256
7587 1.562293
7745 0.806418
8083 1.422069
8354 9.749417
8440 1.386202
8482 1.043779
8826 1.772827
8829 1.296958
8931 0.532719
9019 1.057143
9031 1.768156
9065 0.915562
9097 1.878087
9104 0.893286
9380 1.136324
9579 1.315138
9592 6.425587
9667 1.158601
9767 0.283539
9783 0.869152
9977 1.641474
9993 1.624441
10017 0.928824
10036 0.736218
10092 2.661377
10254 1.659203
10327 1.416165
10619 0.528869
10877 1.863323
10890 0.465383
11025 0.681479
11079 1.659203
11328 1.152923
11523 0.538355
11605 1.318406
11606 2.796612
