103

12 0.149221
79 0.058794
106 0.113753
158 0.100547
165 0.118801
166 0.351090
204 0.083850
447 0.153899
630 0.176511
831 0.104474
1007 0.280507
1132 0.040351
1487 0.053430
1544 0.108196
1575 0.174593
1666 0.048064
1896 0.086023
1940 0.073770
2073 0.087772
2115 0.058794
2154 0.043208
2165 0.051578
2259 0.108804
2355 0.163366
2696 0.043571
2718 0.081354
2769 0.071098
3010 0.100547
3055 0.174593
3177 0.073870
3277 0.193786
3414 0.141541
3420 0.130028
3465 0.110835
3613 0.128279
3688 0.136207
3791 0.174593
4179 0.094560
4215 0.031820
4253 0.139904
4255 0.115335
4296 0.155400
4317 0.159915
4333 0.072449
4398 0.174593
4451 0.055982
4458 0.066549
5009 0.087772
5050 0.060314
5100 0.044691
5131 0.149221
5327 0.117014
5411 0.163366
5624 0.280507
5734 0.071701
5857 0.142860
5885 0.045075
5926 0.089129
5949 0.058583
6071 0.039495
6167 0.070771
6433 0.048353
6478 0.163366
6686 0.387572
6814 0.077776
6891 0.387572
7098 0.387572
7165 0.142197
7498 0.022664
7785 0.112256
7989 0.066830
8196 0.083333
8397 0.136207
8511 0.120712
8522 0.100547
8645 0.124980
8655 0.310800
8756 0.193786
8931 0.050947
9184 0.102526
9355 0.112256
9654 0.163366
9767 0.036156
9911 0.127389
9919 0.070771
9944 0.075367
10092 0.056561
10194 0.118801
10195 0.053957
10228 0.077360
10251 0.075367
10325 0.065722
10326 0.046665
10396 0.064657
10517 0.090959
10651 0.078628
10890 0.059343
11025 0.086899
11320 0.063884
11406 0.193786
11532 0.041572
11536 0.084378
11600 0.022435
