36

808 0.203721
1112 0.105116
1831 0.105434
2342 0.198946
2421 0.135484
2536 0.187815
2922 0.333330
3179 0.106076
3492 0.095199
3613 0.138183
3841 0.065538
4420 0.233100
4613 0.123994
4708 0.094664
4769 0.158366
5491 0.055622
5601 0.178438
6348 0.210747
6806 0.093087
7001 0.186559
8016 0.128988
8232 0.321485
8294 0.127123
8295 0.186559
8404 0.071732
8513 0.216620
8785 0.233261
8821 0.194525
9019 0.145210
9144 0.127123
9974 0.511012
10040 0.225474
10619 0.072646
11135 0.177364
11459 0.227909
11523 0.147897
