143

45 1.405946
63 0.945992
99 1.090024
213 0.840757
304 1.104916
332 2.039414
373 1.459631
404 0.545260
418 0.824570
443 1.893286
458 0.747158
467 6.132504
577 5.164904
602 1.459631
764 1.577016
771 1.182082
1278 1.268562
1456 2.547247
1523 14.638442
1547 1.835294
1613 1.323411
1744 1.426630
1760 1.507935
1835 1.291226
1872 1.914041
1986 3.376801
2032 2.340444
2043 2.085172
2268 0.760661
2304 2.219990
2530 1.434390
2550 0.801368
2554 2.716346
2585 1.471212
2627 2.295769
2777 2.136324
2806 1.035093
2851 2.340365
2886 1.577016
3095 1.181416
3203 1.130396
3270 3.039414
3398 2.562293
3455 1.188156
3951 0.704960
4091 0.693061
4213 1.254084
4217 4.589278
4221 2.261263
4431 3.039414
4468 2.738384
4538 1.120336
4573 0.543870
4763 1.893286
4796 3.546245
4858 1.592256
4904 1.471212
4943 0.572546
5095 1.641474
5112 0.960233
5227 1.291226
5256 2.680888
5320 1.818161
5491 0.404937
5689 1.676034
5732 0.786561
5743 0.749380
5792 0.974956
5797 1.066286
5880 0.835294
5957 1.226501
6223 2.738384
6315 1.275986
6509 3.640018
6510 2.261263
6568 2.170331
6828 0.717195
6864 0.436270
6871 1.507935
6992 1.507935
7061 0.478313
7385 1.539802
7498 0.710934
7585 2.261263
7643 0.942504
7693 2.261263
7694 0.776963
7709 1.359157
7711 2.562293
7713 1.416165
7788 0.530212
7801 1.592256
7809 1.738384
7864 1.170182
7910 3.039414
7920 1.039414
7929 1.520900
8007 2.514051
8111 3.105278
8157 0.939044
8271 0.925471
8463 2.880699
8494 1.291226
8498 2.680888
8589 1.760661
8677 2.716346
8767 0.704960
8826 1.418262
8931 0.532719
8955 1.960233
8982 1.863323
9034 1.233234
9093 4.747545
9290 1.738384
9323 3.670588
9357 1.376656
9446 1.960233
9562 0.982509
9669 0.774596
9747 0.945992
9767 0.283539
9773 2.340444
9776 1.925471
9908 1.562293
10036 0.736218
10237 2.340444
10309 0.994091
10352 0.971228
10397 0.846290
10437 1.696991
10505 1.507935
10562 1.863323
10892 1.226501
11015 1.075626
11121 1.200163
11203 1.641474
11256 2.338028
11287 3.131337
11376 0.464226
11441 1.386202
11456 7.740262
11505 1.426630
11573 2.562293
