251

45 0.042663
79 0.027982
85 0.039420
98 0.032356
99 0.033077
186 0.058944
297 0.035870
418 0.025021
424 0.041214
457 0.032217
458 0.022672
508 0.023505
552 0.121621
632 0.030047
913 0.157704
917 0.017419
961 0.266345
994 0.043950
1074 0.135986
1075 0.113085
1199 0.054140
1231 0.031024
1296 0.029585
1456 0.051531
1467 0.056542
1499 0.031942
1532 0.023649
1636 0.033839
1686 0.060630
1797 0.063993
1803 0.076110
1807 0.112740
1818 0.039661
1831 0.046584
1872 0.019360
1899 0.093951
1900 0.045758
1951 0.071020
1986 0.034156
1994 0.033077
2025 0.043291
2033 0.047408
2042 0.081884
2131 0.030898
2141 0.041774
2149 0.042360
2165 0.024548
2166 0.045758
2189 0.053427
2195 0.061886
2268 0.046164
2348 0.029029
2353 0.054140
2444 0.095709
2507 0.034634
2552 0.031673
2572 0.026827
2638 0.032217
2779 0.073961
2846 0.061886
2876 0.114903
2954 0.028391
3014 0.060095
3048 0.076110
3050 0.100697
3122 0.023222
3162 0.055692
3164 0.055692
3177 0.035158
3203 0.068603
3204 0.034482
3205 0.042973
3243 0.030405
3316 0.074845
3414 0.033683
3480 0.041774
3533 0.042064
3573 0.047884
3605 0.040942
3633 0.074034
3691 0.022539
3818 0.021392
3841 0.057913
3917 0.073247
3920 0.073961
4043 0.055692
4200 0.068618
4215 0.060579
4286 0.053427
4537 0.033683
4573 0.016504
4677 0.016378
4687 0.055692
4855 0.063274
4964 0.064158
5012 0.025102
5053 0.032784
5112 0.029138
5143 0.027392
5178 0.025265
5307 0.031280
5324 0.029472
5544 0.109786
5547 0.083096
5562 0.041491
5569 0.186908
5621 0.077752
5692 0.022876
5701 0.080829
5734 0.068251
5743 0.045480
5841 0.044644
5851 0.025681
5967 0.054893
6060 0.029472
6070 0.067616
6112 0.015221
6117 0.048796
6211 0.037218
6225 0.073961
6274 0.036431
6281 0.036623
6415 0.056370
6436 0.359891
6449 0.105502
6456 0.024471
6605 0.044292
6627 0.034647
6792 0.015767
6796 0.041491
6813 0.023868
6814 0.037017
6874 0.030365
6968 0.038494
6982 0.053427
7008 0.026644
7009 0.052108
7023 0.045005
7039 0.038055
7111 0.030289
7126 0.280350
7143 0.027982
7150 0.029699
7208 0.055692
7215 0.052108
7246 0.073961
7387 0.038273
7447 0.073961
7471 0.077752
7498 0.021573
7607 0.055692
7635 0.021392
7641 0.019625
7704 0.108191
7707 0.032356
7762 0.083096
7788 0.032178
7793 0.142041
7824 0.073961
7847 0.028288
7856 0.038055
7859 0.027440
7877 0.048796
7891 0.068618
7936 0.080829
7955 0.053427
7972 0.038055
7981 0.028083
7987 0.041774
7991 0.094815
7995 0.055692
8010 0.091516
8046 0.037017
8104 0.042064
8111 0.031410
8157 0.028495
8335 0.077752
8343 0.089791
8351 0.037422
8422 0.063274
8455 0.052954
8470 0.034985
8482 0.031673
8491 0.050348
8512 0.053107
8603 0.054140
8641 0.190275
8645 0.059483
8826 0.043037
8909 0.047854
8954 0.058428
9132 0.022210
9137 0.043950
9138 0.020450
9270 0.065279
9328 0.027783
9444 0.028495
9531 0.066586
9538 0.031942
9574 0.051495
9584 0.040676
9585 0.073961
9593 0.028813
9594 0.090752
9623 0.030166
9783 0.026374
9802 0.073961
9871 0.036819
9903 0.048182
9905 0.048796
9919 0.168413
9921 0.077752
9922 0.059483
9981 0.063274
10036 0.044681
10057 0.039420
10133 0.052751
10275 0.035870
10304 0.049810
10397 0.025681
10403 0.083549
10423 0.021210
10509 0.021392
10519 0.061886
10548 0.060331
10559 0.050348
10592 0.058428
10619 0.016048
10627 0.047408
10658 0.037630
10659 0.083096
10660 0.071020
10677 0.025021
10890 0.014122
11058 0.068618
11096 0.083549
11119 0.050348
11194 0.030773
11242 0.031807
11244 0.071020
11256 0.047298
11297 0.066586
11320 0.030405
11375 0.120081
11376 0.014087
11396 0.028600
11503 0.053654
11523 0.016336
11600 0.010678
11636 0.105996
11637 0.028185
