93

20 0.528337
176 0.096766
204 0.093700
308 0.065231
418 0.058748
475 0.096128
531 0.065465
718 0.433099
800 0.173654
827 0.127115
1333 0.115638
1387 0.077315
1466 0.064769
1501 0.182556
1797 0.050083
1804 0.094289
1872 0.136370
1879 0.156339
1902 0.072252
1991 0.151940
2259 0.030396
2263 0.100169
2363 0.072842
2507 0.027106
2543 0.081349
2601 0.107436
2618 0.082957
2633 0.078011
2884 0.137184
2916 0.103994
2983 0.097417
3048 0.089350
3095 0.042086
3121 0.055868
3203 0.161075
3204 0.080960
3422 0.195102
3691 0.052919
3818 0.050226
4075 0.145302
4079 0.103994
4091 0.098757
4215 0.071117
4315 0.053871
4340 0.103994
4699 0.173654
4711 0.139661
4734 0.044135
5083 0.096128
5199 0.094890
5345 0.104820
5706 0.112358
5734 0.040062
5983 0.304414
6060 0.069197
6070 0.052919
6421 0.042086
6568 0.103086
6792 0.037019
6874 0.035648
7008 0.062558
7111 0.035558
7126 0.054853
7430 0.123855
7652 0.182556
7715 0.087864
7861 0.049659
8087 0.165094
8166 0.333499
8387 0.121793
8404 0.037207
8455 0.031083
8508 0.091448
8512 0.187037
8539 0.047618
8653 0.076973
8761 0.053233
8762 0.103191
8767 0.050226
9521 0.105667
9538 0.149995
9729 0.096128
9903 0.169689
10036 0.052453
10058 0.129622
10200 0.132756
10252 0.173654
10509 0.050226
10619 0.037680
11233 0.090910
11256 0.055526
11396 0.067151
11471 0.128883
