36

734 0.191839
808 0.196443
1090 0.217419
1112 0.101361
2421 0.130643
2763 0.200299
2922 0.321421
3122 0.101361
3179 0.102286
3492 0.091798
3515 0.362708
3783 0.194867
3841 0.126393
3846 0.282963
5601 0.172064
5692 0.099851
6506 0.172064
6975 0.186222
7048 0.255035
7107 0.322835
8243 0.198063
8295 0.359789
8785 0.224927
8829 0.085893
8931 0.035280
9019 0.140022
9104 0.118319
9873 0.182343
9966 0.454896
9974 0.164252
10093 0.217419
10094 0.276188
10475 0.071489
10516 0.264644
10827 0.227448
11366 0.362211
