44

26 1.070931
268 3.741067
455 0.753857
630 0.553693
744 1.507935
831 1.638612
1007 1.099895
1940 0.578516
2154 0.677686
2259 0.426630
2319 1.416165
2613 2.085172
2762 0.470040
3312 3.039414
4613 0.902694
4615 1.483112
5012 0.827227
5081 1.030814
5135 0.593810
5491 0.404937
5624 1.099895
5797 1.066286
6211 1.226501
6215 1.520900
6421 0.590708
7050 1.164353
7062 1.031797
7165 1.115135
7635 0.704960
8057 1.863323
8104 1.386202
8826 0.177283
8829 0.648479
8931 0.532719
9596 1.213339
9626 1.925471
9767 0.283539
10092 0.887126
10326 2.195754
10401 3.067142
10646 2.426679
10698 3.617930
11025 0.681479
11605 0.659203
