50

20 2.966223
418 0.824570
742 3.039414
1333 0.811527
1466 0.909080
1804 1.323411
1902 2.028217
1991 1.066286
2220 1.624441
2248 1.141787
2263 1.405946
2543 1.141787
2601 1.507935
2633 2.189863
3121 0.784142
3203 1.130396
3204 1.136324
3818 0.704960
3841 0.477121
4079 1.459631
4091 0.693061
4215 0.499085
4340 1.459631
5083 1.349218
5199 2.663688
5692 0.753857
5706 1.577016
5732 0.786561
6421 1.181416
6568 1.446888
6792 0.519586
7126 1.539802
7861 0.696991
8508 1.283539
8512 0.875061
8539 0.668346
8653 1.080373
8761 0.747158
8762 1.448350
8931 0.266359
9433 2.261263
9521 1.483112
9538 1.052642
10036 0.736218
10058 0.606445
10252 2.437354
10475 0.539727
10619 0.528869
11233 1.275986
11256 0.779343
