198

65 1.534264
71 1.756092
176 1.358173
179 1.268562
216 1.495346
418 5.771992
458 0.747158
552 1.001988
553 0.784142
596 1.358173
689 1.268562
771 1.182082
831 1.638612
885 3.920466
895 0.846290
1040 2.437354
1155 4.272648
1199 1.784142
1456 0.849082
1466 2.727241
1494 1.562293
1548 1.367316
1583 2.194316
1592 2.240672
1694 1.507935
1764 1.608050
1797 0.702954
1872 0.638014
1889 3.039414
1902 4.056433
1991 5.331431
2008 1.548052
2064 2.413810
2067 2.522526
2149 1.395961
2151 2.261263
2165 0.808965
2248 2.283574
2259 2.133151
2263 1.405946
2268 2.281982
2319 1.416165
2348 0.956629
2467 1.998021
2539 1.130929
2543 1.141787
2550 0.801368
2552 1.043779
2601 3.015870
2627 1.530513
2801 1.200565
2893 2.261263
2927 1.624441
3121 1.568283
3203 1.130396
3204 2.272648
3394 1.507935
3395 2.738384
3402 1.323411
3473 0.767573
3486 1.925471
3495 1.170182
3550 1.386202
3613 1.005990
3632 2.085172
3683 1.070931
3691 0.742749
3693 1.437354
3820 2.562293
3904 3.015870
4051 2.340444
4079 7.298153
4091 0.693061
4215 1.996339
4340 8.757783
4349 2.562293
4413 1.005990
4529 1.307020
4566 0.827227
4573 0.543870
4582 2.990692
4701 1.275986
4964 1.057143
5058 1.893286
5168 1.213339
5196 4.522526
5199 5.327376
5386 1.696991
5549 1.960233
5681 1.147320
5689 0.838017
5692 0.753857
5706 1.577016
5734 1.686879
5743 0.749380
5753 0.650248
5762 1.483112
5880 0.835294
5925 1.624441
6060 3.884913
6070 0.742749
6071 1.238917
6117 1.608050
6133 1.738384
6308 0.749380
6421 1.772123
6433 0.758381
6568 3.617219
6587 0.622774
6596 1.760661
6616 1.799070
6725 3.827958
6792 1.558758
6814 1.219870
6816 0.978716
6823 1.562293
6874 1.000676
6875 2.194316
6965 1.147320
7032 1.386202
7061 0.478313
7062 0.687865
7111 1.996339
7123 2.328706
7126 1.539802
7150 0.978716
7188 1.376656
7217 1.592752
7273 2.340444
7385 4.619407
7386 1.998021
7424 2.340444
7442 2.136324
7501 8.421139
7502 1.960233
7694 0.776963
7709 1.359157
7760 0.666502
7837 1.659203
7859 0.904280
7861 0.696991
7981 0.925471
8061 1.784142
8157 0.939044
8227 0.816698
8271 0.925471
8353 1.548052
8463 0.960233
8512 7.875551
8513 1.577016
8586 2.738384
8629 1.426630
8653 1.080373
8761 0.747158
8764 1.548052
8767 0.704960
8771 1.534264
8826 1.063696
8863 5.124586
8931 0.266359
8956 1.080373
9095 1.194316
9107 1.291226
9240 2.039414
9270 1.075626
9463 2.738384
9538 1.052642
9587 1.291226
9596 1.213339
9669 0.774596
9767 0.567079
9865 1.592752
9903 0.793901
9969 2.194316
10000 1.448350
10036 1.472436
10058 1.819334
10200 1.863323
10276 1.617930
10433 1.052642
10487 0.596934
10509 0.704960
10530 1.164353
10563 1.386202
10619 0.528869
10661 1.507935
10677 0.824570
10701 0.786561
10705 1.608050
10810 1.893286
10887 1.268562
10890 0.465383
11119 1.659203
11152 0.893286
11256 6.234742
11257 1.226501
11458 1.709445
11503 1.768156
