209

53 3.039414
64 1.426630
98 1.066286
109 1.233234
157 2.716346
186 0.971228
250 2.562293
282 1.395961
305 2.039414
346 2.533299
383 2.738384
467 1.226501
498 9.118242
523 2.340444
530 2.136324
577 2.582452
636 4.078828
659 1.784142
771 2.364163
1037 1.283539
1044 1.291226
1102 1.247022
1174 2.039414
1215 2.085172
1313 2.194316
1385 12.578257
1436 1.534264
1456 1.698165
1466 0.909080
1523 8.539091
1532 0.779343
1542 0.814105
1797 0.702954
1872 0.638014
1986 1.125600
1993 1.863323
1995 1.141787
2022 1.717195
2044 1.738384
2046 1.018225
2064 1.206905
2116 1.592256
2154 0.677686
2186 3.216101
2244 7.029728
2259 0.426630
2304 1.109995
2348 0.956629
2392 3.996043
2507 0.380449
2521 1.925471
2530 1.434390
2627 3.061025
2659 2.562293
2806 1.035093
2850 2.738384
3017 1.835294
3179 0.772242
3235 2.039414
3237 2.085172
3264 1.340444
3280 1.960233
3374 1.170182
3386 1.240074
3414 1.109995
3416 3.039414
3455 1.188156
3638 1.925471
3673 1.349218
3685 1.437354
4091 0.693061
4110 2.913685
4148 1.957433
4205 13.491508
4211 0.912309
4213 2.508169
4217 5.736598
4315 1.512226
4451 0.878046
4534 3.546245
4561 2.085172
4573 1.087740
4613 0.902694
4643 2.136324
4734 1.238917
4796 1.182082
4844 2.085172
4901 0.902694
4969 1.141787
5074 3.996043
5145 1.998021
5178 1.665176
5209 2.738384
5256 1.340444
5320 0.909080
5412 1.893286
5468 1.194316
5533 2.340444
5678 0.986336
5734 1.124586
5743 0.749380
5753 0.650248
5773 2.136324
5820 1.893286
5833 1.497254
5880 1.670588
5912 2.261263
5928 2.194316
6060 0.971228
6071 0.619458
6097 1.094931
6112 0.501595
6144 1.268562
6346 1.395961
6371 1.784142
6415 0.928824
6433 1.516762
6442 2.562293
6509 1.213339
6551 3.039414
6568 2.170331
6616 0.899535
6725 14.035847
6750 1.960233
6783 2.194316
6864 1.308809
6874 0.500338
7008 0.878046
7016 3.039414
7047 1.213339
7062 1.031797
7111 0.499085
7150 1.957433
7294 3.039414
7295 2.039414
7385 0.769901
7416 1.925471
7498 0.355467
7589 1.261263
7635 0.704960
7643 1.885008
7655 0.922143
7709 1.359157
7737 1.358173
7750 2.194316
7832 3.039414
7861 0.696991
7864 1.170182
7946 1.026577
7973 1.696991
7974 1.562293
8007 0.838017
8111 4.140371
8158 2.039414
8203 1.863323
8292 1.120336
8334 1.376656
8381 1.164353
8457 1.194316
8463 1.920466
8485 2.230270
8499 1.592752
8662 2.376312
8677 1.358173
8767 0.704960
8826 0.177283
8924 1.213339
8931 0.266359
8959 2.272648
9035 2.039414
9053 2.340444
9059 0.542484
9093 3.798036
9103 1.998021
9130 1.535145
9144 0.925471
9294 2.738384
9461 1.442702
9520 1.520900
9666 3.039414
9690 1.592256
9766 2.738384
9767 1.984775
9770 1.022381
9933 1.075626
10081 4.680888
10249 0.963867
10337 3.185072
10378 0.683388
10475 0.539727
10504 2.194316
10596 2.388632
10651 1.233234
10677 0.824570
10890 0.465383
10945 1.998021
11152 0.893286
11200 1.261263
11210 1.698165
11256 1.558685
11257 1.226501
11332 0.715132
11376 1.392679
11441 2.772403
11451 0.884078
11456 4.644157
11458 3.418891
11523 1.076710
11620 1.085172
