159

45 0.048772
63 0.032816
122 0.033951
213 0.029166
304 0.038329
418 0.028604
458 0.051837
467 0.127641
475 0.046804
577 0.358337
586 0.051837
678 0.048425
771 0.041006
857 0.040191
1032 0.061077
1146 0.105436
1387 0.037644
1456 0.117817
1491 0.105436
1523 0.634752
1636 0.038684
1744 0.098979
1760 0.052310
1796 0.050634
1797 0.024385
1872 0.022132
1986 0.078093
2032 0.081189
2064 0.083734
2087 0.105436
2165 0.028063
2304 0.038505
2405 0.045909
2507 0.013198
2530 0.049758
2548 0.035612
2554 0.094229
2596 0.058198
2609 0.051449
2627 0.079639
2718 0.044263
2851 0.081186
2886 0.054706
3095 0.040983
3179 0.026789
3203 0.078426
3244 0.094993
3275 0.021205
3283 0.088885
3398 0.088885
3473 0.026627
3568 0.062752
3869 0.049126
3946 0.081189
4091 0.024042
4110 0.033692
4213 0.043504
4217 0.199000
4221 0.078442
4562 0.054706
4566 0.028696
4573 0.018867
4738 0.019861
4796 0.246036
5095 0.056942
5112 0.033310
5143 0.031314
5227 0.044792
5256 0.139498
5304 0.072334
5320 0.031536
5412 0.065677
5468 0.041430
5491 0.014047
5689 0.116282
5732 0.027286
5758 0.042317
5792 0.033821
5917 0.105436
5957 0.085094
6153 0.055783
6223 0.094993
6227 0.040191
6308 0.025996
6509 0.084181
6568 0.100384
6653 0.068000
6828 0.024879
6864 0.015134
6874 0.034713
6992 0.052310
7047 0.042090
7061 0.033185
7062 0.011931
7111 0.017313
7208 0.063666
7385 0.053415
7387 0.043753
7498 0.012331
7530 0.034621
7643 0.032695
7761 0.041647
7801 0.055235
7864 0.040593
8007 0.087211
8009 0.055783
8083 0.024666
8111 0.071814
8271 0.064208
8419 0.039608
8455 0.015134
8463 0.033310
8521 0.076120
8677 0.141343
8728 0.042780
8767 0.024455
8826 0.030749
8931 0.018480
8955 0.068000
8959 0.039419
9034 0.042780
9065 0.031761
9093 0.230567
9130 0.026627
9142 0.052759
9323 0.127331
9562 0.034083
9592 0.111451
9623 0.034485
9632 0.048425
9669 0.026870
9755 0.053223
9767 0.009836
9865 0.027626
9998 0.053223
10036 0.025539
10081 0.081189
10309 0.034485
10378 0.023706
10430 0.070746
10437 0.058868
10487 0.020707
10505 0.052310
10677 0.057208
10877 0.064638
10892 0.042547
11015 0.037313
11043 0.069311
11139 0.049489
11256 0.054070
11287 0.036208
11306 0.020438
11332 0.024808
11376 0.016104
11441 0.096174
11456 0.483312
11503 0.061337
11526 0.030881
11573 0.088885
