146

111 0.811527
217 5.662756
218 1.608050
268 6.235112
346 2.026639
423 1.240074
485 2.376312
508 2.323789
536 0.905875
630 2.214771
744 6.031741
831 2.457918
917 0.574031
1132 1.265748
1275 1.291226
1533 1.738384
1581 2.340444
1609 4.460539
1649 0.881052
1721 0.747158
1929 1.291226
1940 2.892581
1981 4.678052
2025 1.426630
2046 1.018225
2058 0.899535
2071 0.971228
2084 0.990196
2319 1.416165
2550 0.801368
2576 3.418891
2651 0.784142
2731 1.960233
2851 2.340365
3150 1.176091
3236 0.974956
3286 1.395961
3492 0.693061
3683 1.070931
3761 3.564467
3770 1.349218
3841 3.816970
3911 1.592256
4148 0.978716
4359 5.354656
4529 2.614041
4562 3.154032
4615 1.483112
4738 0.572546
4747 5.103945
4769 1.152923
4940 10.953536
4943 0.572546
4969 1.141787
5025 0.840757
5150 1.659203
5382 1.426630
5460 1.247022
5491 0.809874
5605 1.863323
5797 3.198859
5841 1.471212
6065 1.358173
6227 1.158601
6421 1.181416
6568 0.723444
6799 1.358173
6802 1.005990
6806 1.355373
6813 0.786561
6858 1.130929
6864 0.436270
6874 0.500338
6968 2.537124
7008 0.878046
7062 3.439324
7072 1.405946
7099 2.437354
7111 0.499085
7120 1.665176
7143 0.922143
7430 1.738384
7521 1.863323
7528 4.879481
7532 2.522526
7635 1.409921
7745 1.612836
7760 1.333004
7812 1.507935
7813 2.261263
7855 1.483112
7948 1.376656
8000 2.261263
8057 9.316614
8150 1.099895
8245 1.039414
8270 2.194316
8338 0.953054
8343 0.986336
8352 2.564168
8404 0.522218
8455 0.436270
8499 0.796376
8534 1.835294
8616 1.367316
8826 1.063696
8829 0.648479
8920 2.180048
9019 1.057143
9052 0.843514
9059 0.542484
9097 0.939044
9145 1.835294
9242 0.753857
9461 1.442702
9592 1.070931
9596 1.213339
9625 1.299051
9767 1.417696
9774 1.913257
10057 1.299051
10077 1.323411
10325 1.030814
10326 1.463836
10329 1.641474
10396 1.014108
10401 4.089523
10499 2.085172
10517 1.426630
10561 1.358173
10646 2.426679
10658 1.240074
10677 1.649141
10698 7.235861
10890 0.930766
10898 1.459631
11025 0.681479
11215 1.808965
11335 1.043779
11375 0.791441
11376 0.928453
11377 1.226501
11451 0.884078
11523 0.538355
11606 0.932204
11671 1.592256
