57

99 1.090024
122 0.978716
187 1.893286
268 2.494045
297 1.182082
600 0.971228
630 1.107385
744 1.507935
897 0.860437
917 1.148063
1007 2.199790
1798 1.176091
1859 0.606445
1940 1.157033
2058 0.899535
2319 1.416165
2576 1.709445
2613 2.085172
2768 1.010030
3533 1.386202
3841 0.954243
4359 1.070931
4615 1.483112
4870 2.340444
5135 0.593810
5532 0.887126
5624 2.199790
5734 0.562293
5740 1.268562
5857 1.120336
6227 1.158601
6291 0.806418
6587 0.622774
6792 1.039172
6864 0.436270
6962 1.200565
7062 1.031797
7165 1.115135
7497 1.885008
7760 0.666502
8057 1.863323
8245 1.039414
8479 1.760661
8931 0.532719
9059 0.542484
9097 0.939044
9381 1.125600
9625 1.299051
9767 0.567079
10058 0.606445
10092 0.887126
10326 2.195754
10401 4.089523
10475 0.539727
10698 1.808965
11320 1.001988
11605 0.659203
