258

45 1.405946
71 0.878046
79 0.922143
98 1.066286
99 1.090024
186 1.942457
216 1.495346
297 1.182082
334 1.367316
418 0.824570
424 1.358173
457 1.061691
458 0.747158
508 0.774596
531 0.918840
552 3.005963
602 1.459631
632 0.990196
913 5.197071
917 0.574031
961 8.777264
1074 3.361008
1075 1.863323
1199 1.784142
1231 1.022381
1296 0.974956
1456 1.698165
1467 1.863323
1499 1.052642
1532 0.779343
1636 1.115135
1797 2.108863
1803 2.508169
1807 1.857649
1818 1.307020
1831 1.535145
1872 0.638014
1899 3.096105
1900 1.507935
1951 2.340444
1981 0.935610
1986 1.125600
1994 1.090024
2025 1.426630
2033 1.562293
2042 2.698436
2131 1.018225
2141 1.376656
2165 0.808965
2166 1.507935
2189 1.760661
2195 2.039414
2259 0.426630
2268 1.521321
2348 0.956629
2353 1.784142
2444 3.154032
2507 1.141348
2552 2.087558
2572 0.884078
2618 2.328706
2638 1.061691
2779 2.437354
2846 2.039414
2876 3.786572
2954 0.935610
3014 0.990196
3048 1.254084
3050 3.318406
3122 0.765256
3162 1.835294
3164 1.835294
3177 1.158601
3203 1.695594
3204 2.272648
3205 1.416165
3243 1.001988
3263 1.760661
3316 1.233234
3414 1.109995
3480 1.376656
3533 1.386202
3573 0.788994
3605 1.349218
3633 1.219870
3691 0.742749
3818 0.704960
3841 2.385606
3917 2.413810
3920 2.437354
4043 1.835294
4200 2.261263
4215 1.996339
4537 1.109995
4573 0.543870
4687 1.835294
4855 2.085172
4964 2.114286
5012 0.827227
5112 0.960233
5143 0.902694
5178 0.832588
5307 1.030814
5324 0.971228
5544 3.617930
5547 2.738384
5562 1.367316
5569 6.159461
5621 2.562293
5681 2.294639
5692 0.753857
5701 1.331844
5734 2.249171
5743 1.498759
5841 1.471212
5851 0.846290
5967 1.808965
6060 0.971228
6070 1.485498
6112 0.501595
6117 1.608050
6211 1.226501
6225 2.437354
6274 1.200565
6281 1.206905
6415 0.928824
6436 10.035403
6449 3.476768
6456 0.806418
6605 1.459631
6627 1.141787
6657 1.471212
6792 0.519586
6794 3.476768
6796 1.367316
6814 1.219870
6874 1.000676
6968 1.268562
6982 1.760661
7008 0.878046
7009 1.717195
7023 1.483112
7039 1.254084
7111 0.499085
7126 9.238814
7143 0.922143
7150 0.978716
7176 5.476768
7182 1.331844
7208 1.835294
7246 2.437354
7471 2.562293
7498 0.355467
7607 1.835294
7635 0.704960
7641 0.646717
7704 2.852313
7707 1.066286
7761 1.200565
7762 2.738384
7788 0.530212
7793 2.340444
7824 2.437354
7847 0.932204
7856 1.254084
7859 0.904280
7877 1.608050
7891 2.261263
7936 2.663688
7955 1.760661
7972 1.254084
7981 0.925471
7987 1.376656
7991 3.124586
7995 1.835294
8010 3.015870
8046 1.219870
8104 1.386202
8111 1.035093
8157 0.939044
8281 1.367316
8335 2.562293
8343 1.972671
8351 1.233234
8422 2.085172
8455 1.745079
8482 1.043779
8487 1.548052
8491 1.659203
8512 1.750123
8603 1.784142
8641 5.016337
8645 1.960233
8826 1.595545
8954 1.925471
9132 0.731918
9137 1.448350
9138 0.673926
9270 1.075626
9328 0.915562
9444 0.939044
9531 2.194316
9538 1.052642
9574 1.696991
9584 1.340444
9585 2.437354
9593 0.949509
9594 1.495346
9623 0.994091
9761 0.835294
9770 1.022381
9783 0.869152
9802 2.437354
9868 2.261263
9871 1.213339
9903 1.587803
9919 5.549976
9921 2.562293
9922 1.960233
10036 0.736218
10057 1.299051
10133 1.738384
10275 1.182082
10397 0.846290
10403 2.753313
10423 1.397940
10509 0.704960
10519 2.039414
10548 0.994091
10559 1.659203
10592 1.925471
10619 0.528869
10627 1.562293
10658 1.240074
10660 2.340444
10677 0.824570
10890 0.465383
11058 2.261263
11096 1.376656
11119 1.659203
11152 0.893286
11194 1.014108
11242 1.048188
11244 2.340444
11256 0.779343
11257 1.226501
11297 2.194316
11320 1.001988
11375 3.957204
11376 0.464226
11396 0.942504
11397 0.974956
11466 1.109995
11523 1.076710
11526 0.890195
11600 0.351885
11636 2.328706
11637 0.928824
