266

20 0.294332
63 0.023467
74 0.023381
79 0.022876
122 0.024279
148 0.027792
167 0.067931
176 0.067384
217 0.040136
308 0.045425
318 0.020455
404 0.013526
418 0.081820
423 0.061525
458 0.055604
508 0.019215
531 0.022794
536 0.022472
586 0.037069
678 0.069259
771 0.087972
777 0.190688
798 0.032423
846 0.056095
897 0.021345
898 0.038402
1037 0.031841
1044 0.032031
1074 0.027792
1112 0.018984
1198 0.040297
1231 0.025362
1278 0.031469
1296 0.024186
1382 0.050592
1392 0.075399
1444 0.072418
1456 0.063189
1461 0.046967
1487 0.020789
1652 0.038402
1694 0.037407
1797 0.087191
1807 0.069124
1881 0.085197
1902 0.050314
1917 0.046967
1986 0.027923
1989 0.036209
1991 0.158708
2008 0.038402
2024 0.025362
2058 0.044629
2077 0.042097
2166 0.112222
2170 0.046967
2248 0.169946
2259 0.042334
2263 0.034877
2268 0.018870
2363 0.076086
2475 0.043677
2507 0.009438
2543 0.028324
2548 0.025466
2550 0.019879
2552 0.077679
2572 0.043863
2633 0.135810
2651 0.019452
2658 0.042097
2696 0.016953
2720 0.026113
2826 0.056095
2884 0.047765
2904 0.048627
3010 0.078242
3018 0.046223
3122 0.056951
3156 0.034151
3203 0.056083
3204 0.084566
3266 0.046967
3372 0.101183
3401 0.033252
3402 0.065660
3417 0.026683
3450 0.043124
3480 0.034151
3550 0.034387
3683 0.026567
3818 0.017488
3841 0.023672
3896 0.108869
3917 0.029940
3926 0.024468
3984 0.032830
3992 0.048627
3995 0.056095
4005 0.027162
4043 0.045528
4079 0.470717
4148 0.024279
4315 0.037514
4340 0.470717
4349 0.063563
4362 0.033919
4365 0.051727
4529 0.032423
4553 0.056095
4701 0.031653
4734 0.015367
4866 0.023467
4904 0.036496
4920 0.051727
4943 0.028406
5025 0.020857
5067 0.028884
5096 0.084194
5105 0.047765
5112 0.023820
5199 0.066078
5200 0.082320
5345 0.036496
5361 0.047765
5386 0.168389
5394 0.024700
5491 0.010045
5620 0.034151
5681 0.056923
5689 0.020789
5706 0.078242
5723 0.041160
5732 0.019512
5734 0.083693
5743 0.018590
5792 0.024186
5833 0.012381
5946 0.054434
6016 0.041618
6070 0.018425
6097 0.027162
6112 0.012443
6144 0.062938
6205 0.036209
6211 0.030426
6379 0.049565
6421 0.043961
6433 0.075252
6457 0.037095
6466 0.026683
6514 0.038060
6559 0.024758
6568 0.089732
6671 0.041618
6792 0.038668
6839 0.097270
6887 0.067931
7006 0.051727
7008 0.043563
7032 0.068775
7061 0.023731
7062 0.034128
7111 0.024762
7120 0.020654
7123 0.028884
7126 0.057297
7143 0.045751
7150 0.024279
7263 0.078242
7353 0.042598
7385 0.076396
7501 0.156677
7530 0.024758
7532 0.031288
7704 0.035379
7709 0.033717
7737 0.033692
7738 0.026451
7760 0.016534
7765 0.050592
7788 0.026306
7837 0.082320
7859 0.014955
7861 0.051871
7895 0.046223
7918 0.038402
7925 0.037729
7951 0.048627
7981 0.068874
7993 0.060463
8128 0.029324
8157 0.046590
8281 0.033919
8332 0.036791
8352 0.021203
8353 0.076805
8357 0.058059
8387 0.021203
8444 0.039891
8445 0.039499
8457 0.029627
8467 0.039121
8512 0.086830
8619 0.031653
8637 0.067931
8642 0.044875
8653 0.026801
8662 0.029475
8762 0.035929
8767 0.034976
8826 0.035183
8930 0.026002
8931 0.006608
8956 0.026801
9059 0.040372
9065 0.045425
9104 0.022160
9138 0.033436
9216 0.174178
9328 0.022712
9480 0.040297
9538 0.156677
9618 0.047641
9767 0.007034
9811 0.022552
9865 0.019756
9903 0.098471
9993 0.080595
10036 0.036527
10058 0.075220
10063 0.033919
10109 0.045528
10168 0.058059
10195 0.020994
10251 0.117295
10324 0.042097
10397 0.041988
10454 0.041618
10487 0.014808
10509 0.017488
10530 0.028884
10619 0.013120
10646 0.030099
10677 0.040910
10701 0.019512
10715 0.035131
10746 0.054434
10887 0.062938
10890 0.023089
10891 0.041618
10955 0.056095
11015 0.026683
11177 0.037407
11194 0.025157
11208 0.036496
11256 0.251330
11257 0.091277
11277 0.067931
11362 0.028884
11364 0.035656
11396 0.023381
11458 0.021203
11466 0.055071
11482 0.045528
11532 0.016175
