116

111 0.046544
268 0.214565
318 0.094585
346 0.145295
485 0.068145
486 0.080064
508 0.044426
531 0.052699
630 0.127026
697 0.046990
744 0.172972
831 0.046990
993 0.122527
1007 0.189250
1053 0.057468
1135 0.073616
1532 0.044698
1616 0.085062
1785 0.100981
1872 0.036593
1940 0.099541
2058 0.051592
2154 0.038868
2298 0.110433
2342 0.083069
2417 0.098488
2551 0.080064
2613 0.119593
2762 0.026959
2772 0.077383
3236 0.111835
3322 0.080064
3613 0.057698
3727 0.092228
3841 0.054730
3953 0.102328
4359 0.184266
4362 0.078421
4363 0.157057
4458 0.059865
4552 0.088787
4613 0.051773
4614 0.081823
4615 0.085062
4940 0.157057
4980 0.119593
5025 0.048221
5081 0.059121
5221 0.174322
5297 0.152773
5624 0.189250
5693 0.072338
5740 0.072757
5926 0.040089
6380 0.054056
6381 0.094145
6400 0.174322
6406 0.217175
6415 0.053272
6421 0.067759
6505 0.075903
6600 0.174322
6812 0.140689
6874 0.028696
7062 0.039452
7120 0.095504
7131 0.083069
7165 0.063957
7435 0.112427
7488 0.125853
7490 0.080637
7497 0.108113
7528 0.209893
7641 0.037092
7668 0.094145
7694 0.044562
7760 0.076453
7812 0.086486
8000 0.129692
8057 0.320607
8093 0.134234
8222 0.139792
8404 0.029951
8455 0.025022
8499 0.045675
8920 0.062517
8931 0.015277
9059 0.031114
9097 0.053858
9109 0.174322
9357 0.078957
9480 0.093168
9625 0.223517
9669 0.044426
9767 0.032524
9774 0.054866
9919 0.063663
10017 0.053272
10228 0.208769
10326 0.125935
10352 0.055704
10396 0.116326
10397 0.048538
10401 0.117275
10402 0.174322
10475 0.030955
10507 0.175913
10646 0.208769
10698 0.103751
10794 0.108587
11025 0.039086
11121 0.103251
11328 0.066125
11349 0.073616
11536 0.075903
11605 0.037808
