105

7 2.698436
13 1.437354
111 2.434582
139 1.219870
186 0.971228
318 0.824570
346 0.506660
404 0.545260
424 1.358173
553 1.568283
630 1.107385
863 2.194316
917 1.148063
1093 2.811891
1103 2.340444
1106 0.971228
1132 1.265748
1135 2.567079
1797 0.702954
1887 1.608050
1940 2.314065
1950 1.534264
2005 1.158601
2156 1.624441
2176 1.608050
2259 0.426630
2421 0.986336
2507 0.380449
2673 1.784142
2763 0.756113
2983 2.734633
3044 2.136324
3121 0.784142
3264 1.340444
3304 1.608050
3492 0.693061
3573 0.788994
3611 0.986336
3626 0.967532
3806 1.395961
4181 1.520900
4215 0.499085
4458 1.043779
4573 0.543870
4613 0.902694
4627 1.784142
4738 2.290186
4832 1.548052
4969 1.141787
5012 0.827227
5050 0.945992
5135 2.375240
5136 3.039414
5143 0.902694
5307 1.030814
5320 1.818161
5740 1.268562
5885 0.706976
5902 1.349218
5926 0.698970
6112 0.501595
6125 3.039414
6431 4.522526
6806 0.677686
6813 0.786561
6828 0.717195
6874 0.500338
7008 0.878046
7120 0.832588
7217 0.796376
7283 1.608050
7387 1.261263
7498 0.710934
7509 1.893286
7665 2.194316
7668 1.641474
7694 0.776963
7745 0.806418
7818 1.760661
8083 0.711035
8338 0.953054
8431 1.960233
8826 0.177283
8931 0.532719
9056 1.760661
9242 0.753857
9329 1.507935
9357 1.376656
9560 2.085172
10017 0.928824
10326 1.463836
10363 1.577016
10364 2.437354
10475 0.539727
10661 1.507935
11025 1.362959
11068 2.261263
11162 3.762253
11287 1.043779
11306 0.589165
11328 1.152923
11376 0.464226
11462 1.405946
11605 1.318406
11606 1.864408
