46

63 0.945992
176 1.358173
318 0.824570
536 0.905875
831 0.819306
1198 1.624441
1807 0.928824
1902 2.028217
1991 1.066286
2268 0.760661
2552 2.087558
2904 1.960233
3203 1.695594
4075 2.039414
4079 2.919261
4091 1.386122
4786 3.996043
5199 2.663688
5200 1.659203
5681 1.147320
5734 1.686879
5943 2.738384
6421 0.590708
6792 0.519586
7126 0.769901
7385 1.539802
7387 1.261263
7709 0.679579
7715 1.233234
7861 0.696991
7874 1.275986
7922 1.835294
8246 2.738384
8343 0.986336
8512 0.875061
8652 2.562293
8761 0.747158
9903 0.793901
10054 1.960233
10058 0.606445
10063 1.367316
10475 0.539727
11337 2.340444
11396 0.942504
11466 2.219990
11609 1.213339
