202

36 1.323411
97 3.636321
98 1.066286
99 2.180048
122 0.978716
308 1.831125
346 2.026639
387 2.437354
398 1.376656
425 3.039414
475 1.349218
512 1.386202
597 6.118242
630 1.107385
693 1.624441
696 4.170343
831 0.819306
895 0.846290
917 0.574031
921 1.548052
1090 1.641474
1135 1.283539
1281 2.562293
1295 1.219870
1506 1.115135
1605 0.893286
1685 3.039414
1816 2.853261
1831 0.767573
1835 2.582452
1859 1.212890
1923 3.039414
1940 0.578516
1950 4.602792
1997 1.483112
2014 7.686879
2015 3.039414
2046 1.018225
2115 0.922143
2116 1.592256
2150 2.039414
2180 3.039414
2259 2.559782
2268 1.521321
2384 4.170343
2385 8.215152
2398 2.437354
2421 0.986336
2455 1.703787
2507 0.380449
2515 2.261263
2530 0.717195
2552 1.043779
2680 3.015870
2762 0.940080
2905 3.039414
2962 7.356062
3177 1.158601
3275 0.611279
3473 0.767573
3567 2.844138
3841 0.477121
3850 0.758381
3878 2.437354
3911 1.592256
3913 2.136324
3964 4.874708
3984 3.970232
4016 9.118242
4181 1.520900
4211 0.912309
4215 1.497254
4310 1.022381
4352 4.279891
4520 0.729784
4696 3.039414
4725 1.577016
4896 1.893286
4955 1.562293
5060 1.835294
5149 2.562293
5167 3.039414
5364 3.039414
5394 0.995670
5395 1.035093
5434 5.124586
5491 0.404937
5496 0.978716
5532 0.887126
5555 1.998021
5664 1.835294
5734 0.562293
5743 0.749380
5747 1.960233
5762 2.966223
5833 0.499085
5857 1.120336
5880 0.835294
5947 1.247022
6037 6.078828
6071 0.619458
6112 0.501595
6220 1.416165
6317 0.702954
6326 2.738384
6433 3.033523
6445 1.483112
6570 5.988129
6655 2.437354
6708 1.323411
6792 1.558758
6816 0.978716
6823 1.562293
6828 0.717195
6837 1.240074
6864 0.436270
6874 0.500338
7039 1.254084
7062 0.343932
7111 1.497254
7230 2.738384
7242 3.039414
7450 4.129969
7453 1.893286
7485 1.760661
7498 0.710934
7500 2.039414
7515 1.405946
7580 1.254084
7611 3.184512
7639 3.039414
7707 1.066286
7709 1.359157
7756 1.641474
7760 0.666502
7847 0.932204
7859 0.602854
7874 1.275986
7876 1.548052
7911 1.240074
7919 1.659203
7920 1.039414
7992 2.194316
8027 2.716346
8046 1.219870
8240 1.534264
8241 1.018225
8245 1.039414
8382 1.039414
8455 0.436270
8539 0.668346
8605 1.476768
8621 1.283539
8931 1.331797
9059 1.084969
9075 1.520900
9144 0.925471
9280 1.158601
9328 0.915562
9331 2.194316
9352 2.340444
9557 1.696991
9591 2.738384
9592 1.070931
9643 1.170182
9662 1.677686
9672 5.679858
9761 0.835294
9767 2.551853
9999 1.194316
10008 2.194316
10017 0.928824
10018 1.483112
10060 2.437354
10120 3.039414
10185 0.932204
10195 2.538869
10237 2.340444
10317 2.261263
10325 7.215698
10326 4.391508
10378 0.683388
10403 1.376656
10582 1.717195
10619 1.057738
10621 1.125600
10818 1.299051
10890 2.792297
10972 2.738384
10981 1.577016
10998 2.136324
11003 1.437354
11009 3.039414
11025 0.681479
11121 1.200163
11150 4.089523
11189 3.039414
11194 1.014108
11332 1.430263
11458 0.854723
11532 1.304049
11600 0.703770
