196

26 1.070931
103 4.879481
123 1.459631
194 1.446888
204 1.315138
404 1.090519
697 0.819306
734 1.448350
808 2.966223
831 0.819306
865 3.154032
897 0.860437
917 0.574031
1033 2.039414
1102 1.247022
1112 3.061025
1269 0.939044
1451 3.282948
1464 1.459631
1617 1.291226
1721 2.241474
1831 0.767573
1939 2.811891
1954 2.194316
1956 5.215152
1991 1.066286
2046 3.054674
2058 2.698605
2067 1.261263
2116 1.592256
2154 0.677686
2165 0.808965
2191 3.039414
2264 1.437354
2267 1.247022
2337 4.680888
2421 0.986336
2455 0.851893
2473 5.132884
2507 0.380449
2550 0.801368
2762 0.940080
2763 0.756113
2769 1.115135
2824 1.158601
2898 2.085172
2922 13.346732
2954 1.871221
3156 1.376656
3189 2.738384
3274 1.520900
3304 1.608050
3316 2.466468
3338 3.996043
3486 1.925471
3492 0.693061
3508 2.261263
3513 3.434390
3531 0.788994
3535 3.017971
3596 4.272648
3613 1.005990
3691 0.742749
3700 1.283539
3850 3.033523
3971 2.874708
4071 1.018225
4148 1.957433
4196 0.734063
4215 0.998169
4258 1.696991
4451 0.878046
4613 0.902694
4634 2.039414
4769 3.458770
4843 1.608050
5035 3.568283
5050 3.783970
5100 0.700958
5135 0.593810
5143 0.902694
5213 4.272648
5394 0.497835
5496 0.978716
5529 0.646717
5560 3.039414
5600 2.340444
5601 5.196206
5737 1.863323
5743 0.749380
5833 0.998169
5857 1.120336
5885 2.120927
5926 0.698970
6071 1.858375
6112 1.504785
6339 3.039414
6348 1.534264
6488 2.562293
6559 0.998021
6587 0.622774
6616 0.899535
6713 3.039414
6806 2.033059
6864 0.436270
6975 1.405946
7001 2.716346
7008 1.756092
7062 1.031797
7120 4.995529
7143 0.922143
7498 0.710934
7501 1.052642
7595 1.367316
7635 0.704960
7760 0.666502
7859 0.301427
7937 1.495346
7978 1.099895
7987 2.753313
8048 1.188156
8125 2.562293
8150 1.099895
8241 1.018225
8348 1.534264
8381 2.328706
8404 0.522218
8410 1.307020
8417 1.835294
8494 1.291226
8512 0.875061
8616 1.367316
8621 3.850618
8712 8.340686
8784 0.932204
8785 7.641742
8819 1.299051
8826 0.709131
8829 1.296958
8860 1.925471
8866 2.085172
8931 1.065438
9019 2.114286
9031 0.884078
9095 1.194316
9138 0.673926
9268 1.784142
9357 1.376656
9380 1.136324
9387 1.760661
9461 0.721351
9618 0.960233
9626 1.925471
9811 0.909080
9825 8.157656
9873 2.753313
9874 2.738384
9881 1.677686
9933 1.075626
9974 13.640809
10015 4.265145
10018 2.966223
10067 3.054674
10128 2.340444
10185 0.932204
10212 1.998021
10249 0.963867
10251 1.182082
10276 1.617930
10327 1.416165
10352 0.971228
10378 1.366777
10475 2.158908
10521 1.233234
10561 4.074519
10619 0.528869
10741 3.039414
10991 1.784142
11121 3.600489
11208 1.471212
11215 1.808965
11228 1.141787
11340 1.972671
11349 1.283539
11366 5.469265
11386 1.349218
11415 2.340444
11428 2.738384
11459 3.318406
11505 1.426630
11521 3.226879
11523 1.076710
11532 0.652024
11544 3.248882
11557 1.893286
11609 1.213339
