53

79 0.077113
865 0.263753
1466 0.076021
1831 0.064188
1902 0.254412
2057 0.277499
2131 0.085148
2296 0.214270
2552 0.087285
2626 0.098851
2627 0.063994
2651 0.131146
2888 0.254169
3203 0.141793
3450 0.145371
3496 0.254169
4075 0.511633
4091 0.231827
4280 0.203822
4308 0.228995
4701 0.106703
5199 0.334123
5246 0.254169
5919 0.135843
6071 0.051802
6421 0.098795
6874 0.083681
7032 0.115920
7126 0.128765
7498 0.029726
7575 0.163923
7664 0.100926
7794 0.121117
7861 0.058285
8318 0.254169
8455 0.036483
8494 0.107978
8508 0.107335
8647 0.453820
8652 0.214270
8762 0.121117
8826 0.014825
8931 0.022274
9669 0.064775
9767 0.047421
9937 0.155819
11015 0.089948
11151 0.158325
11193 0.258909
11332 0.179407
11348 0.457990
11376 0.038821
11532 0.054525
