54

123 0.137310
268 0.234620
508 0.072868
596 0.127766
630 0.156261
744 0.283709
831 0.154148
1789 0.144331
1940 0.108844
2058 0.084621
2071 0.091365
2154 0.063751
2298 0.181133
2319 0.133222
3177 0.108992
3351 0.103002
3661 0.170173
3679 0.141855
3680 0.285924
3761 0.111772
3818 0.066317
3841 0.089768
4091 0.065198
4148 0.092070
4195 0.110082
4333 0.106896
4359 0.100745
4614 0.268412
4615 0.279039
5012 0.077819
5081 0.096971
5135 0.055861
5797 0.100308
5926 0.065754
6063 0.170173
7497 0.177327
7532 0.118650
7760 0.062699
8000 0.212722
8057 0.350573
8093 0.220170
8243 0.140670
8272 0.083167
8352 0.080406
8931 0.050114
9357 0.129505
9625 0.244409
9669 0.072868
9777 0.335676
10396 0.095399
10397 0.079612
10401 0.384710
11025 0.064108
11605 0.062013
