49

297 0.141286
458 0.089302
913 0.124234
1040 0.291320
1609 0.133284
1666 0.090103
1797 0.084019
1899 0.370055
2022 0.205244
2268 0.090916
2340 0.121701
2421 0.117890
3122 0.091466
3179 0.092301
3203 0.067554
3205 0.169264
3869 0.169264
4063 0.130869
4708 0.082371
4903 0.185028
5085 0.222710
5701 0.159186
5734 0.067207
6144 0.151622
6436 0.218084
6449 0.415553
6587 0.074436
7059 0.219360
7126 0.092021
7556 0.219360
7704 0.085229
7859 0.036027
7861 0.083306
7926 0.226291
7981 0.221230
8501 0.327300
8685 0.194158
9114 0.322525
9115 0.132063
9444 0.112237
9919 0.265340
9977 0.196194
10057 0.155266
10206 0.306253
10397 0.101151
10475 0.064510
11035 0.559473
11256 0.093149
11637 0.111016
