165

21 12.157656
45 4.217837
63 0.945992
168 12.157656
176 1.358173
194 0.723444
217 0.808965
404 0.545260
418 1.649141
455 0.753857
458 0.747158
476 1.784142
600 0.971228
602 1.459631
865 1.577016
876 1.548052
1112 1.530513
1175 1.808965
1387 1.085172
1444 1.459631
1487 1.676034
1555 1.696991
1609 1.115135
1761 6.078828
1797 1.405909
1807 0.928824
1818 1.307020
1902 4.056433
1948 2.738384
1989 2.919261
1991 1.066286
2009 2.085172
2024 1.022381
2165 1.617930
2248 2.283574
2259 0.426630
2267 1.247022
2507 0.380449
2543 1.141787
2552 2.087558
2627 0.765256
2633 1.094931
2877 2.562293
2884 1.925471
2916 1.459631
3144 1.592256
3203 3.391187
3204 1.136324
3423 0.925471
3573 0.788994
3760 1.483112
3818 0.704960
3878 2.437354
3917 1.206905
3918 4.680888
4075 6.118242
4079 4.378892
4091 2.079183
4215 1.497254
4365 4.170343
4451 1.756092
4538 3.361008
4645 1.061691
4734 0.619458
4786 1.998021
5012 0.827227
5199 5.327376
5200 9.955217
5394 1.493505
5529 0.646717
5706 3.154032
5734 2.249171
5764 1.960233
5792 1.949912
5833 0.499085
5867 7.235861
5926 2.096910
5943 2.738384
6205 1.459631
6421 4.725662
6436 0.912309
6456 0.806418
6587 0.622774
6625 2.437354
6688 2.085172
6864 0.436270
6909 0.747158
7002 3.039414
7041 1.376656
7111 1.497254
7126 1.539802
7385 0.769901
7498 1.777335
7652 2.562293
7715 1.233234
7847 0.932204
7861 0.696991
7878 1.863323
7981 1.850942
7982 2.085172
8157 0.939044
8237 1.170182
8283 3.039414
8455 0.872539
8498 1.340444
8512 1.750123
8603 1.784142
8652 2.562293
8740 1.659203
8761 0.747158
8762 1.448350
8826 0.886414
8931 1.331797
8949 1.960233
8955 1.960233
9115 1.104916
9132 0.731918
9258 1.863323
9280 1.158601
9351 1.367316
9357 1.376656
9381 1.125600
9538 3.157927
9579 2.630276
9614 1.784142
9618 1.920466
9747 0.945992
9811 0.909080
9856 3.850942
9903 3.175606
9926 1.659203
10007 3.617930
10036 0.736218
10058 1.212890
10276 0.808965
10279 3.017971
10354 6.078828
10378 2.733553
10398 3.039414
10475 2.158908
10487 1.193869
10500 1.426630
10509 1.409921
10530 1.164353
10700 1.835294
10917 1.608050
10980 2.738384
10991 1.784142
11015 1.075626
11121 1.200163
11152 0.893286
11256 2.338028
11287 1.043779
11306 1.178330
11376 0.464226
11396 0.942504
11402 2.261263
11466 3.329986
11502 1.014108
11505 1.426630
11532 1.304049
11600 0.351885
11609 1.213339
11625 1.104916
11637 0.928824
