316

12 0.050879
23 0.022135
68 0.033063
71 0.019088
74 0.020489
83 0.033653
98 0.023180
111 0.088210
166 0.029927
178 0.041158
213 0.018277
268 0.216873
293 0.132148
313 0.031486
315 0.059530
346 0.088115
365 0.066074
404 0.023707
455 0.016388
458 0.032485
483 0.027263
485 0.025829
508 0.084195
549 0.031731
572 0.132148
589 0.132148
599 0.050374
630 0.216662
632 0.021526
665 0.013758
701 0.052986
744 0.032781
838 0.040507
917 0.012479
923 0.046442
1007 0.119554
1012 0.050879
1064 0.031014
1080 0.033653
1106 0.105568
1132 0.041274
1135 0.027903
1188 0.043435
1224 0.211944
1258 0.026958
1464 0.031731
1476 0.111404
1495 0.034958
1510 0.042614
1532 0.050827
1605 0.019419
1649 0.019153
1673 0.059530
1757 0.041158
1831 0.033373
1875 0.033354
1895 0.032508
1940 0.163494
1981 0.020339
2053 0.033653
2063 0.066074
2071 0.021114
2124 0.098316
2174 0.020642
2298 0.041858
2319 0.030786
2335 0.039807
2405 0.028770
2443 0.055702
2473 0.022317
2519 0.057180
2524 0.022787
2551 0.030347
2609 0.032242
2613 0.181319
2690 0.021195
2696 0.029713
2711 0.033963
2762 0.020437
2768 0.021957
2804 0.075936
2834 0.085228
2941 0.050879
3122 0.016636
3177 0.075561
3185 0.035314
3186 0.067307
3266 0.041158
3286 0.030347
3316 0.053619
3335 0.066074
3354 0.047703
3436 0.029724
3459 0.036891
3464 0.031014
3482 0.021033
3492 0.015067
3535 0.043739
3556 0.066074
3567 0.015457
3573 0.017152
3605 0.029331
3611 0.085768
3627 0.027263
3665 0.045330
3679 0.065562
3693 0.031247
3694 0.026958
3698 0.050879
3731 0.095405
3738 0.066074
3742 0.049158
3761 0.025829
3790 0.085228
3813 0.049158
3841 0.041489
3877 0.052986
3885 0.027903
3926 0.021442
3944 0.038786
3971 0.031247
4091 0.015067
4148 0.042553
4164 0.049158
4333 0.049405
4359 0.093124
4362 0.089173
4409 0.066074
4458 0.068073
4538 0.048710
4550 0.028070
4572 0.043435
4573 0.011823
4611 0.052986
4613 0.019624
4614 0.093041
4669 0.036891
4738 0.037340
4769 0.025064
4834 0.022981
4884 0.055702
4926 0.066074
5007 0.038275
5012 0.017983
5022 0.066074
5056 0.044335
5064 0.025697
5081 0.022409
5135 0.051636
5143 0.019624
5168 0.079131
5177 0.025697
5205 0.049158
5217 0.028240
5253 0.066074
5491 0.008803
5496 0.042553
5521 0.028413
5532 0.019285
5624 0.119554
5678 0.021442
5693 0.027419
5734 0.012224
5797 0.185441
5821 0.019975
5833 0.010850
5869 0.045767
5880 0.018159
5926 0.015195
5965 0.158958
6016 0.109414
6167 0.024130
6272 0.036891
6308 0.016291
6317 0.015282
6418 0.063462
6421 0.012841
6559 0.021696
6574 0.040507
6587 0.013539
6601 0.097523
6802 0.021869
6806 0.103126
6813 0.017099
6823 0.033963
6864 0.018968
7032 0.030135
7061 0.010398
7062 0.104675
7100 0.045330
7111 0.010850
7118 0.013289
7120 0.036199
7143 0.040093
7154 0.029927
7165 0.024242
7216 0.052986
7254 0.046442
7315 0.037791
7430 0.037791
7497 0.061468
7500 0.133005
7501 0.022884
7528 0.106076
7533 0.044335
7591 0.050879
7628 0.132148
7635 0.015325
7655 0.020047
7745 0.017531
7758 0.021611
7760 0.057957
7847 0.020265
7864 0.025439
7874 0.027739
7876 0.033653
7877 0.034958
8057 0.081014
8083 0.015457
8093 0.050879
8141 0.119060
8142 0.046442
8150 0.023911
8243 0.032508
8271 0.020119
8338 0.062156
8352 0.018581
8372 0.038786
8387 0.018581
8445 0.034614
8455 0.009484
8546 0.046442
8554 0.039898
8601 0.038275
8605 0.016052
8621 0.083709
8729 0.037791
8826 0.050102
8829 0.056389
8912 0.041158
8920 0.047392
8931 0.017371
8934 0.076550
9047 0.036083
9059 0.035379
9097 0.020414
9130 0.016686
9132 0.015911
9209 0.049158
9216 0.101758
9242 0.131106
9268 0.038786
9333 0.031014
9334 0.045330
9393 0.088670
9431 0.059530
9438 0.033963
9461 0.015682
9562 0.021359
9574 0.036891
9625 0.028240
9643 0.025439
9669 0.033678
9688 0.028590
9757 0.050879
9767 0.012328
9774 0.020796
9777 0.116357
9865 0.017313
10015 0.023180
10017 0.020192
10082 0.027263
10092 0.019285
10215 0.035684
10224 0.037791
10228 0.026377
10254 0.036070
10256 0.052986
10276 0.017586
10312 0.066074
10326 0.015911
10327 0.030786
10363 0.034283
10396 0.022046
10401 0.133354
10556 0.025697
10558 0.030135
10623 0.044335
10646 0.052754
10677 0.107553
10890 0.020234
10907 0.066074
10954 0.055702
11130 0.038786
11135 0.028070
11155 0.033963
11194 0.022046
11258 0.060270
11267 0.032508
11320 0.087129
11328 0.050127
11332 0.015546
11335 0.068073
11340 0.042884
11364 0.031247
11376 0.020184
11377 0.026663
11437 0.026377
11439 0.045330
11521 0.023383
11523 0.011703
11532 0.014174
11592 0.037330
11605 0.028661
11606 0.060796
11620 0.023591
