303

20 10.381781
63 1.891985
79 0.922143
118 2.194316
176 1.358173
217 0.808965
289 2.085172
308 1.831125
318 0.824570
404 0.545260
418 2.473711
423 1.240074
458 1.494316
531 0.918840
586 0.747158
632 0.990196
678 1.395961
771 3.546245
777 5.124586
798 2.614041
827 1.784142
831 0.819306
846 2.261263
855 2.136324
875 1.141787
897 0.860437
898 1.548052
1037 1.283539
1038 2.437354
1044 1.291226
1112 0.765256
1198 1.624441
1296 0.974956
1378 2.772403
1382 2.039414
1384 1.760661
1444 1.459631
1456 2.547247
1461 1.893286
1466 1.818161
1631 2.039414
1652 1.548052
1694 1.507935
1797 2.108863
1798 1.176091
1804 1.323411
1807 1.857649
1818 1.307020
1902 5.070541
1917 1.893286
1924 1.641474
1963 1.738384
1986 1.125600
1991 6.397718
2008 1.548052
2058 0.899535
2074 3.039414
2077 1.696991
2110 1.784142
2166 1.507935
2248 1.141787
2259 1.279891
2263 2.811891
2268 0.760661
2363 2.044762
2401 2.039414
2475 1.760661
2507 0.380449
2543 1.141787
2550 0.801368
2552 6.262674
2554 1.358173
2618 1.164353
2633 5.474657
2658 1.696991
2677 1.548052
2696 0.683388
2762 0.940080
2826 2.261263
2884 1.925471
2904 1.960233
3010 3.154032
3018 1.863323
3122 0.765256
3150 1.176091
3156 1.376656
3177 1.158601
3193 1.659203
3203 2.260791
3204 3.408972
3243 1.001988
3372 4.078828
3402 3.970232
3417 1.075626
3450 1.738384
3480 1.376656
3493 1.760661
3495 1.170182
3531 0.788994
3550 1.386202
3634 1.459631
3841 0.954243
3850 1.516762
3885 1.283539
3896 2.194316
3904 3.015870
3917 1.206905
3926 0.986336
3938 1.233234
3956 1.717195
3984 1.323411
3992 1.960233
3995 2.261263
4019 4.874708
4079 13.136675
4081 2.039414
4215 0.499085
4310 1.022381
4315 1.512226
4340 17.515566
4362 1.367316
4365 2.085172
4403 1.863323
4529 1.307020
4553 2.261263
4677 1.079454
4734 0.619458
4755 2.340444
4834 1.057143
4866 0.945992
4904 1.471212
4920 2.085172
4964 1.057143
5014 2.562293
5025 0.840757
5058 1.893286
5067 1.164353
5083 1.349218
5088 2.562293
5096 3.393983
5137 1.835294
5154 1.808965
5199 6.659220
5200 4.977609
5260 1.998021
5345 1.471212
5361 1.925471
5386 11.878940
5394 0.497835
5491 0.404937
5532 0.887126
5620 1.376656
5681 1.147320
5706 1.577016
5723 1.659203
5734 3.373757
5743 0.749380
5758 1.219870
5789 2.437354
5792 0.974956
5833 0.499085
5900 2.078828
5934 1.998021
6016 1.677686
6060 0.971228
6070 0.742749
6071 0.619458
6097 1.094931
6144 1.268562
6211 1.226501
6327 2.562293
6379 1.998021
6421 2.362831
6433 1.516762
6456 0.806418
6457 1.495346
6466 1.075626
6514 1.534264
6568 0.723444
6671 1.677686
6764 2.738384
6792 1.558758
6825 2.562293
6839 1.307020
7006 2.085172
7032 4.158605
7061 0.478313
7062 1.375730
7111 1.497254
7120 0.832588
7123 1.164353
7126 0.769901
7143 0.922143
7150 0.978716
7217 0.796376
7218 2.437354
7263 3.154032
7353 1.717195
7374 1.358173
7385 1.539802
7501 3.157927
7530 0.998021
7532 1.261263
7677 2.562293
7704 1.426157
7709 1.359157
7738 1.066286
7765 2.039414
7788 0.530212
7837 1.659203
7859 0.301427
7861 1.393983
7881 1.548052
7918 1.548052
7951 1.960233
7981 3.701883
8157 0.939044
8234 1.275986
8237 1.170182
8332 1.483112
8352 0.854723
8353 1.548052
8357 2.340444
8387 0.854723
8404 0.522218
8467 1.577016
8485 1.115135
8508 1.283539
8512 3.500245
8534 1.835294
8613 1.507935
8614 3.039414
8637 2.738384
8642 1.808965
8653 1.080373
8662 1.188156
8761 0.747158
8762 1.448350
8767 1.409921
8826 1.063696
8930 1.048188
8931 0.532719
9059 1.627453
9065 0.915562
9097 0.939044
9138 1.347852
9189 1.448350
9216 4.680888
9328 0.915562
9402 1.784142
9480 1.624441
9538 6.315854
9568 1.066286
9618 0.960233
9767 0.567079
9798 1.863323
9811 0.909080
9865 1.592752
9899 1.835294
9903 5.557310
9926 1.659203
9936 1.608050
9993 3.248882
10036 2.208654
10058 4.245114
10063 1.367316
10070 1.893286
10109 1.835294
10168 2.340444
10172 1.863323
10195 0.846290
10251 4.728326
10397 2.538869
10415 1.659203
10423 0.698970
10461 1.577016
10487 0.596934
10509 1.409921
10548 0.994091
10677 1.649141
10715 1.416165
10746 2.194316
10753 2.340444
10877 1.863323
10887 3.805686
10890 0.930766
10891 1.677686
11090 2.437354
11122 2.194316
11177 1.507935
11208 1.471212
11256 8.572770
11257 2.453002
11277 2.738384
11349 1.283539
11362 1.164353
11397 0.974956
11466 2.219990
11482 1.835294
11503 0.884078
11522 1.696991
11591 3.039414
11630 1.863323
