216

161 2.261263
194 0.723444
424 1.358173
458 0.747158
467 2.453002
523 2.340444
530 2.136324
577 2.582452
586 0.747158
697 0.819306
771 1.182082
852 2.437354
857 1.158601
866 1.808965
895 0.846290
994 1.448350
1102 1.247022
1218 3.039414
1313 2.194316
1385 14.674633
1436 6.137057
1456 5.943577
1466 1.818161
1523 7.319221
1617 1.291226
1704 1.548052
1797 0.702954
1798 1.176091
1807 0.928824
1831 0.767573
1859 3.032224
2062 2.663688
2115 0.922143
2149 1.395961
2304 2.219990
2507 0.760899
2512 3.039414
2521 1.925471
2530 0.717195
2532 1.226501
2550 0.801368
2627 3.826281
2752 1.483112
3014 0.990196
3054 1.331844
3122 0.765256
3150 1.176091
3203 1.130396
3204 1.136324
3275 0.611279
3414 1.109995
3531 0.788994
3605 1.349218
3621 0.899535
3806 1.395961
3878 2.437354
3908 1.471212
3948 3.039414
3984 1.323411
4026 2.562293
4110 3.884913
4187 2.437354
4205 19.624012
4213 5.016337
4217 5.736598
4273 1.808965
4279 1.738384
4315 3.024452
4485 2.340444
4490 2.340444
4561 2.085172
4573 0.543870
4613 0.902694
4663 0.890195
4708 0.689166
4732 2.085172
4734 1.238917
4796 1.182082
4830 1.426630
4969 1.141787
5049 2.562293
5067 1.164353
5087 2.738384
5208 2.437354
5209 2.738384
5256 1.340444
5320 0.909080
5338 1.416165
5394 0.497835
5412 1.893286
5491 0.404937
5533 2.340444
5689 0.838017
5732 3.146244
5773 2.136324
5797 1.066286
5818 1.624441
5820 1.893286
5833 2.495423
5880 0.835294
5912 2.261263
6010 3.039414
6060 0.971228
6071 0.619458
6112 0.501595
6175 3.039414
6217 1.206905
6346 1.395961
6415 0.928824
6442 2.562293
6509 2.426679
6568 0.723444
6587 1.245547
6750 11.761397
6783 4.388632
6792 1.039172
6828 0.717195
6864 1.308809
6871 1.507935
6878 1.275986
6909 0.747158
6950 2.261263
7008 0.878046
7047 1.213339
7061 0.478313
7062 0.687865
7111 0.998169
7122 1.677686
7385 1.539802
7428 1.299051
7498 0.355467
7501 7.368497
7502 1.960233
7515 1.405946
7550 1.624441
7641 0.646717
7643 1.885008
7655 0.922143
7694 2.330889
7707 1.066286
7715 8.632639
7718 2.437354
7801 3.184512
7859 1.205707
7861 0.696991
7948 1.376656
8007 1.676034
8061 1.784142
8111 1.035093
8158 6.118242
8227 0.816698
8234 1.275986
8271 0.925471
8387 2.564168
8399 2.738384
8463 1.920466
8492 2.738384
8539 0.668346
8660 2.738384
8662 1.188156
8677 1.358173
8720 3.039414
8763 2.136324
8767 1.409921
8826 0.886414
8871 1.188156
8886 3.039414
8959 1.136324
9047 0.829899
9093 1.899018
9110 1.247022
9130 1.535145
9162 3.617930
9294 2.738384
9300 3.039414
9438 1.562293
9608 2.261263
9761 0.835294
9766 2.738384
9767 1.134157
9783 0.869152
9799 2.136324
9863 1.219870
9893 1.784142
9989 2.437354
10058 2.425779
10081 2.340444
10084 3.248882
10185 0.932204
10242 1.437354
10404 2.738384
10438 1.998021
10487 0.596934
10530 1.164353
10563 1.386202
10596 2.388632
10656 3.039414
10677 2.473711
10945 1.998021
10964 2.261263
10995 2.738384
11015 1.075626
11146 2.170343
11162 1.254084
11210 0.849082
11256 5.455399
11257 4.906003
11306 0.589165
11332 0.715132
11375 0.791441
11376 0.928453
11441 2.772403
11454 2.136324
11456 4.644157
11458 1.709445
11472 3.920466
