201

22 0.045886
33 0.060994
98 0.031890
111 0.121353
122 0.029271
166 0.041172
217 0.024194
218 0.048093
268 0.223771
297 0.035353
346 0.015153
485 0.035535
508 0.046332
531 0.027480
536 0.054185
593 0.047620
630 0.132476
744 0.225492
831 0.049007
897 0.025733
917 0.017168
1007 0.065790
1093 0.084096
1102 0.037295
1132 0.056783
1455 0.040352
1532 0.023308
1533 0.051991
1574 0.052657
1609 0.066702
1721 0.044691
1757 0.056623
1816 0.042667
1859 0.036274
1929 0.038617
1940 0.138415
1981 0.083945
1995 0.034148
2058 0.026903
2084 0.029614
2115 0.027579
2267 0.037295
2298 0.057586
2319 0.127062
2359 0.058626
2372 0.054889
2373 0.076632
2390 0.062362
2550 0.047934
2576 0.051125
2613 0.062362
2696 0.040877
2708 0.030957
3071 0.069997
3121 0.023452
3236 0.029158
3351 0.032747
3372 0.060994
3507 0.051991
3553 0.054889
3661 0.054102
3683 0.032029
3761 0.142139
3841 0.057078
3854 0.076632
3911 0.047620
3955 0.060994
4005 0.065493
4086 0.060994
4176 0.052657
4211 0.027285
4359 0.096086
4422 0.069997
4481 0.056623
4520 0.021826
4537 0.033197
4562 0.047164
4614 0.042667
4615 0.088712
4747 0.114484
4764 0.034481
4769 0.034481
4786 0.059756
4866 0.056584
4916 0.037939
4943 0.068494
5012 0.024740
5081 0.030829
5135 0.017759
5324 0.029047
5457 0.043316
5491 0.012111
5605 0.055727
5624 0.065790
5678 0.029499
5797 0.159449
5845 0.065626
5857 0.033506
6060 0.029047
6071 0.037053
6097 0.032747
6174 0.111454
6215 0.045486
6421 0.053000
6505 0.039580
6568 0.021636
6695 0.119511
6799 0.040619
6802 0.030087
6806 0.060804
6813 0.023524
6858 0.033823
7061 0.014305
7062 0.020572
7120 0.024901
7143 0.027579
7165 0.033351
7411 0.026716
7439 0.049092
7497 0.140939
7528 0.036483
7563 0.072895
7618 0.081898
7641 0.038683
7646 0.052657
7707 0.031890
7745 0.024118
7760 0.039867
7794 0.043316
7812 0.045098
7847 0.027880
7850 0.090901
7859 0.009015
7978 0.032895
8057 0.334363
8083 0.021265
8093 0.489977
8098 0.037295
8150 0.164475
8243 0.044722
8315 0.048093
8352 0.051125
8404 0.015618
8455 0.013048
8499 0.047635
8522 0.047164
8529 0.031890
8539 0.019989
8767 0.021084
8826 0.063625
8828 0.054889
8829 0.019394
8919 0.022749
8920 0.032600
9019 0.063233
9052 0.025227
9059 0.016224
9093 0.028397
9097 0.028084
9104 0.026716
9132 0.021890
9242 0.135276
9445 0.090901
9592 0.064058
9625 0.155405
9669 0.023166
9767 0.033920
9845 0.069997
9919 0.033197
9974 0.037087
10004 0.059756
10058 0.036274
10067 0.030452
10092 0.053063
10097 0.057586
10222 0.044000
10326 0.175118
10329 0.049092
10401 0.183461
10454 0.050175
10487 0.017853
10499 0.062362
10565 0.040089
10596 0.035719
10646 0.181439
10677 0.073982
10815 0.081898
10890 0.013918
10898 0.087308
11025 0.101906
11079 0.049622
11124 0.049622
11267 0.089444
11300 0.067629
11323 0.069997
11375 0.023670
11377 0.036681
11451 0.052881
11523 0.016101
11547 0.031086
11605 0.019715
