41

20 0.174786
241 0.358198
536 0.213517
600 0.114460
630 0.065253
678 0.164516
831 0.289668
1258 0.146144
1284 0.127323
1555 0.199992
1902 0.119514
2071 0.114460
2552 0.123011
2663 0.287245
2857 0.551648
3203 0.066609
3681 0.136542
4370 0.251768
4538 0.132033
5112 0.113165
5199 0.156959
5386 0.199992
5532 0.104549
5734 0.066267
5967 0.213189
6060 0.114460
6308 0.176630
6421 0.139231
6616 0.106011
6705 0.301969
6839 0.154034
7861 0.082141
7862 0.113165
8826 0.041786
9538 0.372165
9994 0.235469
10082 0.147795
10275 0.139310
10779 0.189511
11375 0.093272
11466 0.130814
