72

268 1.247022
531 0.918840
630 1.107385
744 1.507935
1132 1.265748
1592 1.120336
1872 1.276027
1935 2.261263
1940 1.157033
1995 1.141787
2154 0.677686
2259 0.426630
3236 1.949912
3507 1.738384
3679 1.507935
3761 1.188156
3841 0.477121
3854 2.562293
4005 1.094931
4359 1.070931
4413 1.005990
4537 1.109995
4615 2.966223
4734 0.619458
4954 2.832330
4980 2.085172
5324 0.971228
5491 0.404937
5749 0.967532
5797 1.066286
6381 1.641474
6421 0.590708
6430 2.437354
6616 0.899535
6806 0.677686
6874 0.500338
7050 1.164353
7062 0.343932
7497 1.885008
7528 1.219870
7532 1.261263
7635 0.704960
7759 1.808965
7760 0.666502
7812 1.507935
8057 1.863323
8271 0.925471
8272 0.884078
8315 1.608050
8404 0.522218
8456 1.592256
8829 0.648479
8931 0.799078
9019 1.057143
9093 0.949509
9132 0.731918
9242 0.753857
9351 1.367316
9625 1.299051
9669 0.774596
9767 0.283539
10326 1.463836
10352 0.971228
10401 3.067142
10475 0.539727
11025 0.681479
11194 1.014108
11267 1.495346
11332 0.715132
11534 1.696991
11547 1.039414
11605 0.659203
