85

111 0.216034
186 0.086183
318 0.073169
424 0.120518
531 0.081534
536 0.080383
621 0.200655
630 0.147397
898 0.137367
960 0.094618
1064 0.126593
1132 0.056158
1609 0.098952
1940 0.154005
1981 0.083022
1995 0.101317
2473 0.091094
2696 0.060641
2708 0.091850
3014 0.087866
3414 0.098496
3492 0.061499
3535 0.178534
3841 0.084675
3911 0.282580
4091 0.061499
4359 0.190060
4413 0.089267
4520 0.064758
4570 0.200655
4734 0.054968
4764 0.102305
4769 0.102305
4870 0.207681
5025 0.074605
5084 0.139938
5135 0.052692
5241 0.150584
5491 0.035932
5714 0.126593
5740 0.112567
5749 0.085855
5790 0.173943
6112 0.044509
6375 0.242992
6587 0.055262
6806 0.060135
6828 0.063641
7528 0.216492
7745 0.071558
7760 0.059142
7920 0.092233
7978 0.097600
7989 0.093012
8083 0.063094
8338 0.084570
8352 0.075844
8404 0.046339
8499 0.070667
8534 0.162856
8616 0.121330
8621 0.113896
8819 0.115272
8826 0.015731
8829 0.057543
8931 0.023636
9093 0.084255
9132 0.064947
9242 0.066894
9625 0.115272
9872 0.101317
9971 0.128520
10325 0.091470
10329 0.145657
10401 0.090722
10475 0.047893
10487 0.052969
10499 0.185029
10635 0.148871
10646 0.215333
11025 0.060472
11210 0.075344
11532 0.057858
11600 0.031225
11606 0.082720
