36

600 0.971228
630 0.553693
1106 2.913685
1400 1.395961
1499 1.052642
1527 2.194316
1532 0.779343
1831 0.767573
1940 0.578516
2065 4.078828
2700 3.096105
3492 0.693061
4071 1.018225
4506 2.261263
4573 1.087740
5143 0.902694
5521 1.307020
5892 1.340444
6317 1.405909
6544 2.261263
6570 0.998021
7062 0.687865
7498 0.355467
7641 0.646717
7862 0.960233
8826 0.177283
8931 0.266359
9059 0.542484
9268 1.784142
9461 0.721351
9592 1.070931
10279 1.005990
10475 0.539727
11025 0.681479
11501 1.254084
11606 0.932204
