126

20 1.483112
121 2.085172
194 0.723444
213 0.840757
352 1.331844
536 1.811750
538 1.808965
552 1.001988
781 1.659203
1216 2.261263
1269 0.939044
1466 1.818161
1495 1.608050
1649 0.881052
1653 1.483112
1721 0.747158
1807 0.928824
1818 1.307020
1896 1.349218
1902 4.056433
2000 0.986336
2008 1.548052
2076 1.448350
2133 3.039414
2179 1.893286
2259 0.853261
2263 1.405946
2319 1.416165
2363 1.022381
2552 1.043779
2633 5.474657
2677 1.548052
2892 1.520900
3095 0.590708
3121 1.568283
3203 1.130396
3205 1.416165
3274 1.520900
3408 2.562293
3531 0.788994
3758 1.182082
3760 1.483112
4079 1.459631
4091 4.851428
4215 0.499085
4340 7.298153
4365 2.085172
4370 2.136324
4470 3.039414
4566 0.827227
4617 1.471212
4710 2.340444
4864 3.039414
4954 1.416165
4955 1.562293
5071 1.998021
5199 5.327376
5324 1.942457
5491 0.404937
5706 1.577016
5734 0.562293
5871 6.078828
6211 1.226501
6308 0.749380
6596 1.760661
6616 0.899535
6694 2.738384
6838 1.120336
7008 0.878046
7111 0.499085
7118 0.611279
7123 2.328706
7125 1.416165
7255 1.641474
7308 1.562293
7320 1.659203
7498 0.710934
7709 1.359157
7713 1.416165
7788 0.530212
7861 2.090974
7922 1.835294
7981 5.552825
8085 1.507935
8271 0.925471
8404 0.522218
8455 1.308809
8456 1.592256
8485 1.115135
8629 1.426630
8930 2.096376
8931 0.266359
8956 1.080373
9328 0.915562
9381 1.125600
9441 5.476768
9538 1.052642
9614 1.784142
9667 1.158601
9718 1.405946
9747 0.945992
9903 2.381704
9938 2.136324
10036 0.736218
10058 0.606445
10397 2.538869
10509 0.704960
10532 2.738384
10604 1.448350
10628 1.960233
10646 4.853357
10658 1.240074
10677 0.824570
10890 0.930766
11096 1.376656
11139 1.426630
11152 2.679858
11195 1.534264
11245 1.784142
11256 0.779343
11375 1.582882
11377 1.226501
11466 1.109995
11547 1.039414
11600 0.351885
11636 1.164353
