246

20 0.197415
97 0.024201
139 0.032475
175 0.032652
217 0.021536
228 0.035919
308 0.024374
418 0.021951
458 0.019891
531 0.024461
630 0.014740
632 0.026361
665 0.016848
723 0.100805
736 0.038558
777 0.068213
798 0.034795
827 0.094994
831 0.021811
875 0.060793
891 0.080915
937 0.056873
1038 0.064887
1074 0.029825
1143 0.068213
1198 0.043245
1278 0.067543
1284 0.028761
1285 0.035919
1444 0.038858
1494 0.041591
1567 0.068213
1592 0.029825
1621 0.072901
1652 0.041212
1736 0.120398
1797 0.018714
1804 0.035232
1807 0.049454
1818 0.034795
1902 0.134987
1963 0.046279
1964 0.080915
1991 0.056773
2008 0.041212
2057 0.044171
2071 0.051712
2110 0.047497
2115 0.024549
2165 0.021536
2166 0.040144
2239 0.161829
2248 0.060793
2259 0.011358
2263 0.112286
2265 0.053191
2268 0.020250
2363 0.027218
2401 0.054293
2405 0.035232
2433 0.080915
2467 0.053191
2475 0.046872
2506 0.045715
2543 0.030396
2548 0.027329
2552 0.138936
2573 0.145801
2633 0.058298
2663 0.064887
2763 0.040258
2777 0.056873
2857 0.062307
2875 0.040845
2904 0.052185
2934 0.080915
2954 0.024908
3010 0.083966
3062 0.080915
3121 0.020875
3203 0.060186
3204 0.060502
3243 0.026675
3275 0.032547
3402 0.035232
3489 0.037429
3531 0.021004
3533 0.036903
3681 0.030844
3683 0.028510
3691 0.019773
3758 0.062938
3760 0.039483
3841 0.025404
3896 0.058417
3904 0.080288
3928 0.038265
3938 0.032831
3988 0.046872
4019 0.064887
4079 0.466295
4195 0.031152
4215 0.013287
4266 0.028023
4340 0.621727
4362 0.036400
4365 0.055511
4403 0.049605
4520 0.019428
4553 0.060199
4582 0.039809
4675 0.080915
4964 0.028143
5012 0.022022
5014 0.068213
5025 0.044765
5067 0.030997
5096 0.045177
5100 0.018661
5105 0.051259
5122 0.050403
5199 0.177280
5200 0.088342
5212 0.058417
5324 0.051712
5381 0.080915
5386 0.180707
5394 0.013253
5491 0.032340
5681 0.030544
5689 0.022309
5692 0.040138
5706 0.041983
5732 0.041879
5734 0.044908
5743 0.019950
5827 0.036903
5833 0.013287
5967 0.048158
6016 0.044663
6060 0.025856
6117 0.042809
6144 0.033771
6308 0.019950
6379 0.053191
6421 0.031451
6456 0.021468
6457 0.039809
6568 0.038519
6616 0.023947
6705 0.068213
6730 0.080915
6792 0.013832
6814 0.032475
6851 0.072901
6916 0.062307
7017 0.072901
7061 0.025467
7062 0.027468
7111 0.026573
7126 0.020496
7217 0.021201
7261 0.072901
7263 0.041983
7385 0.020496
7388 0.041212
7450 0.036649
7498 0.018926
7501 0.112093
7534 0.042809
7636 0.054293
7709 0.036183
7738 0.028386
7788 0.014115
7801 0.042389
7859 0.016049
7861 0.055665
7946 0.027329
7981 0.147826
8007 0.022309
8104 0.036903
8128 0.062938
8157 0.024999
8382 0.027671
8404 0.013902
8485 0.029687
8512 0.023296
8539 0.017793
8653 0.028761
8761 0.019891
8762 0.038558
8767 0.037535
8826 0.070794
8831 0.064887
8863 0.204638
8919 0.020250
9006 0.049605
9059 0.014442
9097 0.049998
9138 0.017941
9216 0.062307
9280 0.030844
9329 0.040144
9433 0.060199
9455 0.043245
9538 0.196162
9544 0.060199
9618 0.025563
9671 0.042389
9761 0.044474
9767 0.022645
9774 0.025467
9865 0.021201
9903 0.042270
9910 0.068213
9936 0.042809
10036 0.019599
10058 0.032289
10063 0.036400
10109 0.048859
10122 0.050403
10147 0.041212
10168 0.062307
10185 0.024817
10187 0.049605
10200 0.049605
10251 0.031469
10276 0.064608
10352 0.051712
10397 0.067589
10558 0.036903
10619 0.014079
10677 0.131709
10701 0.041879
10887 0.033771
11122 0.058417
11152 0.023781
11194 0.053995
11245 0.047497
11256 0.145232
11349 0.068340
11375 0.126417
11396 0.025091
11397 0.025955
11466 0.059100
11503 0.047071
