217

26 0.037444
123 0.051035
217 0.028285
308 0.064024
404 0.076258
418 0.028830
455 0.026358
475 0.047174
630 0.019359
736 0.050640
808 0.051856
992 0.040510
1112 0.160539
1274 0.051440
1275 0.045147
1296 0.034089
1532 0.027249
1540 0.072906
1666 0.026358
1721 0.026124
1831 0.026838
1902 0.035457
1956 0.243125
1981 0.065426
2005 0.040510
2010 0.255174
2024 0.071493
2053 0.054126
2064 0.042198
2067 0.044099
2141 0.048134
2154 0.023695
2166 0.052724
2267 0.043601
2317 0.095745
2335 0.032012
2338 0.071306
2421 0.068973
2455 0.059572
2473 0.035893
2507 0.026604
2518 0.028830
2536 0.095614
2585 0.051440
2667 0.048134
2680 0.052724
2708 0.072382
2804 0.040711
2824 0.121529
2922 0.339387
3034 0.047487
3044 0.074695
3121 0.054834
3304 0.056224
3316 0.043119
3326 0.085220
3370 0.038810
3436 0.047807
3482 0.033829
3491 0.067323
3492 0.048465
3558 0.042198
3587 0.095745
3615 0.085220
3627 0.043848
3761 0.083086
3846 0.074695
3850 0.053032
4215 0.017450
4310 0.035747
4417 0.170440
4503 0.058013
4708 0.024096
4769 0.120933
4857 0.072906
4875 0.053177
4904 0.051440
4969 0.039922
5012 0.028923
5023 0.037444
5050 0.066152
5053 0.037774
5135 0.020762
5143 0.031562
5513 0.072906
5600 0.245495
5601 0.317942
5723 0.058013
5753 0.022735
5770 0.069859
5826 0.039542
5833 0.017450
5902 0.047174
6071 0.021659
6112 0.035076
6402 0.074695
6415 0.032476
6421 0.020654
6456 0.028196
6587 0.021775
6646 0.170440
6792 0.018167
6802 0.070347
6806 0.071084
6813 0.027501
6816 0.068440
6860 0.043848
6874 0.034988
6909 0.026124
6925 0.060781
6968 0.088708
6971 0.063249
6975 0.098315
7008 0.030700
7058 0.067323
7062 0.024051
7111 0.017450
7118 0.042746
7120 0.116443
7143 0.032242
7200 0.085220
7263 0.055139
7311 0.089588
7501 0.073610
7635 0.024648
7641 0.022612
7645 0.095745
7653 0.061560
7859 0.010539
7887 0.033958
7987 0.048134
8007 0.029301
8048 0.041543
8087 0.040510
8150 0.038457
8261 0.089588
8262 0.089588
8272 0.030911
8295 0.189950
8404 0.036518
8419 0.039922
8444 0.056224
8455 0.030508
8474 0.034353
8499 0.027845
8537 0.114786
8616 0.047807
8737 0.089588
8740 0.058013
8780 0.045147
8784 0.065188
8785 0.118750
8826 0.037191
8829 0.022674
8893 0.051856
8931 0.027939
8956 0.037774
9019 0.036962
9020 0.074695
9022 0.064170
9031 0.030911
9132 0.025591
9144 0.032358
9242 0.026358
9270 0.037608
9279 0.047807
9370 0.160933
9380 0.119192
9391 0.066197
9614 0.062381
9623 0.034758
9632 0.097617
9669 0.027083
9679 0.053177
9725 0.042423
9761 0.029205
9767 0.019827
9774 0.033448
9865 0.027845
9974 0.433582
9999 0.041758
10010 0.037121
10029 0.058659
10039 0.076722
10060 0.085220
10067 0.035601
10069 0.055672
10085 0.036342
10096 0.051856
10235 0.049158
10249 0.033701
10254 0.058013
10276 0.028285
10363 0.110278
10487 0.020871
10516 0.069859
10521 0.043119
10644 0.065150
10701 0.027501
10769 0.066197
10827 0.120081
10833 0.079063
10890 0.032543
11135 0.090293
11228 0.079843
11366 0.095614
11375 0.166032
11376 0.016231
11486 0.074695
11523 0.075293
11526 0.031125
11532 0.022797
11540 0.081832
11543 0.044099
11551 0.063249
11557 0.198592
11600 0.012303
