124

68 0.062246
74 0.077148
111 0.099641
194 0.029609
217 0.033109
268 0.051037
319 0.174868
423 0.101506
455 0.030853
485 0.048628
508 0.031702
630 0.067983
634 0.100946
665 0.025902
678 0.057133
831 0.033532
917 0.023494
1106 0.357748
1132 0.129509
1135 0.157595
1182 0.083468
1224 0.199509
1400 0.057133
1499 0.086164
1527 0.269422
1532 0.127585
1542 0.033319
1666 0.030853
1831 0.031415
1940 0.142063
2058 0.110447
2065 0.166935
2335 0.037471
2507 0.031142
2520 0.075114
2551 0.057133
2700 0.190073
2704 0.083468
2711 0.063940
2763 0.030946
3122 0.062640
3316 0.100946
3414 0.045429
3492 0.113460
3521 0.051326
3685 0.058827
3841 0.019527
4071 0.041673
4506 0.185095
4573 0.066777
4615 0.060700
4738 0.023433
4832 0.063358
4834 0.043266
4866 0.077434
4955 0.127881
5023 0.043830
5025 0.034410
5135 0.048606
5143 0.036945
5491 0.016573
5521 0.053493
5532 0.036308
5732 0.032192
5797 0.130921
5892 0.054861
6106 0.065813
6274 0.049136
6317 0.143850
6421 0.024176
6520 0.099754
6544 0.185095
6570 0.040846
6792 0.021265
6806 0.055472
6860 0.102653
6962 0.049136
6971 0.074036
7008 0.035936
7062 0.070381
7111 0.040852
7146 0.075114
7497 0.038574
7532 0.051620
7641 0.079405
7745 0.033004
7987 0.056343
7989 0.042899
8245 0.042540
8431 0.080227
8455 0.017855
8826 0.058046
8829 0.053081
8920 0.044612
8931 0.010901
9059 0.044405
9065 0.037471
9097 0.038432
9242 0.092560
9268 0.073020
9279 0.055961
9435 0.065813
9461 0.088569
9553 0.112075
9592 0.175321
9667 0.047418
9767 0.011604
9770 0.041843
9774 0.039152
10017 0.038014
10092 0.036308
10184 0.124395
10325 0.042188
10326 0.029955
10677 0.067495
10701 0.064384
10898 0.059739
11025 0.027891
11335 0.042719
11375 0.097175
11501 0.153979
11523 0.022033
11568 0.055220
11606 0.114458
