115

7 2.698436
166 1.376656
217 0.808965
218 1.608050
267 3.039414
268 1.247022
346 4.053278
508 0.774596
600 0.971228
630 2.214771
633 1.206905
744 3.015870
831 0.819306
897 0.860437
1007 3.299685
1090 1.641474
1135 1.283539
1428 2.085172
1596 1.677686
1725 1.200565
1940 1.735549
2013 2.039414
2025 1.426630
2046 1.018225
2176 1.608050
2185 1.182082
2186 1.608050
2268 0.760661
2700 1.548052
2845 3.039414
2954 0.935610
2996 1.340444
3048 1.254084
3056 1.696991
3179 0.772242
3236 1.949912
3423 0.925471
3492 0.693061
3682 1.893286
3693 1.437354
3761 1.188156
3841 1.908485
4196 0.734063
4315 0.756113
4359 2.141862
4529 1.307020
4613 0.902694
4615 1.483112
4935 3.039414
4969 1.141787
5053 1.080373
5081 6.184884
5100 0.700958
5135 0.593810
5168 1.213339
5284 1.760661
5320 1.818161
5529 0.646717
5624 3.299685
5732 0.786561
5734 0.562293
5880 0.835294
5892 1.340444
6112 0.501595
6792 0.519586
6814 1.219870
6874 0.500338
7062 1.031797
7111 0.499085
7120 0.832588
7150 0.978716
7165 1.115135
7264 1.641474
7435 1.960233
7497 1.885008
7498 0.355467
7635 0.704960
7641 1.940151
7694 0.776963
7760 0.666502
7859 0.301427
7987 1.376656
8057 1.863323
8126 1.659203
8234 1.275986
8245 1.039414
8455 0.436270
8499 0.796376
8767 0.704960
8773 2.194316
8826 0.177283
8931 0.799078
8971 1.307020
9104 0.893286
9461 0.721351
9592 3.212794
9767 0.567079
9935 2.039414
10017 0.928824
10228 1.213339
10279 1.005990
10326 1.463836
10346 3.039414
10401 1.022381
10475 0.539727
10487 1.193869
10507 1.022381
10565 1.340444
10698 3.617930
10811 2.194316
11025 1.362959
11096 1.376656
11287 1.043779
11401 4.078828
11605 0.659203
