352

20 4.449335
63 1.891985
131 1.808965
175 1.226501
176 2.716346
179 2.537124
202 3.039414
216 1.495346
217 1.617930
244 3.039414
252 1.608050
278 2.738384
282 1.395961
304 1.104916
323 2.738384
382 2.136324
418 0.824570
458 2.241474
531 2.756521
536 2.717626
632 0.990196
671 1.784142
683 2.437354
697 1.638612
771 2.364163
822 2.990692
827 3.568283
857 1.158601
895 0.846290
913 1.039414
937 2.136324
1037 1.283539
1179 3.039414
1198 4.873322
1285 1.349218
1333 2.434582
1378 1.386202
1380 2.562293
1455 2.698436
1464 1.459631
1466 5.454482
1499 1.052642
1596 1.677686
1605 5.359717
1654 2.194316
1694 1.507935
1712 2.136324
1721 1.494316
1757 1.893286
1764 3.216101
1797 4.920681
1804 2.646822
1818 1.307020
1902 7.098758
1963 1.738384
1969 2.194316
1991 1.066286
2057 1.659203
2115 0.922143
2149 1.395961
2165 1.617930
2170 1.893286
2243 2.085172
2259 3.413042
2263 2.811891
2268 2.281982
2292 2.738384
2363 5.111904
2376 2.562293
2467 1.998021
2507 0.380449
2530 1.434390
2552 5.218895
2569 1.677686
2594 3.039414
2627 2.295769
2633 1.094931
2667 1.376656
2690 1.949912
2735 9.118242
2756 1.577016
2758 2.039414
2762 0.940080
2769 1.115135
2806 1.035093
2870 2.738384
2892 1.520900
2893 2.261263
2904 1.960233
2926 1.520900
2932 3.039414
3075 2.738384
3122 0.765256
3144 1.592256
3149 1.120336
3203 6.217176
3204 2.272648
3218 1.534264
3275 0.611279
3354 2.194316
3394 1.507935
3400 2.261263
3414 1.109995
3415 1.386202
3449 3.476768
3481 2.136324
3531 1.577988
3558 1.206905
3567 0.711035
3573 0.788994
3633 1.219870
3674 1.835294
3694 1.240074
3697 2.039414
3754 1.863323
3758 1.182082
3841 0.954243
3849 2.738384
3885 2.567079
3926 0.986336
3927 1.696991
3928 1.437354
3938 1.233234
3984 1.323411
4005 1.094931
4075 2.039414
4079 18.975197
4089 8.215152
4091 2.079183
4126 1.717195
4215 0.499085
4340 18.975197
4365 2.085172
4413 1.005990
4538 2.240672
4550 1.291226
4552 1.548052
4556 2.085172
4566 0.827227
4590 3.039414
4663 0.890195
4677 0.539727
4734 1.238917
4850 2.194316
4866 0.945992
5050 0.945992
5100 0.700958
5112 0.960233
5196 15.828840
5199 9.322908
5324 1.942457
5345 1.471212
5386 1.696991
5394 0.497835
5418 3.039414
5460 1.247022
5491 0.809874
5557 2.136324
5678 1.972671
5681 1.147320
5689 0.838017
5692 0.753857
5706 1.577016
5732 0.786561
5734 0.562293
5743 0.749380
5783 3.039414
5792 0.974956
5817 1.386202
5833 1.497254
5851 0.846290
5879 2.562293
5928 2.194316
5966 3.670588
5967 1.808965
6060 1.942457
6070 2.228247
6097 1.094931
6112 2.006380
6144 3.805686
6146 6.783789
6151 1.641474
6308 0.749380
6415 0.928824
6421 4.134955
6436 0.912309
6456 0.806418
6463 1.448350
6514 1.534264
6569 1.925471
6616 1.799070
6725 2.551972
6792 2.597931
6813 0.786561
6814 1.219870
6839 1.307020
6861 2.437354
6864 1.745079
6909 2.988632
6965 1.147320
6968 2.537124
7062 0.343932
7108 2.738384
7113 2.085172
7123 1.164353
7125 1.416165
7126 0.769901
7146 1.835294
7178 6.249171
7218 2.437354
7275 2.437354
7313 1.998021
7320 6.636812
7362 2.039414
7385 6.929111
7387 1.261263
7389 1.426630
7498 1.777335
7501 1.052642
7515 1.405946
7580 1.254084
7653 1.760661
7709 2.718315
7737 2.716346
7738 4.265145
7749 1.925471
7760 0.666502
7783 1.448350
7788 0.530212
7822 3.039414
7837 1.659203
7859 1.808561
7861 3.484957
7887 0.971228
7920 1.039414
7922 5.505882
7951 1.960233
7978 1.099895
7981 4.627354
8046 1.219870
8083 0.711035
8087 1.158601
8150 1.099895
8157 3.756174
8227 1.633395
8239 1.784142
8248 3.039414
8281 1.367316
8287 5.281982
8326 1.268562
8351 1.233234
8352 1.709445
8377 1.254084
8404 2.088873
8455 0.436270
8463 2.880699
8482 1.043779
8487 1.548052
8512 1.750123
8539 0.668346
8558 3.726646
8653 1.080373
8683 2.562293
8684 1.268562
8699 1.641474
8711 3.041800
8761 0.747158
8763 2.136324
8767 1.409921
8826 1.950110
8956 1.080373
8989 2.942425
9059 0.542484
9065 0.915562
9075 1.520900
9104 0.893286
9114 1.349218
9160 2.194316
9171 1.592256
9280 2.317201
9284 3.154032
9328 1.831125
9379 1.471212
9444 0.939044
9480 1.624441
9538 11.579066
9562 0.982509
9568 2.132573
9586 3.039414
9596 2.426679
9634 1.247022
9669 0.774596
9679 1.520900
9725 2.426679
9747 0.945992
9767 0.850618
9774 1.913257
9863 2.439740
9865 0.796376
9903 1.587803
9908 1.562293
9950 1.315138
10033 1.696991
10036 4.417308
10058 1.819334
10070 1.893286
10082 1.254084
10147 1.548052
10200 1.863323
10215 3.282948
10275 1.182082
10276 3.235861
10279 1.005990
10397 2.538869
10461 1.577016
10475 0.539727
10480 3.039414
10487 0.596934
10517 1.426630
10558 1.386202
10563 1.386202
10658 1.240074
10677 2.473711
10701 3.146244
10705 1.608050
10711 1.268562
10716 3.039414
10751 2.437354
10753 2.340444
10779 1.608050
10999 2.791923
11119 1.659203
11121 0.600081
11152 0.893286
11194 1.014108
11287 1.043779
11332 0.715132
11335 1.043779
11375 11.080172
11396 0.942504
11397 1.949912
11411 1.677686
11423 0.816698
11458 0.854723
11466 2.219990
11480 1.760661
11522 1.696991
11560 2.340444
11576 2.562293
11600 0.703770
11609 1.213339
11637 0.928824
