38

109 1.233234
536 0.905875
1409 1.548052
1466 0.909080
1592 1.120336
1804 1.323411
1902 1.014108
2543 1.141787
2652 1.738384
3275 0.611279
3818 0.704960
4079 2.919261
4091 0.693061
4340 1.459631
4734 0.619458
4785 6.078828
5199 1.331844
5200 1.659203
5734 1.124586
5937 2.261263
5968 2.136324
7126 0.769901
7385 0.769901
7664 2.413810
7788 0.530212
8653 1.080373
8761 0.747158
8826 0.177283
9075 1.520900
9279 1.367316
9521 1.483112
9538 1.052642
9767 0.283539
9903 0.793901
10276 0.808965
10509 0.704960
10684 2.340444
11375 0.791441
