138

111 1.623055
186 0.971228
345 0.932204
346 0.506660
372 2.085172
373 1.459631
404 0.545260
418 0.824570
455 0.753857
596 1.358173
630 1.107385
665 0.632874
697 0.819306
839 1.405946
1053 2.003975
1132 1.898622
1487 0.838017
1489 1.592256
1609 1.115135
1831 0.767573
1872 0.638014
1940 1.157033
1981 0.935610
1995 2.283574
2019 2.437354
2046 1.018225
2071 0.971228
2084 0.990196
2115 1.844286
2125 1.784142
2249 1.760661
2290 1.534264
2473 1.026577
2504 2.551972
2507 0.380449
2530 0.717195
2550 0.801368
2554 1.358173
2575 0.956629
2576 1.709445
2638 1.061691
2720 1.052642
2762 0.470040
2834 1.960233
3048 1.254084
3193 1.659203
3264 1.340444
3417 1.075626
3423 0.925471
3431 2.136324
3482 0.967532
3531 0.788994
3535 1.005990
3546 0.978716
3637 1.136324
3841 0.477121
3911 1.592256
4091 0.693061
4196 0.734063
4359 2.141862
4537 2.219990
4556 2.085172
4623 3.068528
4734 0.619458
4738 0.572546
5012 0.827227
5053 1.080373
5081 3.092442
5135 0.593810
5468 1.194316
6071 0.619458
6220 1.416165
6380 0.942504
6421 0.590708
6506 1.299051
6799 1.358173
6864 0.436270
6874 0.500338
7061 0.478313
7062 0.687865
7433 3.039414
7497 1.885008
7498 0.710934
7528 1.219870
7745 1.612836
7760 0.666502
7855 1.483112
7857 1.925471
7874 1.275986
7981 0.925471
8083 0.711035
8104 1.386202
8315 3.216101
8338 0.953054
8352 0.854723
8404 0.522218
8456 1.592256
8463 0.960233
8485 4.460539
8616 1.367316
8621 2.567079
8653 1.080373
8819 1.299051
8826 0.177283
8829 0.648479
8911 3.039414
8931 1.065438
8996 2.437354
9093 1.899018
9328 0.915562
9438 1.562293
9592 1.070931
9643 1.170182
9669 0.774596
9726 2.738384
9919 1.109995
9937 1.863323
10017 0.928824
10050 2.437354
10062 3.920466
10107 5.124586
10325 1.030814
10326 1.463836
10378 0.683388
10401 2.044762
10487 0.596934
10499 2.085172
11025 0.681479
11121 1.200163
11215 1.808965
11233 2.551972
11320 3.005963
11375 0.791441
11376 0.464226
11605 0.659203
11606 1.864408
11625 1.104916
11661 2.261263
