102

98 1.066286
103 2.439740
186 1.942457
373 2.919261
455 0.753857
630 4.429542
665 0.632874
722 2.437354
1007 1.099895
1106 0.971228
1132 3.164370
1139 3.039414
1489 1.592256
1527 2.194316
1807 0.928824
1872 0.638014
1940 4.049614
2085 1.448350
2108 2.085172
2220 1.624441
2455 0.851893
2507 0.380449
2576 0.854723
2605 1.863323
2700 1.548052
2824 1.158601
2900 2.437354
3095 0.590708
3122 0.765256
3186 1.548052
3492 0.693061
3535 1.005990
3769 3.039414
3968 1.437354
4293 1.863323
4315 0.756113
4317 1.254084
4537 2.219990
4573 0.543870
4623 1.534264
4734 2.477833
4738 0.572546
4884 2.562293
4978 1.495346
5012 0.827227
5053 1.080373
5081 2.061628
5135 1.187620
5143 0.902694
5168 1.213339
5177 1.182082
5178 2.497765
5294 1.738384
5297 2.663688
5529 0.646717
5624 1.099895
5693 1.261263
5892 1.340444
6308 0.749380
6380 0.942504
6406 3.786572
6792 0.519586
6812 2.453002
6864 0.436270
6874 1.000676
7062 1.031797
7109 1.893286
7111 0.998169
7165 1.115135
7497 4.712521
7618 2.738384
7760 0.666502
7775 2.680888
7859 0.301427
7874 1.275986
8455 1.308809
8485 1.115135
8545 3.015870
8819 1.299051
8931 0.532719
9047 0.829899
9051 1.125600
9059 0.542484
9065 0.915562
9107 1.291226
9132 0.731918
9259 3.039414
9625 1.299051
10017 0.928824
10045 2.562293
10195 0.846290
10326 2.195754
10329 1.641474
10433 1.052642
10475 1.079454
10507 3.067142
10818 1.299051
11049 2.562293
11320 7.013913
11332 0.715132
11376 0.464226
11605 2.636812
