343

63 0.021823
79 0.021273
98 0.024599
179 0.029265
266 0.052166
322 0.056228
359 0.039149
424 0.031332
457 0.024493
461 0.059111
536 0.020898
552 0.069346
553 0.054269
585 0.108124
586 0.017237
644 0.042339
678 0.032204
697 0.037802
852 0.056228
857 0.026728
875 0.052681
895 0.078094
897 0.019850
902 0.048104
913 0.095915
1030 0.070118
1033 0.047048
1044 0.059576
1074 0.025845
1132 0.014600
1231 0.070757
1255 0.162470
1258 0.028608
1259 0.038277
1284 0.024924
1295 0.056283
1333 0.037443
1337 0.050622
1384 0.040617
1411 0.197135
1435 0.070118
1454 0.050622
1456 0.019588
1487 0.019333
1499 0.048568
1609 0.025726
1652 0.035713
1694 0.034787
1725 0.027696
1797 0.016217
1798 0.027132
1807 0.021427
1812 0.070118
1835 0.029788
1874 0.036381
1899 0.142851
1981 0.043168
1994 0.025146
1995 0.026340
2067 0.029097
2076 0.033413
2190 0.126346
2194 0.047048
2218 0.053993
2227 0.070118
2259 0.019684
2348 0.022069
2363 0.070757
2421 0.022754
2507 0.026330
2530 0.016545
2550 0.018487
2572 0.020395
2575 0.110344
2618 0.026861
2627 0.017654
2762 0.021687
2804 0.026861
2898 0.048104
2944 0.070118
2952 0.070118
3018 0.042986
3019 0.052166
3023 0.049284
3095 0.013627
3121 0.036179
3122 0.017654
3144 0.036732
3203 0.026078
3205 0.130680
3275 0.014102
3282 0.031759
3289 0.061847
3417 0.024814
3462 0.070118
3495 0.026995
3531 0.018202
3533 0.063958
3546 0.022578
3557 0.094096
3567 0.016403
3569 0.112457
3573 0.018202
3618 0.040617
3620 0.042986
3673 0.062251
3700 0.029611
3770 0.031126
3817 0.070118
3885 0.029611
3938 0.028450
3951 0.016263
3956 0.039615
3982 0.043677
4063 0.025259
4071 0.023490
4081 0.047048
4091 0.031977
4100 0.052166
4215 0.069082
4299 0.070118
4317 0.028931
4377 0.035086
4413 0.023208
4451 0.020256
4520 0.016836
4529 0.030152
4534 0.027270
4542 0.065340
4572 0.046093
4573 0.012547
4593 0.042986
4677 0.024902
4693 0.044419
4708 0.015899
4764 0.026597
4780 0.045221
4866 0.021823
4928 0.037475
4943 0.013208
4964 0.024388
4987 0.036732
5067 0.026861
5096 0.039149
5178 0.038415
5363 0.028608
5394 0.011485
5544 0.250391
5545 0.070118
5562 0.031543
5569 0.165778
5692 0.017391
5727 0.140235
5734 0.025944
5743 0.069151
5792 0.022492
5814 0.040617
5885 0.032619
5926 0.016125
5949 0.021197
6070 0.017135
6071 0.028581
6097 0.025259
6180 0.050622
6277 0.047048
6345 0.041732
6365 0.280470
6376 0.210353
6410 0.070118
6415 0.042855
6436 0.126279
6449 0.240621
6457 0.034497
6505 0.030530
6596 0.040617
6616 0.062255
6657 0.033940
6751 0.070118
6792 0.023973
6793 0.042986
6796 0.063086
6814 0.028142
6820 0.042986
6837 0.057216
6864 0.010064
6874 0.011543
6909 0.017237
6917 0.070118
6962 0.055393
6966 0.047048
6990 0.126346
7028 0.059111
7046 0.042339
7061 0.044138
7111 0.011514
7126 0.106567
7143 0.042547
7146 0.084678
7150 0.022578
7176 0.063173
7215 0.039615
7217 0.018372
7425 0.040617
7448 0.048104
7498 0.082004
7641 0.014919
7651 0.046093
7655 0.021273
7673 0.040617
7694 0.017924
7704 0.279655
7705 0.043677
7706 0.043677
7713 0.098010
7783 0.033413
7788 0.012232
7859 0.027815
7872 0.032670
7874 0.029436
7888 0.070118
7908 0.045221
7925 0.035086
7981 0.085400
8027 0.031332
8046 0.056283
8091 0.044419
8128 0.027270
8157 0.021663
8281 0.031543
8343 0.022754
8351 0.056900
8381 0.026861
8404 0.012047
8412 0.037097
8487 0.035713
8512 0.020187
8605 0.017034
8613 0.034787
8619 0.029436
8622 0.088839
8642 0.125195
8752 0.070118
8771 0.035395
8826 0.065437
8832 0.070118
8930 0.024181
8931 0.024579
8971 0.030152
9099 0.030339
9104 0.020608
9114 0.062251
9115 0.127449
9116 0.109080
9138 0.031094
9179 0.052166
9212 0.070118
9238 0.040104
9271 0.042339
9283 0.042339
9284 0.109143
9285 0.053993
9380 0.026214
9421 0.070118
9444 0.021663
9446 0.045221
9455 0.037475
9538 0.024284
9587 0.029788
9593 0.021905
9613 0.048104
9633 0.056228
9667 0.026728
9688 0.060679
9729 0.031126
9761 0.019270
9788 0.037097
9811 0.062916
9820 0.044419
9855 0.037868
9863 0.056283
9865 0.018372
9900 0.043677
9919 0.204856
9922 0.090443
9950 0.030339
9995 0.118221
9996 0.059111
10010 0.024493
10036 0.033968
10058 0.013990
10070 0.043677
10132 0.042339
10138 0.070118
10195 0.019523
10275 0.027270
10279 0.046415
10378 0.015765
10403 0.063517
10412 0.041732
10423 0.016125
10487 0.055084
10548 0.022933
10559 0.038277
10591 0.027696
10619 0.012201
10677 0.057067
10701 0.054437
10871 0.056228
10880 0.038277
10988 0.063173
11065 0.039615
11121 0.027687
11150 0.047171
11152 0.020608
11210 0.019588
11238 0.034497
11242 0.024181
11256 0.053937
11258 0.031979
11264 0.053993
11283 0.048104
11287 0.024079
11295 0.027991
11320 0.023115
11324 0.042339
11335 0.024079
11340 0.022754
11355 0.036732
11375 0.091290
11380 0.043677
11480 0.081235
11503 0.040790
11509 0.047048
11521 0.024814
11523 0.037259
11526 0.143754
11536 0.030530
11565 0.046093
11568 0.031126
11600 0.016236
11625 0.025490
11636 0.026861
11637 0.021427
