42

109 1.233234
536 1.811750
1466 0.909080
1721 0.747158
1804 1.323411
1807 1.857649
1902 1.014108
2263 1.405946
2889 1.960233
3122 0.765256
3203 0.565198
3204 1.136324
4079 4.378892
4091 0.693061
4215 0.499085
4340 2.919261
5199 1.331844
5200 1.659203
5689 0.838017
5937 2.261263
5968 2.136324
6421 1.181416
7126 0.769901
7664 1.206905
7859 0.301427
7861 0.696991
7981 0.925471
8128 1.182082
8377 1.254084
8653 1.080373
8762 1.448350
8767 0.704960
8826 0.177283
9725 1.213339
9767 0.283539
10276 0.808965
10352 0.971228
10487 0.596934
11163 2.261263
11195 1.534264
11375 1.582882
11503 0.884078
