226

26 0.037240
123 0.050756
217 0.028130
308 0.063674
404 0.075842
418 0.028673
455 0.026214
475 0.046917
630 0.019254
736 0.050364
808 0.051573
992 0.040288
1112 0.159663
1274 0.051159
1275 0.044900
1296 0.033903
1532 0.027100
1540 0.072509
1666 0.026214
1704 0.053831
1721 0.025981
1831 0.026691
1902 0.035264
1956 0.241798
1981 0.065069
2005 0.080577
2010 0.253782
2024 0.071103
2053 0.053831
2064 0.041968
2067 0.043858
2141 0.047871
2154 0.023565
2166 0.052436
2267 0.043363
2317 0.095223
2335 0.031837
2338 0.070917
2421 0.068597
2455 0.059246
2473 0.035698
2507 0.026459
2518 0.028673
2536 0.095092
2585 0.051159
2667 0.047871
2680 0.052436
2708 0.071987
2752 0.051573
2804 0.040489
2824 0.120865
2922 0.337536
3034 0.047228
3044 0.074287
3121 0.054535
3304 0.055917
3316 0.042884
3326 0.084755
3370 0.038598
3436 0.047546
3482 0.033644
3491 0.066955
3492 0.048200
3558 0.041968
3587 0.095223
3615 0.084755
3627 0.043609
3761 0.082632
3846 0.074287
3850 0.052743
4215 0.017355
4310 0.035552
4417 0.169510
4503 0.057696
4708 0.023965
4769 0.120273
4857 0.072509
4875 0.052887
4904 0.051159
4969 0.039704
5012 0.028765
5023 0.037240
5050 0.065791
5053 0.037568
5135 0.020649
5143 0.031390
5376 0.043858
5513 0.072509
5600 0.244156
5601 0.316207
5723 0.057696
5749 0.033644
5753 0.022611
5770 0.069478
5826 0.039326
5833 0.017355
5902 0.046917
6071 0.021541
6112 0.034884
6402 0.074287
6415 0.032298
6421 0.020541
6456 0.028042
6587 0.021656
6646 0.169510
6792 0.018068
6802 0.069963
6806 0.070696
6813 0.027351
6816 0.068067
6860 0.043609
6874 0.034797
6909 0.025981
6925 0.060450
6942 0.065836
6968 0.088224
6971 0.062904
6975 0.097779
7008 0.030533
7058 0.066955
7062 0.023919
7072 0.048890
7111 0.017355
7118 0.042513
7120 0.115808
7143 0.032066
7200 0.084755
7263 0.054838
7311 0.089100
7501 0.073208
7635 0.024514
7641 0.022489
7645 0.095223
7653 0.061224
7859 0.010482
7887 0.033773
7987 0.047871
8007 0.029141
8048 0.041316
8087 0.040288
8150 0.038247
8261 0.089100
8262 0.089100
8272 0.030742
8295 0.188913
8404 0.036319
8419 0.039704
8444 0.055917
8455 0.030341
8463 0.033391
8474 0.034165
8499 0.027693
8537 0.114159
8616 0.047546
8737 0.089100
8740 0.057696
8780 0.044900
8784 0.064832
8785 0.118102
8826 0.036988
8829 0.022550
8893 0.051573
8931 0.027787
8956 0.037568
9019 0.036760
9020 0.074287
9022 0.063819
9031 0.030742
9080 0.062041
9132 0.025451
9144 0.032182
9242 0.026214
9270 0.037403
9279 0.047546
9370 0.160055
9380 0.118542
9391 0.065836
9614 0.062041
9623 0.034568
9632 0.097085
9669 0.026935
9679 0.052887
9725 0.042192
9761 0.029046
9767 0.009860
9774 0.033265
9865 0.027693
9974 0.431216
9999 0.041530
10010 0.036919
10029 0.058339
10039 0.076304
10060 0.084755
10067 0.035407
10069 0.055368
10085 0.036144
10096 0.051573
10235 0.048890
10249 0.033517
10254 0.057696
10276 0.028130
10363 0.109676
10487 0.020757
10516 0.069478
10521 0.042884
10644 0.064794
10701 0.027351
10769 0.065836
10827 0.119425
10833 0.078632
10890 0.032366
11135 0.089801
11146 0.037735
11228 0.079408
11366 0.095092
11375 0.165127
11376 0.016143
11486 0.074287
11523 0.074882
11526 0.030955
11532 0.022673
11540 0.081385
11543 0.043858
11551 0.062904
11557 0.197508
11600 0.012236
