261

20 0.169723
27 0.058644
71 0.020096
79 0.021105
139 0.027920
167 0.062675
176 0.031085
214 0.062675
252 0.036804
325 0.058644
401 0.036804
418 0.018872
477 0.037569
600 0.022229
630 0.025345
697 0.018752
723 0.173330
771 0.027055
857 0.026517
921 0.035431
937 0.048895
1004 0.044069
1037 0.029377
1074 0.025642
1198 0.037179
1284 0.024727
1296 0.022314
1378 0.158633
1466 0.020807
1532 0.017837
1721 0.017101
1764 0.036804
1777 0.032178
1797 0.032178
1804 0.060579
1807 0.063775
1818 0.089743
1831 0.017568
1880 0.031950
1886 0.042647
1902 0.162472
1903 0.046677
1918 0.058644
1991 0.048809
2033 0.035757
2071 0.022229
2205 0.069026
2243 0.143173
2248 0.052265
2259 0.009764
2268 0.034819
2363 0.023400
2507 0.017415
2530 0.016415
2543 0.026133
2552 0.023889
2618 0.026649
2627 0.017515
2633 0.125301
2742 0.062675
2762 0.010758
2763 0.017305
2768 0.023117
2826 0.051754
3006 0.040297
3028 0.042647
3095 0.027040
3122 0.017515
3156 0.031508
3203 0.129359
3204 0.026008
3367 0.081669
3394 0.069026
3449 0.159149
3531 0.018058
3567 0.016274
3573 0.018058
3657 0.048895
3681 0.053035
3683 0.024511
3700 0.029377
3758 0.027055
3760 0.067889
3818 0.048404
3841 0.021840
3887 0.031727
3896 0.050222
3982 0.043332
4019 0.055785
4063 0.050120
4079 0.567922
4211 0.020880
4215 0.011423
4253 0.050222
4266 0.024092
4278 0.035115
4291 0.055785
4315 0.034611
4340 0.200443
4566 0.018933
4663 0.020374
4677 0.012353
4734 0.014178
4738 0.026208
4849 0.031950
4850 0.050222
4964 0.024195
5025 0.019243
5143 0.020660
5199 0.213377
5200 0.075950
5324 0.022229
5361 0.044069
5386 0.077680
5394 0.011394
5460 0.028541
5491 0.037072
5557 0.048895
5681 0.052518
5706 0.036094
5712 0.044289
5734 0.064347
5762 0.033945
6015 0.103509
6070 0.017000
6112 0.011480
6167 0.025405
6211 0.028071
6277 0.046677
6317 0.016089
6418 0.066814
6421 0.027040
6535 0.036804
6568 0.016558
6616 0.020588
6628 0.043332
6631 0.031727
6657 0.033672
6704 0.041403
6725 0.058408
6792 0.011892
6814 0.027920
6839 0.179486
6864 0.059911
6887 0.062675
6968 0.029034
7008 0.060289
7061 0.010947
7062 0.031487
7123 0.026649
7126 0.052863
7178 0.429082
7313 0.045730
7362 0.046677
7385 0.176211
7460 0.022663
7498 0.048814
7704 0.032641
7709 0.015554
7713 0.064825
7738 0.073214
7757 0.062675
7759 0.041403
7788 0.060676
7859 0.020697
7861 0.047857
7916 0.055785
7929 0.034809
7946 0.023496
7981 0.084727
8007 0.019180
8046 0.027920
8087 0.026517
8157 0.064477
8237 0.053565
8343 0.022575
8409 0.069564
8455 0.009985
8463 0.043955
8482 0.023889
8494 0.029553
8499 0.018227
8539 0.030593
8605 0.016900
8629 0.032652
8653 0.024727
8761 0.068402
8767 0.016135
8805 0.058644
8826 0.052748
8930 0.023990
8949 0.089729
9056 0.040297
9059 0.024832
9062 0.024618
9065 0.020955
9189 0.033149
9284 0.036094
9351 0.031294
9377 0.069564
9433 0.051754
9438 0.035757
9480 0.037179
9518 0.062675
9596 0.027770
9669 0.017729
9674 0.055785
9761 0.019118
9767 0.019468
9832 0.040834
9865 0.018227
9903 0.109022
9927 0.058644
9936 0.036804
9993 0.074359
10036 0.033700
10058 0.152680
10063 0.062589
10082 0.028703
10109 0.042005
10125 0.033149
10168 0.053567
10187 0.042647
10251 0.027055
10276 0.018515
10397 0.038739
10403 0.031508
10423 0.015998
10433 0.024092
10461 0.036094
10509 0.016135
10516 0.045730
10548 0.022752
10619 0.012104
10624 0.047724
10677 0.037745
10701 0.018002
10846 0.053567
10892 0.028071
10898 0.033407
10999 0.031950
11079 0.037975
11152 0.040890
11194 0.023210
11256 0.071349
11306 0.026969
11320 0.022933
11359 0.042647
11375 0.090570
11376 0.010625
11396 0.021571
11397 0.022314
11423 0.018692
11458 0.019562
11466 0.050810
11503 0.040469
11547 0.023790
11549 0.055785
11592 0.039302
11618 0.053567
11625 0.025289
