242

26 0.033598
63 0.029678
65 0.048134
71 0.027547
123 0.045793
186 0.030470
213 0.026377
292 0.069970
404 0.017106
447 0.075728
455 0.023651
505 0.070942
508 0.024301
632 0.031065
651 0.048134
665 0.019855
671 0.055974
808 0.046529
831 0.025704
902 0.065418
942 0.060407
1028 0.043190
1053 0.031435
1066 0.073426
1091 0.062684
1112 0.096033
1176 0.073426
1188 0.062684
1364 0.047715
1464 0.045793
1559 0.061498
1613 0.041519
1643 0.032746
1721 0.046881
1831 0.024081
1887 0.050449
1947 0.034664
1956 0.054538
1981 0.029353
2010 0.228963
2044 0.054538
2062 0.083567
2077 0.053239
2234 0.073426
2335 0.143619
2338 0.063982
2421 0.061888
2473 0.032207
2507 0.059679
2550 0.025141
2638 0.033308
2667 0.043190
2680 0.047308
2690 0.030587
2702 0.059398
2708 0.032474
2720 0.033024
2762 0.014746
2763 0.023721
2824 0.109046
2841 0.095355
2843 0.046156
2922 0.190329
2939 0.061498
3014 0.031065
3057 0.070942
3179 0.096910
3188 0.058458
3243 0.031435
3255 0.042897
3351 0.034351
3370 0.139295
3482 0.030354
3486 0.060407
3492 0.108716
3534 0.076467
3567 0.022307
3573 0.024753
3683 0.033598
3761 0.074552
3770 0.042329
3780 0.046529
3818 0.022117
3850 0.071378
3984 0.041519
4063 0.034351
4215 0.031315
4226 0.065418
4426 0.058458
4503 0.156161
4520 0.022895
4573 0.017063
4613 0.028320
4708 0.021621
4815 0.085911
4831 0.061498
4834 0.066331
4842 0.050963
4857 0.065418
4969 0.035821
5023 0.033598
5026 0.038905
5100 0.021991
5491 0.012704
5513 0.065418
5542 0.181222
5600 0.293705
5601 0.244529
5688 0.085911
5737 0.058458
5833 0.015658
5885 0.022180
5900 0.032609
5902 0.042329
6060 0.030470
6082 0.060407
6097 0.034351
6112 0.015736
6281 0.037864
6291 0.025300
6308 0.023510
6315 0.040031
6317 0.022054
6324 0.046156
6402 0.067022
6421 0.018532
6456 0.025300
6466 0.033745
6646 0.305866
6712 0.073426
6806 0.021261
6816 0.030705
6874 0.015697
6925 0.218152
6968 0.079597
6975 0.088217
6980 0.299752
7001 0.085219
7062 0.032370
7111 0.015658
7118 0.019178
7311 0.080386
7498 0.022304
7523 0.053873
7552 0.067022
7685 0.109076
7694 0.024375
7745 0.025300
7760 0.020910
7788 0.049903
7859 0.009457
7864 0.036712
7887 0.030470
7904 0.040031
7911 0.038905
7946 0.032207
7989 0.032885
8048 0.037276
8083 0.022307
8087 0.036349
8104 0.043489
8125 0.080386
8232 0.146853
8294 0.087104
8295 0.042610
8305 0.085911
8353 0.048567
8381 0.036529
8404 0.049150
8455 0.027374
8474 0.061648
8487 0.048567
8499 0.024985
8512 0.027453
8537 0.051498
8616 0.042897
8622 0.060407
8702 0.041519
8745 0.068842
8761 0.023440
8784 0.029246
8785 0.159829
8826 0.077866
8829 0.020345
8893 0.093059
8919 0.023864
8924 0.038066
8931 0.008356
9019 0.033166
9020 0.067022
9025 0.196253
9026 0.063982
9031 0.027736
9056 0.055237
9142 0.047715
9146 0.049013
9150 0.076467
9242 0.023651
9271 0.057578
9279 0.042897
9306 0.050449
9370 0.048134
9383 0.048134
9562 0.030824
9584 0.042053
9587 0.081019
9615 0.171822
9725 0.038066
9783 0.027268
9948 0.095355
9974 0.350141
9976 0.080386
10015 0.033452
10069 0.049954
10085 0.032609
10086 0.067491
10223 0.065418
10423 0.087715
10425 0.073426
10487 0.018727
10517 0.044757
10561 0.042610
10619 0.016592
10693 0.080386
10701 0.024677
10745 0.052054
10898 0.045793
10961 0.085911
11146 0.034045
11228 0.071642
11287 0.032746
11320 0.031435
11340 0.061888
11362 0.036529
11366 0.042897
11375 0.049659
11376 0.014564
11397 0.030587
11523 0.016890
11532 0.020456
11564 0.050449
11566 0.044108
