67

292 1.115135
418 0.824570
1112 0.765256
1954 2.194316
2021 1.437354
2071 0.971228
2335 0.915562
2507 0.380449
2824 1.158601
2922 1.213339
2982 2.085172
3179 0.772242
3370 1.109995
3492 0.693061
3952 1.136324
4503 1.659203
4538 1.120336
4573 0.543870
4843 1.608050
4866 0.945992
5100 0.700958
5112 0.960233
5601 3.897154
5753 0.650248
5795 1.170182
5962 1.349218
6082 1.925471
6864 0.436270
6974 1.893286
6980 3.582948
7062 0.687865
7118 0.611279
7685 1.738384
7878 1.863323
8083 0.711035
8150 1.099895
8294 0.925471
8381 1.164353
8404 0.522218
8474 0.982509
8784 0.932204
8785 2.547247
8829 3.242395
8924 1.213339
8931 0.266359
9019 1.057143
9104 0.893286
9584 1.340444
9966 1.717195
9974 1.240074
9999 1.194316
10085 1.039414
10249 0.963867
10268 3.039414
10276 0.808965
10475 0.539727
10619 0.528869
10711 1.268562
10898 1.459631
11121 0.600081
11306 1.178330
11394 2.437354
11441 1.386202
11532 0.652024
11566 1.405946
11570 1.426630
11609 1.213339
