212

26 1.070931
63 0.945992
65 4.602792
186 0.971228
217 0.808965
224 3.039414
320 1.738384
346 0.506660
418 0.824570
598 1.659203
604 1.495346
632 1.980392
634 1.233234
651 1.534264
678 1.395961
808 2.966223
895 0.846290
993 2.136324
1037 1.283539
1053 2.003975
1065 2.136324
1112 2.295769
1228 2.562293
1258 1.240074
1274 1.471212
1336 1.608050
1370 1.109995
1494 1.562293
1495 3.216101
1498 1.275986
1727 1.925471
1939 1.405946
1981 0.935610
2010 4.378892
2141 2.753313
2221 2.738384
2335 2.746687
2338 6.118242
2342 1.448350
2348 1.913257
2455 0.851893
2507 1.521797
2532 1.226501
2550 0.801368
2680 1.507935
2718 1.275986
2763 1.512226
2768 1.010030
2788 2.738384
2835 2.194316
2922 4.853357
2982 2.085172
3095 1.181416
3177 1.158601
3179 1.544485
3322 2.791923
3351 1.094931
3352 1.960233
3370 4.439981
3386 1.240074
3423 0.925471
3443 2.340444
3459 1.696991
3486 1.925471
3489 1.405946
3492 2.772245
3546 0.978716
3567 0.711035
3573 0.788994
3578 1.835294
3596 2.136324
3627 1.254084
3754 1.863323
3760 1.483112
3761 1.188156
3783 1.471212
3850 0.758381
4161 2.261263
4297 1.784142
4437 1.471212
4503 3.318406
4520 0.729784
4537 1.109995
4573 0.543870
4734 1.238917
4738 0.572546
4769 2.305847
4866 0.945992
4920 2.085172
4955 1.562293
4969 2.283574
5023 1.070931
5050 1.891985
5063 1.863323
5064 1.182082
5067 1.164353
5081 1.030814
5102 2.136324
5529 0.646717
5542 9.627354
5601 6.495257
5692 1.507714
5723 3.318406
5833 0.499085
6240 1.448350
6324 1.471212
6346 4.187884
6402 2.136324
6421 3.544247
6455 1.925471
6466 2.151253
6646 12.186771
6792 0.519586
6802 1.005990
6806 0.677686
6816 1.957433
6874 0.500338
6925 1.738384
6968 1.268562
6974 3.786572
6975 1.405946
6980 9.554529
7048 1.925471
7060 0.932204
7062 0.687865
7118 1.222559
7143 0.922143
7488 2.194316
7498 0.710934
7532 1.261263
7679 1.925471
7685 1.738384
7749 1.925471
7761 1.200565
7894 2.340444
7904 1.275986
7913 1.534264
7973 1.696991
7978 1.099895
8007 0.838017
8010 1.507935
8048 2.376312
8150 1.099895
8175 1.448350
8261 2.562293
8292 1.120336
8294 1.850942
8295 1.358173
8343 0.986336
8344 2.562293
8369 3.039414
8387 0.854723
8404 0.522218
8455 0.436270
8467 1.577016
8474 2.947528
8491 1.659203
8499 0.796376
8537 3.282948
8616 1.367316
8702 1.323411
8719 2.738384
8784 0.932204
8785 4.245412
8826 0.886414
8829 4.539353
8893 2.966223
8919 0.760661
8956 1.080373
9004 3.039414
9019 4.228572
9047 1.659798
9056 3.521321
9071 2.562293
9097 0.939044
9144 0.925471
9329 1.507935
9370 1.534264
9381 1.125600
9452 1.459631
9587 1.291226
9623 0.994091
9767 0.567079
9966 10.303169
9974 3.720221
9999 1.194316
10015 2.132573
10018 1.483112
10069 1.592256
10085 3.118242
10086 1.075626
10223 2.085172
10363 1.577016
10521 1.233234
10619 0.528869
10693 2.562293
10827 1.717195
11045 1.863323
11076 2.194316
11121 0.600081
11130 1.784142
11135 5.164904
11146 1.085172
11340 1.972671
11376 0.464226
11448 2.261263
11523 0.538355
11532 0.652024
11557 1.893286
11564 1.608050
11566 2.811891
11570 1.426630
