35

346 0.506660
630 0.553693
889 2.261263
1132 0.632874
1940 1.157033
2046 1.018225
3841 0.477121
4729 1.200565
4938 1.367316
4943 0.572546
5135 0.593810
5143 0.902694
5394 0.497835
6274 1.200565
6380 1.885008
6421 0.590708
7497 0.942504
7978 1.099895
8552 1.331844
8826 0.354565
9059 1.084969
9669 0.774596
9767 0.283539
9783 0.869152
10401 1.022381
10475 1.079454
10507 1.022381
10646 1.213339
10658 1.240074
10890 0.465383
11025 0.681479
11290 1.548052
11521 1.075626
11534 1.696991
11605 0.659203
