117

26 0.066289
65 0.094969
74 0.058340
109 0.076335
194 0.044780
217 0.050074
292 0.069025
404 0.067501
458 0.046248
632 0.122583
808 0.183605
897 0.053260
917 0.071063
922 0.144870
1112 0.047368
1370 0.068707
1727 0.238367
1939 0.174052
2010 0.180698
2120 0.132235
2335 0.226688
2348 0.059214
2421 0.061053
2486 0.099536
2507 0.023549
2519 0.081405
2527 0.289740
2530 0.044393
2687 0.089651
2763 0.093604
2844 0.242671
2922 0.075104
2939 0.121335
2982 0.129069
3370 0.137414
3492 0.085799
3535 0.062269
3546 0.060581
3567 0.044012
3627 0.077626
3691 0.045975
3780 0.091802
3914 0.107603
3957 0.188135
3964 0.150868
4004 0.150868
4298 0.169502
4443 0.150868
4503 0.102702
4537 0.068707
4708 0.042658
4734 0.038344
4769 0.071364
5023 0.066289
5063 0.115337
5297 0.164878
5491 0.025065
5541 0.564405
5601 0.321637
5693 0.078070
5701 0.082439
5795 0.217297
5880 0.051703
6308 0.046385
6406 0.234383
6506 0.160819
6587 0.038549
6740 0.111972
6806 0.083895
6812 0.151837
6864 0.027004
6874 0.030970
6975 0.087026
6980 0.073926
7062 0.021289
7087 0.158602
7497 0.116679
7685 0.107603
7788 0.032819
8083 0.044012
8087 0.071716
8150 0.068082
8175 0.089651
8240 0.094969
8241 0.063027
8243 0.092560
8474 0.121632
8784 0.057702
8785 0.157671
8829 0.040140
8999 0.113602
9019 0.130871
9022 0.113602
9065 0.056672
9104 0.055293
9255 0.087026
9966 0.212583
9974 0.076759
10040 0.101605
10069 0.098558
10085 0.064338
10086 0.133159
10191 0.144870
10279 0.062269
10475 0.066817
10507 0.063284
10530 0.072072
10591 0.074313
11287 0.064608
11306 0.072937
11340 0.122105
11376 0.028735
11443 0.058555
11521 0.266318
11558 0.102702
11564 0.099536
11600 0.021781
