106

7 2.698436
65 1.534264
71 0.878046
127 1.437354
194 0.723444
455 0.753857
691 2.039414
750 3.039414
895 0.846290
917 0.574031
1066 2.340444
1102 2.494045
1109 3.318406
1112 1.530513
1495 1.608050
1721 0.747158
1956 1.738384
2010 2.919261
2141 1.376656
2158 2.261263
2335 2.746687
2486 1.608050
2550 0.801368
2666 1.960233
2762 0.470040
2763 1.512226
2843 1.471212
2921 1.717195
2922 1.213339
2939 1.960233
2954 0.935610
2956 1.534264
3188 1.863323
3370 1.109995
3423 0.925471
3492 1.386122
3567 1.422069
3573 0.788994
3626 1.935064
3732 1.863323
3780 1.483112
3841 0.477121
4071 1.018225
4148 0.978716
4503 1.659203
4663 0.890195
4714 2.136324
4734 0.619458
4769 1.152923
4796 1.182082
4866 0.945992
5050 1.891985
5063 1.863323
5100 0.700958
5542 7.701883
5601 5.196206
5820 1.893286
5919 1.624441
6097 1.094931
6308 0.749380
6317 1.405909
6587 0.622774
6806 0.677686
6864 0.436270
6874 0.500338
6925 1.738384
6980 5.971580
7062 0.687865
7111 0.499085
7310 1.548052
7315 1.738384
7498 0.355467
7584 1.641474
7843 3.039414
8512 0.875061
8605 0.738384
8616 1.367316
8784 0.932204
8785 1.698165
8826 0.354565
8893 1.483112
8931 0.266359
9019 2.114286
9104 0.893286
9146 1.562293
9370 1.534264
9383 1.534264
9966 1.717195
9974 2.480147
10029 1.677686
10069 1.592256
10085 1.039414
10176 3.039414
10251 1.182082
10475 1.619181
10619 0.528869
10701 0.786561
11130 1.784142
11392 3.039414
11441 1.386202
11516 4.272648
11564 1.608050
11566 2.811891
11568 1.349218
11570 2.853261
11600 0.351885
