41

85 0.166326
186 0.124353
1296 0.124830
1400 0.178735
1542 0.104235
1807 0.118924
1899 0.198208
2268 0.097393
2290 0.196442
2552 0.133642
2572 0.113195
2902 0.289525
3203 0.144732
3613 0.128804
3841 0.061089
4215 0.063901
4615 0.189893
5130 0.280953
5569 0.131440
5734 0.071994
5743 0.095948
6436 0.233618
6874 0.064062
7061 0.061242
7126 0.295727
7704 0.091300
7859 0.038594
7861 0.089241
8272 0.113195
8455 0.055859
8761 0.191328
8826 0.022699
9075 0.194731
9444 0.120232
9767 0.036303
9920 0.299663
10058 0.077647
10475 0.138210
11243 0.328068
11466 0.142120
11637 0.118924
