365

20 0.064211
27 0.055467
63 0.020478
71 0.038015
108 0.025331
131 0.039159
141 0.037173
175 0.079651
176 0.117603
179 0.027461
216 0.032370
252 0.034810
282 0.030219
304 0.023918
334 0.029599
337 0.046246
359 0.036735
398 0.029801
416 0.041681
418 0.017850
422 0.065795
424 0.029401
447 0.026126
458 0.032348
531 0.019890
630 0.035958
632 0.021435
665 0.013700
697 0.017736
723 0.040984
798 0.056587
885 0.127301
895 0.018320
994 0.031353
1074 0.024252
1199 0.115865
1284 0.023387
1464 0.031597
1473 0.059278
1532 0.016871
1548 0.029599
1605 0.019337
1750 0.038622
1764 0.069620
1777 0.030435
1797 0.030434
1803 0.027147
1818 0.056587
1831 0.016616
1836 0.065795
1872 0.013811
1886 0.040336
1902 0.087811
1915 0.055467
1963 0.037631
1991 0.023082
2008 0.033511
2165 0.017512
2243 0.045138
2248 0.024717
2259 0.064648
2268 0.032932
2363 0.022132
2401 0.088295
2405 0.028648
2507 0.041178
2518 0.017850
2519 0.028469
2530 0.015525
2539 0.048963
2543 0.024717
2552 0.045190
2627 0.016566
2633 0.023702
2651 0.016975
2667 0.029801
2673 0.038622
2677 0.033511
2690 0.021105
2756 0.034138
2762 0.010175
2763 0.032736
2768 0.043729
2806 0.022407
2854 0.055467
2892 0.032923
2904 0.042434
2927 0.035165
2983 0.029599
3006 0.038113
3014 0.042870
3015 0.065795
3121 0.016975
3122 0.016566
3144 0.034468
3156 0.029801
3203 0.122350
3204 0.024598
3243 0.043381
3269 0.052762
3280 0.042434
3374 0.025331
3394 0.195856
3395 0.059278
3400 0.048950
3449 0.037631
3490 0.047501
3498 0.031597
3519 0.065795
3531 0.017080
3550 0.060015
3573 0.017080
3632 0.045138
3681 0.025081
3683 0.023183
3691 0.016078
3758 0.051178
3818 0.015260
3841 0.041313
3850 0.032834
3887 0.030007
3904 0.065285
3926 0.021351
3951 0.015260
3984 0.028648
3993 0.048950
4079 0.505552
4089 0.355671
4091 0.090017
4120 0.036317
4174 0.065795
4195 0.025331
4215 0.021608
4315 0.049103
4333 0.049197
4340 0.157985
4413 0.021777
4520 0.031596
4538 0.024252
4551 0.059278
4566 0.017907
4573 0.011773
4582 0.032370
4610 0.028469
4645 0.022983
4663 0.038541
4677 0.011684
4738 0.049576
4786 0.043252
4830 0.030883
4860 0.059278
4866 0.020478
4869 0.034138
4901 0.019541
4928 0.035165
4943 0.024788
4944 0.052762
4955 0.033819
5005 0.052762
5049 0.055467
5050 0.020478
5053 0.023387
5100 0.015174
5168 0.026265
5196 0.244751
5199 0.115323
5260 0.043252
5491 0.017532
5526 0.034468
5532 0.019204
5536 0.041681
5549 0.042434
5550 0.055467
5664 0.039729
5681 0.024836
5706 0.034138
5734 0.024344
5749 0.041889
5762 0.032105
5826 0.024482
5827 0.030007
5833 0.010804
5885 0.015304
5926 0.030262
6015 0.097900
6060 0.063073
6070 0.016078
6071 0.013410
6097 0.023702
6112 0.021716
6244 0.055467
6291 0.017457
6317 0.030434
6328 0.048950
6346 0.030219
6421 0.012787
6433 0.032834
6436 0.019749
6456 0.017457
6540 0.042434
6556 0.065795
6569 0.041681
6616 0.077890
6628 0.163938
6640 0.065795
6725 0.276216
6792 0.067486
6816 0.021187
6828 0.015525
6839 0.056587
6854 0.052762
6864 0.047220
6909 0.048522
6965 0.024836
6968 0.054922
7061 0.010354
7062 0.007445
7082 0.024836
7111 0.021608
7126 0.016666
7146 0.039729
7150 0.063560
7178 0.372013
7217 0.017239
7273 0.101328
7278 0.065795
7283 0.034810
7320 0.035917
7362 0.044148
7385 0.133330
7404 0.024366
7460 0.021435
7498 0.038474
7501 0.113934
7575 0.042434
7707 0.023082
7709 0.044133
7737 0.088202
7738 0.046164
7758 0.021519
7788 0.034433
7789 0.065795
7808 0.036317
7837 0.035917
7859 0.052200
7861 0.015088
7887 0.021024
7945 0.037631
7995 0.039729
8032 0.047501
8046 0.026407
8087 0.025081
8091 0.041681
8264 0.039159
8271 0.020034
8272 0.019138
8287 0.038113
8319 0.045138
8326 0.027461
8339 0.047501
8370 0.065795
8377 0.027147
8396 0.104430
8397 0.092491
8404 0.011305
8455 0.028332
8482 0.045190
8512 0.037885
8558 0.040336
8613 0.032643
8629 0.030883
8653 0.023387
8662 0.025720
8767 0.015260
8826 0.030701
8916 0.040336
8930 0.022690
8931 0.005766
8954 0.041681
8956 0.023387
8959 0.024598
9059 0.046973
9075 0.065847
9077 0.065795
9099 0.028469
9264 0.028469
9313 0.043252
9334 0.045138
9351 0.029599
9444 0.020328
9462 0.035533
9484 0.065795
9521 0.064211
9593 0.020554
9667 0.025081
9669 0.033536
9686 0.046246
9688 0.028469
9767 0.036827
9783 0.018815
9842 0.040984
9865 0.017239
9903 0.051557
10007 0.039159
10010 0.022983
10036 0.047811
10058 0.118151
10082 0.027147
10125 0.031353
10141 0.034138
10185 0.020180
10195 0.018320
10228 0.026265
10251 0.051178
10276 0.017512
10279 0.021777
10309 0.021519
10343 0.055467
10397 0.018320
10405 0.039729
10416 0.055467
10423 0.151308
10433 0.022787
10475 0.011684
10479 0.065795
10487 0.012922
10491 0.024836
10509 0.030521
10515 0.035165
10558 0.030007
10563 0.030007
10590 0.065795
10619 0.034346
10701 0.017027
10705 0.034810
10779 0.034810
10879 0.042434
10887 0.027461
10890 0.040297
10891 0.145269
10916 0.047501
10981 0.034138
10985 0.044148
10999 0.030219
11015 0.023284
11084 0.036317
11096 0.029801
11110 0.065795
11121 0.012990
11194 0.043905
11238 0.032370
11256 0.084353
11396 0.020403
11411 0.036317
11438 0.047501
11466 0.048057
11501 0.027147
11523 0.011654
11547 0.022500
11576 0.055467
11577 0.059278
11598 0.131590
11600 0.030469
11625 0.023918
11637 0.020106
