189

20 0.058855
47 0.120615
100 0.069870
103 0.048409
106 0.070802
157 0.053897
176 0.215590
252 0.127627
401 0.063814
404 0.021638
418 0.032722
598 0.065843
599 0.045978
630 0.021973
723 0.075133
798 0.103735
1231 0.040572
1444 0.115847
1456 0.033695
1466 0.072152
1487 0.033256
1499 0.041773
1548 0.054260
1677 0.067343
1721 0.029650
1764 0.063814
1777 0.055793
1789 0.060885
1798 0.093344
1807 0.036859
1816 0.113228
1818 0.051868
1859 0.024066
1902 0.281706
1989 0.057924
1991 0.042314
1993 0.073944
2016 0.072831
2024 0.040572
2046 0.040407
2141 0.054631
2154 0.053786
2165 0.032103
2224 0.045530
2259 0.033861
2263 0.055793
2267 0.049487
2401 0.080932
2550 0.031801
2552 0.041421
2576 0.033919
2633 0.043451
2646 0.076410
2762 0.018653
2954 0.037129
2996 0.053194
3203 0.089717
3204 0.135281
3218 0.060885
3243 0.039763
3275 0.024258
3558 0.047895
3603 0.137971
3818 0.027975
3841 0.037868
3850 0.030095
3909 0.120615
3938 0.048939
3992 0.077789
4024 0.089735
4075 0.323727
4079 0.347542
4091 0.082510
4211 0.036204
4266 0.041773
4340 0.057924
4377 0.060355
4573 0.021583
4613 0.035822
4634 0.080932
4663 0.035326
4738 0.045442
4901 0.035822
5058 0.075133
5199 0.369968
5368 0.065843
5434 0.203363
5443 0.108669
5468 0.047395
5491 0.016069
5678 0.039142
5732 0.031214
5734 0.044628
5791 0.120615
5851 0.067168
5870 0.063187
6060 0.038542
6063 0.071787
6112 0.039810
6117 0.127627
6291 0.032002
6421 0.070325
6457 0.059341
6628 0.075133
6725 0.050636
6792 0.061857
6828 0.028461
6838 0.044459
7008 0.034844
7126 0.030553
7136 0.120615
7150 0.038839
7178 0.247991
7194 0.108669
7255 0.065140
7282 0.072831
7385 0.030553
7459 0.089735
7460 0.039295
7498 0.042319
7635 0.055951
7709 0.080905
7760 0.026449
7775 0.053194
7788 0.084163
7847 0.036993
7856 0.049767
7859 0.059809
7872 0.056199
7873 0.136290
7896 0.057040
7920 0.082496
7945 0.068986
7981 0.036726
8083 0.056433
8271 0.036726
8352 0.067837
8489 0.059341
8499 0.031603
8512 0.034726
8605 0.029302
8619 0.050636
8631 0.120615
8653 0.042873
8761 0.029650
8762 0.057476
8767 0.027975
8931 0.063421
9059 0.021528
9142 0.060355
9262 0.068986
9326 0.065140
9381 0.089336
9475 0.204434
9592 0.042499
9623 0.039449
9649 0.096723
9688 0.052190
9718 0.055793
9729 0.053542
9872 0.090621
9903 0.031505
10036 0.058432
10058 0.048132
10067 0.040407
10077 0.052518
10185 0.036993
10297 0.096723
10378 0.027119
10475 0.128510
10683 0.108669
10700 0.072831
10701 0.031214
10856 0.076410
10891 0.066577
10933 0.071787
10993 0.092878
11010 0.120615
11152 0.070898
11194 0.080487
11245 0.070802
11256 0.030927
11257 0.048672
11269 0.108669
11396 0.074804
11423 0.064819
11523 0.021364
11532 0.051750
11543 0.050052
