76

20 1.483112
63 1.891985
149 2.039414
176 1.358173
252 1.608050
720 6.078828
865 1.577016
1378 1.386202
1380 2.562293
1579 2.562293
1797 1.405909
1818 2.614041
1902 2.028217
2154 1.355373
2259 1.279891
2507 0.380449
2618 1.164353
2627 0.765256
2633 1.094931
2678 1.863323
2892 1.520900
3203 3.956385
3537 1.925471
3818 0.704960
4079 1.459631
4830 1.426630
5199 2.663688
5227 1.291226
5237 3.039414
5394 0.497835
5491 0.404937
5532 0.887126
5706 1.577016
5734 0.562293
5919 1.624441
6070 0.742749
6421 0.590708
6456 0.806418
6864 2.181349
6874 0.500338
7126 0.769901
7178 3.124586
7182 1.331844
7188 1.376656
7217 0.796376
7498 0.355467
7501 1.052642
7575 1.960233
7709 0.679579
7738 2.132573
7859 0.904280
7861 0.696991
7887 0.971228
8083 0.711035
8377 1.254084
8456 1.592256
8558 1.863323
8629 1.426630
8762 1.448350
8931 0.266359
9097 0.939044
9688 1.315138
9767 0.283539
9937 1.863323
10036 0.736218
10058 1.212890
10141 1.577016
10475 1.079454
10705 1.608050
10933 1.808965
11139 1.426630
11194 1.014108
11195 1.534264
11306 1.178330
11396 0.942504
11532 0.652024
