69

290 0.217168
352 0.105622
418 0.065393
689 0.100604
723 0.150147
798 0.103653
1284 0.085679
1380 0.203203
1902 0.080424
2165 0.064155
2259 0.033834
2401 0.161736
2501 0.141492
2507 0.030172
2519 0.104297
2530 0.056877
2590 0.161736
2651 0.062186
2954 0.074199
3177 0.091883
3203 0.089646
3243 0.079463
3313 0.119587
3537 0.152700
3876 0.241041
3985 0.152700
4079 0.347269
4215 0.079160
5053 0.085679
5199 0.105622
5491 0.032114
5693 0.100025
5734 0.133778
5937 0.179330
6666 0.185609
6792 0.041206
6864 0.069197
6871 0.119587
6874 0.039679
6916 0.185609
7126 0.061057
7178 0.123898
7498 0.028190
7575 0.310913
7641 0.051288
7859 0.023905
7946 0.081413
8366 0.482082
8499 0.063157
8629 0.113139
8761 0.059253
8919 0.060324
9138 0.053446
9618 0.152303
9669 0.061429
9688 0.104297
9767 0.044972
10036 0.058386
10058 0.192377
10141 0.125066
10423 0.055432
10475 0.042803
10891 0.133049
11015 0.170605
11079 0.131583
11150 0.081080
11194 0.482544
11233 0.101192
11256 0.061806
