45

65 1.534264
186 1.942457
808 1.483112
1066 2.340444
1112 0.765256
1559 1.960233
2010 2.919261
2147 1.738384
2154 0.677686
2335 0.915562
2382 3.039414
2762 0.470040
2763 0.756113
2922 1.213339
2982 2.085172
3275 0.611279
3389 3.039414
3443 2.340444
3492 0.693061
4734 0.619458
5063 1.863323
5601 2.598103
6317 0.702954
6802 1.005990
6874 0.500338
6980 7.165896
7062 0.343932
7685 1.738384
8010 1.507935
8243 1.495346
8387 0.854723
8455 0.436270
8537 1.641474
8784 0.932204
8785 2.547247
8829 0.648479
8893 2.966223
8931 0.266359
9019 1.057143
9974 3.720221
10069 1.592256
10236 3.039414
11150 1.022381
11564 1.608050
11566 1.405946
