78

252 0.138399
418 0.070968
723 0.162948
798 0.112490
1269 0.080820
1284 0.092984
1466 0.078241
1902 0.087281
1953 0.209774
2504 0.109819
2626 0.101737
2651 0.067488
2901 0.201433
3203 0.291867
3450 0.149616
3546 0.084234
3550 0.119305
3754 0.160369
3905 0.261591
3926 0.084890
3944 0.153554
3979 0.126622
3985 0.165718
4079 0.376875
4215 0.128863
4538 0.096423
4663 0.076616
4901 0.077691
4944 0.209774
5199 0.114627
5200 0.142801
5491 0.034851
5693 0.108552
5732 0.067696
5734 0.048394
5765 0.171962
5792 0.083911
5937 0.194619
6016 0.144392
6070 0.063926
6792 0.044719
6823 0.134461
6828 0.061726
6864 0.075096
6871 0.129782
6874 0.086124
7050 0.100212
7126 0.066263
7178 0.134461
7216 0.209774
7385 0.066263
7498 0.030594
7569 0.235683
7641 0.055661
7859 0.025943
7946 0.088354
8319 0.179463
8508 0.110469
8605 0.063550
8629 0.122785
8761 0.064305
8826 0.015258
9099 0.113189
9138 0.058002
9669 0.066667
9767 0.024403
10036 0.063364
10058 0.052194
10423 0.060158
10475 0.046452
10891 0.144392
11121 0.051647
11194 0.087281
11233 0.109819
11238 0.128699
11256 0.067075
11332 0.061549
11532 0.056117
