42

194 0.723444
455 0.753857
630 1.107385
733 1.784142
1132 1.265748
1721 1.494316
1940 0.578516
1981 1.871221
2064 1.206905
2576 0.854723
2696 0.683388
3673 1.349218
3841 0.954243
4566 0.827227
4724 1.696991
4729 2.401130
4738 0.572546
5135 1.187620
5448 2.194316
5491 0.404937
5926 0.698970
6806 0.677686
7497 0.942504
7913 1.534264
7978 1.099895
8455 0.436270
8829 0.648479
8989 1.471212
9052 2.530543
9059 0.542484
9132 1.463836
9381 1.125600
9669 0.774596
10017 0.928824
10401 1.022381
10438 1.998021
10487 0.596934
10512 3.039414
11025 0.681479
11153 1.437354
11376 0.464226
11605 0.659203
