94

99 0.068802
198 0.072772
259 0.086304
418 0.052046
553 0.049495
763 0.103609
897 0.054310
913 0.196822
951 0.134844
1456 0.053594
1466 0.057381
1644 0.147728
1649 0.055611
1714 0.191846
1803 0.079157
2171 0.112614
2602 0.128727
2618 0.073493
2627 0.096605
2801 0.075779
2876 0.119503
3122 0.096605
3179 0.048744
3203 0.035675
3342 0.277008
3381 0.161730
3683 0.067597
3818 0.044497
3850 0.095737
4118 0.147728
4120 0.105895
4215 0.063004
4520 0.046064
4663 0.056189
5227 0.163003
5569 0.064797
5683 0.190360
5792 0.061539
6023 0.089388
6035 0.121535
6282 0.115843
6291 0.050901
6436 0.172753
6457 0.188771
6627 0.144138
6792 0.032796
6874 0.031581
6881 0.161730
7060 0.058840
7062 0.021709
7118 0.038584
7126 0.291574
7315 0.109726
7498 0.022437
7641 0.040820
7655 0.058205
7709 0.042895
7713 0.089388
7859 0.095129
7861 0.043994
7945 0.109726
8048 0.149991
8234 0.080540
8259 0.107113
8377 0.079157
8498 0.084608
8684 0.080071
8784 0.117680
8785 0.214374
8826 0.033570
8919 0.096025
8931 0.016812
8975 0.142730
9052 0.053242
9444 0.118544
9592 0.067597
9623 0.062746
9750 0.134844
9767 0.017897
9770 0.064532
9811 0.114761
10036 0.092939
10058 0.038278
10195 0.053417
10275 0.074612
10475 0.034067
11228 0.144138
11233 0.080540
11242 0.066161
11256 0.049192
11376 0.029302
11570 0.090048
11636 0.146987
11637 0.175881
