213

75 3.039414
79 0.922143
98 1.066286
103 1.219870
109 1.233234
122 0.978716
127 1.437354
179 1.268562
444 2.085172
455 0.753857
457 1.061691
458 1.494316
585 1.562293
594 1.784142
722 2.437354
791 1.206905
913 11.433555
960 1.066286
994 1.448350
1028 1.376656
1074 2.240672
1199 1.784142
1231 1.022381
1269 0.939044
1333 0.811527
1384 3.521321
1466 0.909080
1487 2.514051
1499 1.052642
1565 5.476768
1574 1.760661
1605 0.893286
1617 1.291226
1649 0.881052
1653 1.483112
1687 4.272648
1803 2.508169
1807 1.857649
1820 1.577016
1899 10.836367
2025 1.426630
2076 1.448350
2154 0.677686
2194 2.039414
2205 4.523806
2259 1.279891
2264 1.437354
2290 3.068528
2313 2.716346
2366 1.717195
2444 1.577016
2473 1.026577
2507 0.380449
2521 3.850942
2572 0.884078
2606 2.194316
2618 2.328706
2633 5.474657
2720 1.052642
2762 0.940080
2876 1.893286
2918 2.085172
3029 1.520900
3048 1.254084
3164 1.835294
3177 1.158601
3203 1.130396
3209 1.998021
3211 3.434390
3417 1.075626
3546 0.978716
3573 1.577988
3826 1.405946
4148 0.978716
4211 1.824619
4215 0.499085
4266 1.052642
4413 1.005990
4420 1.696991
4451 0.878046
4537 1.109995
4566 0.827227
4573 0.543870
4734 1.858375
4830 1.426630
4875 1.520900
4901 8.124242
4936 1.960233
4960 1.562293
5012 0.827227
5053 1.080373
5082 3.039414
5141 1.624441
5324 3.884913
5345 2.942425
5351 1.960233
5468 1.194316
5544 10.853791
5569 2.053154
5692 0.753857
5734 0.562293
5797 1.066286
5851 0.846290
5874 1.960233
5880 0.835294
5944 3.039414
6281 3.620716
6291 0.806418
6380 0.942504
6415 0.928824
6436 9.123093
6449 13.907073
6456 0.806418
6559 0.998021
6587 0.622774
6838 2.240672
6846 12.236485
6874 0.500338
7061 0.478313
7123 1.164353
7126 3.079605
7131 2.896699
7143 0.922143
7150 0.978716
7217 1.592752
7313 1.998021
7388 1.548052
7411 0.893286
7460 0.990196
7498 2.843736
7501 1.052642
7527 2.562293
7583 1.659203
7584 1.641474
7607 1.835294
7694 0.776963
7704 4.991548
7707 1.066286
7712 6.078828
7737 1.358173
7758 0.994091
7760 0.666502
7788 1.590635
7794 1.448350
7859 1.808561
7861 0.696991
7872 1.416165
7981 5.552825
8046 2.439740
8128 2.364163
8241 1.018225
8377 1.254084
8398 2.136324
8728 1.233234
8767 0.704960
8931 0.799078
8956 1.080373
9047 0.829899
9065 0.915562
9115 2.209831
9116 3.546245
9138 0.673926
9171 1.592256
9264 2.630276
9333 1.426630
9444 0.939044
9579 18.411935
9618 0.960233
9688 1.315138
9761 1.670588
9811 0.909080
9865 0.796376
9900 3.786572
9903 0.793901
9919 9.989957
9950 1.315138
10036 0.736218
10185 0.932204
10279 1.005990
10352 0.971228
10378 1.366777
10397 4.231448
10403 1.376656
10475 2.698635
10500 2.853261
10509 0.704960
10548 0.994091
10619 1.057738
10646 2.426679
10669 1.717195
10735 1.548052
10865 1.960233
10890 0.930766
10991 1.784142
11079 1.659203
11096 1.376656
11121 7.200977
11177 3.015870
11242 1.048188
11243 2.562293
11256 1.558685
11306 1.178330
11376 0.464226
11386 1.349218
11458 0.854723
11503 0.884078
11523 1.076710
11526 0.890195
11532 1.304049
11543 1.261263
11600 0.351885
11636 1.164353
11637 0.928824
