47

298 1.677686
346 0.506660
557 3.039414
678 1.395961
1390 2.614041
1643 1.043779
1797 0.702954
1847 2.085172
1953 2.437354
1998 2.340444
2268 0.760661
2356 2.340444
2504 1.275986
2576 1.709445
3166 1.641474
3482 0.967532
3550 1.386202
4573 0.543870
5012 1.654453
5719 1.182082
6364 3.039414
6606 3.039414
6627 1.141787
6874 1.000676
7119 1.835294
7169 6.078828
7396 3.039414
7411 0.893286
7735 2.466468
8030 1.696991
8476 1.717195
8785 1.698165
8826 0.354565
8984 1.960233
9051 1.125600
9389 2.039414
9668 1.717195
9767 0.283539
10028 2.437354
10331 1.760661
10487 0.596934
10521 3.699702
10619 0.528869
10621 2.251201
11121 0.600081
11151 1.893286
11233 1.275986
