115

26 1.070931
65 1.534264
74 0.942504
109 1.233234
194 0.723444
217 0.808965
292 1.115135
404 1.090519
458 0.747158
632 2.970588
808 1.483112
897 0.860437
917 0.574031
922 2.340444
1102 1.247022
1495 1.608050
1727 3.850942
1874 1.577016
2010 1.459631
2120 2.136324
2220 1.624441
2335 0.915562
2348 0.956629
2507 0.380449
2516 3.039414
2527 2.340444
2530 0.717195
2687 1.448350
2763 1.512226
2824 1.158601
2844 1.960233
3095 0.590708
3136 1.437354
3492 1.386122
3546 0.978716
3567 0.711035
3691 0.742749
3780 1.483112
3818 0.704960
3914 1.738384
3964 2.437354
4005 1.094931
4293 1.863323
4298 2.738384
4443 2.437354
4503 1.659203
4708 0.689166
4734 1.238917
5023 2.141862
5297 1.331844
5601 5.196206
5692 0.753857
5701 1.331844
5795 3.510547
5820 1.893286
5880 0.835294
5926 0.698970
6407 3.039414
6506 1.299051
6740 1.808965
6806 1.355373
6812 1.226501
6864 0.436270
6874 0.500338
6980 2.388632
7001 1.358173
7062 0.343932
7066 3.039414
7087 2.562293
7111 0.499085
7497 1.885008
7635 0.704960
7685 1.738384
7936 1.331844
7952 1.998021
8083 0.711035
8150 1.099895
8175 1.448350
8240 1.534264
8241 1.018225
8243 1.495346
8474 1.965019
8785 1.698165
8829 1.945437
8893 1.483112
8931 0.266359
8999 1.835294
9019 1.057143
9022 1.835294
9065 0.915562
9104 0.893286
9351 1.367316
9872 1.141787
9966 5.151584
9974 1.240074
10040 1.641474
10085 3.118242
10086 1.075626
10185 0.932204
10191 2.340444
10279 1.005990
10318 1.592256
10370 3.039414
10475 0.539727
10507 2.044762
10527 3.039414
10591 2.401130
11287 1.043779
11306 0.589165
11376 0.464226
11443 0.945992
11521 2.151253
11564 1.608050
11570 1.426630
11600 0.351885
