289

20 0.169148
79 0.021034
139 0.027825
148 0.025555
176 0.030980
179 0.028936
214 0.062462
217 0.018452
252 0.036679
289 0.047563
292 0.025436
298 0.038268
325 0.058446
346 0.011557
403 0.048729
416 0.043920
457 0.048434
458 0.017043
508 0.017668
723 0.086371
798 0.059626
855 0.048729
857 0.026428
937 0.048729
1004 0.043920
1022 0.047563
1037 0.029277
1074 0.025555
1078 0.138657
1174 0.046519
1198 0.037053
1199 0.040696
1378 0.158096
1466 0.041472
1532 0.017777
1592 0.025555
1677 0.038708
1764 0.036679
1777 0.064139
1797 0.032069
1804 0.030187
1807 0.021186
1818 0.089439
1820 0.035972
1886 0.042502
1902 0.208185
1918 0.058446
1991 0.048644
2000 0.022498
2021 0.032786
2033 0.035636
2058 0.020518
2071 0.022154
2154 0.015458
2205 0.068792
2243 0.047563
2248 0.026044
2259 0.019463
2263 0.064139
2268 0.017351
2363 0.046641
2507 0.008678
2543 0.026044
2552 0.023808
2618 0.026559
2626 0.026963
2627 0.052366
2633 0.024975
2651 0.017886
2652 0.039652
2653 0.034396
2658 0.038708
2683 0.058446
2697 0.036679
2742 0.062462
2763 0.068987
2768 0.023039
2801 0.054770
2826 0.051579
3006 0.040160
3014 0.022586
3028 0.042502
3121 0.017886
3122 0.017455
3141 0.069329
3150 0.026827
3203 0.103137
3204 0.103678
3236 0.066716
3275 0.013943
3394 0.068792
3449 0.079305
3531 0.017997
3550 0.031619
3567 0.016219
3575 0.062462
3626 0.022069
3683 0.048856
3754 0.042502
3758 0.053926
3760 0.067659
3818 0.064320
3841 0.065299
3850 0.017299
3887 0.031619
3926 0.022498
3930 0.043186
3956 0.078338
3985 0.043920
3995 0.051579
4019 0.055596
4043 0.041863
4063 0.024975
4079 0.466116
4215 0.011384
4266 0.024011
4278 0.034996
4310 0.023320
4315 0.017247
4333 0.025919
4340 0.199764
4370 0.048729
4375 0.055596
4552 0.035311
4566 0.018869
4677 0.012311
4734 0.014130
4738 0.039179
4850 0.050052
4964 0.024113
5058 0.043186
5083 0.030776
5099 0.053385
5106 0.055596
5137 0.041863
5141 0.037053
5199 0.273413
5200 0.113539
5324 0.044307
5361 0.043920
5386 0.154833
5491 0.027710
5529 0.014752
5536 0.043920
5557 0.048729
5571 0.069329
5681 0.026170
5692 0.034391
5706 0.035972
5734 0.051303
5743 0.034187
5792 0.022239
5816 0.069329
5925 0.037053
6015 0.154738
6070 0.016942
6112 0.022883
6291 0.018394
6308 0.017093
6317 0.016034
6418 0.033294
6421 0.026948
6463 0.033037
6542 0.037846
6559 0.022765
6587 0.014205
6616 0.020518
6628 0.043186
6631 0.031619
6645 0.069329
6725 0.029105
6792 0.035555
6814 0.055650
6828 0.016359
6839 0.119252
6864 0.019903
6909 0.034085
6945 0.058446
6968 0.028936
7062 0.047070
7111 0.011384
7123 0.026559
7126 0.052684
7143 0.021034
7178 0.427629
7217 0.018165
7313 0.045575
7320 0.037846
7385 0.070245
7460 0.022586
7498 0.048649
7501 0.048021
7575 0.044713
7595 0.031188
7635 0.016080
7704 0.016265
7709 0.031002
7738 0.072966
7757 0.062462
7788 0.036282
7859 0.006876
7861 0.079492
7916 0.055596
7920 0.071127
7974 0.035636
8046 0.027825
8085 0.034396
8157 0.085678
8237 0.026692
8319 0.047563
8343 0.022498
8387 0.019496
8420 0.062462
8455 0.019903
8463 0.065708
8482 0.047617
8498 0.030575
8508 0.029277
8512 0.019960
8547 0.043920
8605 0.016842
8629 0.065083
8643 0.062462
8653 0.024643
8662 0.027102
8761 0.034085
8767 0.016080
8826 0.056613
8931 0.006076
8949 0.089425
9006 0.042502
9059 0.049496
9062 0.024535
9097 0.021419
9189 0.033037
9480 0.037053
9551 0.043186
9596 0.027676
9669 0.035337
9725 0.027676
9761 0.019053
9767 0.006468
9832 0.040696
9903 0.126762
9927 0.058446
9936 0.036679
9993 0.074107
10036 0.033586
10058 0.165995
10063 0.031188
10082 0.028606
10109 0.041863
10125 0.033037
10141 0.071943
10187 0.042502
10251 0.026963
10276 0.018452
10403 0.031401
10423 0.111604
10461 0.035972
10509 0.016080
10516 0.045575
10548 0.022675
10619 0.012063
10624 0.047563
10677 0.037617
10890 0.010615
10999 0.031842
11096 0.031401
11131 0.069329
11152 0.020376
11194 0.069395
11256 0.088884
11332 0.016312
11349 0.029277
11359 0.042502
11375 0.108316
11376 0.010589
11396 0.021498
11397 0.022239
11423 0.018629
11466 0.025319
11503 0.020166
11523 0.012280
11543 0.028769
11549 0.055596
11618 0.053385
11625 0.025203
11630 0.085004
