256

20 0.149674
148 0.028266
175 0.030944
176 0.034266
179 0.032005
194 0.018252
217 0.020410
252 0.040571
292 0.028135
346 0.012783
416 0.048579
418 0.020804
447 0.030450
467 0.030944
508 0.019543
536 0.022855
665 0.015967
697 0.020671
723 0.095534
771 0.029824
798 0.065951
857 0.029231
895 0.021352
917 0.014483
937 0.053899
1022 0.052608
1307 0.046304
1370 0.028005
1378 0.104920
1387 0.027379
1409 0.117171
1444 0.036826
1451 0.041414
1466 0.045872
1487 0.021143
1499 0.026558
1764 0.040571
1777 0.070943
1797 0.035471
1807 0.023434
1818 0.164879
1820 0.039788
1886 0.047011
1902 0.102343
1963 0.043859
1989 0.036826
1991 0.026902
2000 0.024885
2058 0.022695
2071 0.024504
2137 0.043859
2154 0.017098
2259 0.021527
2263 0.035472
2268 0.019191
2363 0.025794
2507 0.038394
2518 0.020804
2536 0.034497
2548 0.051800
2552 0.026334
2618 0.088129
2626 0.029824
2627 0.096536
2633 0.027625
2651 0.019784
2653 0.038045
2658 0.042815
2762 0.011859
2763 0.057229
2801 0.060580
2826 0.057051
2851 0.029523
3010 0.039788
3014 0.024982
3028 0.047011
3121 0.019784
3122 0.019307
3203 0.128338
3204 0.028669
3236 0.073794
3316 0.031114
3384 0.034040
3394 0.038045
3465 0.043859
3473 0.019366
3550 0.034973
3626 0.024411
3681 0.029231
3683 0.054039
3754 0.094022
3758 0.059647
3760 0.037418
3806 0.035220
3807 0.034973
3818 0.071144
3841 0.036113
3904 0.038045
3926 0.024885
3930 0.047767
3938 0.031114
3951 0.088930
3985 0.048579
4079 0.589216
4215 0.012592
4315 0.019076
4340 0.220956
4370 0.053899
4663 0.022459
4677 0.013617
4708 0.034775
4928 0.040984
4943 0.014445
4964 0.026671
5067 0.029376
5199 0.134408
5200 0.167445
5343 0.076683
5386 0.042815
5491 0.020433
5529 0.016316
5536 0.048579
5692 0.038039
5706 0.039788
5734 0.056746
5743 0.037813
5762 0.037418
5792 0.024598
5859 0.076683
5885 0.017837
6015 0.057051
6060 0.024504
6112 0.050620
6133 0.043859
6421 0.014903
6456 0.020346
6542 0.041861
6559 0.025180
6587 0.015712
6616 0.045390
6628 0.095534
6631 0.069947
6652 0.043324
6725 0.032193
6792 0.039327
6814 0.030777
6828 0.018095
6839 0.032976
6864 0.121076
6909 0.018851
6945 0.064646
6962 0.030290
7062 0.034709
7118 0.015422
7126 0.038849
7143 0.023265
7178 0.315329
7182 0.067204
7320 0.041861
7385 0.077697
7387 0.031821
7498 0.044842
7575 0.049456
7635 0.017786
7698 0.055362
7709 0.034291
7738 0.080706
7788 0.026754
7859 0.022815
7861 0.070340
7887 0.024504
7896 0.072528
7920 0.078672
7974 0.039416
7981 0.023349
8080 0.061494
8090 0.069089
8128 0.029824
8157 0.047384
8319 0.052608
8377 0.031640
8404 0.013175
8420 0.069089
8455 0.011007
8456 0.040172
8463 0.024226
8482 0.052668
8512 0.022078
8513 0.039788
8539 0.050587
8605 0.018629
8629 0.107980
8653 0.027257
8662 0.029977
8684 0.032005
8761 0.037701
8762 0.036541
8764 0.039057
8826 0.062619
8909 0.039788
8931 0.006720
9059 0.027373
9065 0.023099
9261 0.034733
9455 0.040984
9473 0.037418
9527 0.069089
9538 0.026558
9596 0.030612
9669 0.019543
9719 0.043324
9725 0.030612
9729 0.034040
9761 0.063223
9767 0.014307
9903 0.060090
10036 0.037149
10057 0.032775
10058 0.076502
10063 0.034497
10109 0.046304
10118 0.043324
10125 0.036541
10141 0.039788
10195 0.021352
10251 0.029824
10396 0.025586
10423 0.105809
10475 0.013617
10487 0.015060
10516 0.050409
10520 0.055362
10548 0.025081
10619 0.013343
10624 0.052608
10661 0.038045
10677 0.020804
10844 0.053899
10890 0.011741
10933 0.045640
10990 0.051454
10999 0.070439
11031 0.036541
11112 0.047011
11152 0.045075
11194 0.102343
11256 0.098313
11332 0.018043
11340 0.024885
11375 0.019968
11376 0.011712
11396 0.047558
11523 0.013583
11543 0.031821
11549 0.061494
11618 0.059049
