247

23 1.018225
63 0.945992
97 0.909080
213 0.840757
292 3.345404
398 1.376656
404 1.635779
455 0.753857
600 0.971228
602 1.459631
649 3.039414
665 0.632874
697 0.819306
762 2.437354
808 1.483112
869 6.078828
917 0.574031
1112 3.826281
1269 0.939044
1296 0.974956
1370 2.219990
1464 1.459631
1494 1.562293
1542 0.814105
1559 1.960233
1613 1.323411
1643 1.043779
1798 1.176091
1848 2.738384
1981 0.935610
2010 7.298153
2041 2.039414
2077 1.696991
2335 6.408937
2336 2.437354
2473 1.026577
2507 1.902246
2518 0.824570
2519 1.315138
2530 1.434390
2576 0.854723
2667 1.376656
2762 0.940080
2763 3.024452
2769 1.115135
2824 2.317201
2866 3.039414
2870 2.738384
2922 12.133393
2939 1.960233
2996 1.340444
3040 1.677686
3057 2.261263
3095 0.590708
3121 0.784142
3163 1.835294
3188 1.863323
3255 1.367316
3316 2.466468
3351 1.094931
3370 1.109995
3384 1.349218
3423 0.925471
3482 0.967532
3483 2.136324
3492 2.772245
3691 0.742749
3706 3.039414
3715 1.534264
3761 4.752623
3850 0.758381
3852 1.717195
3900 2.085172
3951 2.819841
4024 4.522526
4063 1.094931
4071 2.036450
4130 1.998021
4215 2.495423
4297 1.784142
4503 3.318406
4520 0.729784
4529 1.307020
4568 1.624441
4663 0.890195
4693 1.925471
4708 1.378332
4716 2.340444
4717 2.562293
4734 3.097292
4797 3.039414
4815 2.738384
4834 1.057143
4857 2.085172
4969 2.283574
5012 2.481680
5023 2.141862
5050 0.945992
5063 1.863323
5141 1.624441
5178 0.832588
5232 2.085172
5274 3.039414
5345 1.471212
5460 1.247022
5513 2.085172
5542 7.701883
5601 7.794309
5688 2.738384
5692 0.753857
5795 1.170182
5797 1.066286
5821 0.918840
5833 0.499085
5879 2.562293
5880 0.835294
5885 0.706976
5919 1.624441
5920 2.466468
6071 1.238917
6112 0.501595
6145 3.039414
6240 1.448350
6315 1.275986
6346 1.395961
6348 1.534264
6382 1.760661
6421 1.181416
6456 0.806418
6466 1.075626
6559 0.998021
6635 1.233234
6665 1.835294
6792 0.519586
6802 1.005990
6806 2.033059
6809 2.136324
6878 1.275986
6925 5.215152
6968 5.074248
6975 1.405946
6980 3.582948
7001 1.358173
7062 1.719662
7072 1.405946
7111 0.998169
7120 1.665176
7450 1.376656
7511 1.592256
7518 2.085172
7523 1.717195
7635 0.704960
7641 0.646717
7678 2.261263
7685 3.476768
7694 0.776963
7736 7.312062
7738 1.066286
7760 0.666502
7769 1.925471
7859 0.301427
7865 3.039414
7874 2.551972
7877 1.608050
7887 0.971228
7915 1.043779
7978 1.099895
8050 2.136324
8083 0.711035
8087 2.317201
8140 1.960233
8150 1.099895
8294 2.776412
8381 1.164353
8404 0.522218
8419 1.141787
8474 1.965019
8499 0.796376
8545 1.507935
8546 2.136324
8555 1.784142
8605 0.738384
8616 1.367316
8622 1.925471
8646 1.863323
8761 0.747158
8785 0.849082
8826 2.481958
8829 0.648479
8893 4.449335
8919 0.760661
8924 3.640018
8931 0.532719
9019 2.114286
9026 4.078828
9051 2.251201
9068 2.738384
9104 0.893286
9150 2.437354
9255 1.405946
9268 1.784142
9370 1.534264
9380 1.136324
9452 2.919261
9512 2.738384
9552 2.261263
9669 0.774596
9709 2.194316
9770 2.044762
9820 1.925471
9872 1.141787
9874 2.738384
9878 3.039414
9944 1.182082
9974 8.680515
9976 2.562293
10012 2.437354
10085 3.118242
10086 2.151253
10096 1.483112
10335 2.738384
10378 0.683388
10423 0.698970
10487 0.596934
10509 0.704960
10526 1.893286
10561 1.358173
10619 1.057738
10667 1.624441
10745 1.659203
10901 1.893286
11063 1.717195
11121 0.600081
11128 3.039414
11135 1.291226
11228 1.141787
11271 2.437354
11340 0.986336
11349 1.283539
11366 2.734633
11375 0.791441
11378 2.039414
11459 1.659203
11485 2.340444
11523 0.538355
11540 2.340444
11557 1.893286
