127

33 0.196243
63 0.030343
108 0.037534
194 0.046409
204 0.042183
300 0.272155
362 0.150140
467 0.078680
577 0.124248
771 0.037915
1207 0.072530
1278 0.040689
1456 0.027234
1466 0.029159
1523 0.469528
1573 0.057226
1649 0.028260
1773 0.066882
1797 0.022547
1872 0.040929
1937 0.097489
1976 0.058023
1979 0.052650
2062 0.213595
2304 0.035603
2421 0.063273
2507 0.012203
2518 0.052896
2530 0.046008
2533 0.075070
2627 0.098182
2714 0.164371
2763 0.024252
2806 0.033201
2906 0.058867
3203 0.036257
3299 0.056473
3366 0.175427
3413 0.075070
3414 0.035603
3482 0.031034
3486 0.061760
3513 0.055079
3619 0.082186
3638 0.061760
3926 0.031637
4110 0.031152
4213 0.080450
4451 0.028163
4547 0.102143
4566 0.053067
4943 0.018364
4960 0.100221
4964 0.033908
5012 0.026533
5256 0.085990
5320 0.029159
5376 0.040455
5412 0.060727
5666 0.097489
5689 0.026879
5732 0.151374
5833 0.032016
5880 0.053584
6065 0.043563
6097 0.035120
6151 0.263252
6317 0.022547
6371 0.114453
6465 0.078178
6568 0.046409
6587 0.039951
6864 0.013993
6878 0.040927
7111 0.032016
7123 0.037347
7411 0.057304
7501 0.337635
7502 0.188623
7641 0.020743
7643 0.030231
7673 0.056473
7694 0.149527
7715 0.514228
7826 0.041667
7830 0.058023
7862 0.030799
8083 0.045613
8087 0.037162
8111 0.132802
8387 0.054830
8404 0.033500
8463 0.123198
8476 0.110158
8648 0.290113
8677 0.043563
8711 0.048783
8725 0.058867
8826 0.022745
9047 0.026619
9093 0.060911
9144 0.029684
9461 0.046275
9640 0.082186
9662 0.053812
9717 0.225209
9755 0.049212
9776 0.061760
9890 0.072530
10058 0.019452
10084 0.104208
10275 0.037915
10309 0.031885
10423 0.044839
10563 0.088925
10677 0.052896
10797 0.205568
11200 0.080910
11256 0.024997
11257 0.236040
11375 0.050771
11376 0.044670
11441 0.088925
11456 0.099308
11458 0.054830
11502 0.032528
11600 0.022573
