55

111 0.090170
186 0.107914
346 0.056296
598 0.184356
599 0.128733
630 0.184564
1007 0.244421
1132 0.070319
1633 0.144339
1721 0.083018
1807 0.103203
1929 0.143470
1940 0.128559
1981 0.207913
2576 0.094969
2638 0.117966
3423 0.205660
3693 0.159706
4091 0.077007
4462 0.126865
4582 0.166150
5081 0.114535
5325 0.172006
5491 0.044993
5624 0.244421
5857 0.124482
6274 0.133396
6421 0.065634
6878 0.141776
7039 0.139343
7062 0.038215
7165 0.123904
7497 0.104723
7745 0.089602
8338 0.105895
8455 0.096949
8829 0.072053
8920 0.121114
9052 0.093724
9226 0.251251
9725 0.134815
9905 0.178672
10054 0.217804
10274 0.304265
10326 0.081324
10475 0.059970
10794 0.210365
11015 0.119514
11020 0.270817
11025 0.075720
11153 0.159706
11290 0.172006
11451 0.098231
11547 0.115490
11605 0.073245
