192

20 2.966223
175 1.226501
176 1.358173
252 1.608050
308 0.915562
334 1.367316
337 2.136324
359 1.696991
447 1.206905
458 2.241474
536 0.905875
585 1.562293
595 1.808965
781 1.659203
895 3.385158
994 1.448350
1198 1.624441
1286 2.194316
1370 1.109995
1466 0.909080
1605 0.893286
1764 3.216101
1797 2.108863
1798 1.176091
1807 1.857649
1818 5.228081
1872 0.638014
1886 1.863323
1902 1.014108
1963 1.738384
2044 1.738384
2076 1.448350
2259 0.853261
2263 1.405946
2405 1.323411
2507 0.760899
2518 0.824570
2543 1.141787
2552 1.043779
2572 0.884078
2618 2.328706
2673 1.784142
2713 3.039414
2756 3.154032
2763 0.756113
2768 1.010030
2927 1.624441
3014 0.990196
3049 1.835294
3203 3.956385
3243 1.001988
3316 1.233234
3367 1.784142
3394 3.015870
3400 2.261263
3537 3.850942
3567 0.711035
3681 2.317201
3758 1.182082
3760 1.483112
3818 2.114881
3841 1.431364
3850 0.758381
3887 1.386202
3904 3.015870
3951 2.819841
4079 14.596305
4091 1.386122
4120 1.677686
4215 1.497254
4315 0.756113
4340 10.217414
4566 0.827227
4610 1.315138
4738 0.572546
5196 2.261263
5199 1.331844
5324 0.971228
5491 0.404937
5706 1.577016
5734 3.373757
5762 1.483112
5948 0.863323
6015 2.261263
6060 1.942457
6274 1.200565
6291 1.612836
6317 0.702954
6421 0.590708
6436 0.912309
6456 0.806418
6616 2.698605
6652 1.717195
6725 2.551972
6792 1.039172
6813 0.786561
6864 1.308809
6909 0.747158
7047 1.213339
7062 0.343932
7111 0.499085
7126 2.309704
7143 0.922143
7150 0.978716
7154 1.376656
7178 14.060636
7182 1.331844
7226 3.039414
7273 2.340444
7275 2.437354
7385 5.389308
7387 1.261263
7498 0.710934
7704 0.713078
7709 0.679579
7738 2.132573
7788 2.120846
7859 0.904280
7861 1.393983
7887 0.971228
7896 2.874708
7904 1.275986
8007 0.838017
8009 1.608050
8016 0.939044
8046 1.219870
8087 2.317201
8157 0.939044
8264 1.808965
8377 1.254084
8396 1.608050
8397 2.136324
8404 0.522218
8434 2.136324
8455 0.436270
8457 1.194316
8463 0.960233
8482 2.087558
8498 1.340444
8512 0.875061
8539 0.668346
8558 1.863323
8629 2.853261
8653 1.080373
8741 1.247022
8767 0.704960
8826 0.886414
8909 1.577016
8916 1.863323
8956 1.080373
8959 1.136324
9059 1.084969
9075 1.520900
9138 0.673926
9261 1.376656
9264 1.315138
9444 0.939044
9462 1.641474
9521 2.966223
9538 1.052642
9767 0.567079
9865 0.796376
9903 0.793901
10036 1.472436
10058 1.819334
10082 1.254084
10118 1.717195
10125 1.448350
10127 2.340444
10141 1.577016
10251 1.182082
10276 0.808965
10397 0.846290
10423 4.193820
10433 1.052642
10491 1.147320
10879 1.960233
10890 0.930766
10891 3.355373
10898 1.459631
10981 1.577016
10999 1.395961
11015 1.075626
11194 1.014108
11195 3.068528
11256 0.779343
11306 0.589165
11375 1.582882
11411 1.677686
11466 1.109995
11600 0.351885
11637 0.928824
