297

22 0.036073
23 0.023940
26 0.025179
36 0.031115
64 0.134169
108 0.027513
109 0.028995
111 0.038160
166 0.032367
178 0.044514
188 0.079022
199 0.031722
216 0.035158
226 0.046977
259 0.160738
345 0.021918
346 0.035737
404 0.051280
423 0.029156
457 0.024962
467 0.028837
485 0.055871
486 0.032821
518 0.071461
536 0.021299
586 0.017567
630 0.065091
665 0.014880
733 0.293635
839 0.033056
965 0.022662
1003 0.049026
1007 0.077581
1090 0.038594
1106 0.022835
1132 0.133918
1135 0.030178
1555 0.039899
1616 0.034870
1633 0.030543
1649 0.020715
1721 0.052700
1789 0.036073
1804 0.031115
1831 0.018047
1929 0.151793
1940 0.149620
1950 0.036073
1981 0.197979
1986 0.052929
1991 0.050140
1994 0.051256
1995 0.026845
2000 0.023190
2021 0.033794
2024 0.024038
2025 0.033542
2046 0.047880
2053 0.036397
2058 0.021149
2064 0.056752
2071 0.045670
2085 0.034053
2091 0.028681
2185 0.083378
2217 0.039010
2248 0.026845
2278 0.028681
2339 0.026975
2348 0.022492
2359 0.046088
2554 0.063865
2575 0.022492
2576 0.020096
2708 0.024337
2711 0.036732
2762 0.022103
2804 0.054751
2805 0.033794
2806 0.024337
2946 0.033296
3095 0.027777
3122 0.017992
3156 0.032367
3236 0.022923
3259 0.049026
3260 0.051592
3273 0.043810
3286 0.032821
3296 0.055027
3384 0.063444
3401 0.031516
3423 0.087037
3436 0.064295
3465 0.081744
3492 0.016295
3495 0.027513
3546 0.023011
3567 0.016718
3573 0.037101
3611 0.231903
3627 0.058971
3693 0.033794
3717 0.046977
3841 0.056089
3929 0.270155
3943 0.037436
3951 0.033149
3971 0.033794
3975 0.027793
4005 0.025744
4071 0.023940
4086 0.047950
4091 0.016295
4176 0.041396
4196 0.017259
4267 0.074156
4458 0.024541
4462 0.026845
4481 0.044514
4520 0.034317
4582 0.035158
4613 0.021224
4677 0.025380
4734 0.014564
4738 0.026923
4747 0.060001
4769 0.027107
4834 0.024855
4892 0.064384
4916 0.059652
4943 0.053846
5012 0.019449
5059 0.038193
5081 0.048472
5112 0.067730
5135 0.125652
5168 0.028527
5178 0.019575
5297 0.031314
5325 0.072794
5453 0.039899
5457 0.034053
5468 0.028080
5479 0.050228
5491 0.028562
5610 0.050228
5613 0.046088
5624 0.077581
5696 0.041948
5712 0.022748
5734 0.013220
5790 0.046088
5827 0.032592
5833 0.011734
5857 0.079022
5869 0.049498
5880 0.019639
5885 0.016622
5902 0.063444
5926 0.049302
5957 0.028837
6023 0.033296
6070 0.017463
6071 0.058258
6152 0.128767
6273 0.044514
6274 0.056454
6317 0.033055
6324 0.034590
6380 0.022160
6418 0.034318
6421 0.055554
6806 0.015933
6823 0.036732
6828 0.016862
6858 0.026590
7040 0.046088
7041 0.032367
7062 0.048518
7120 0.019575
7124 0.036732
7143 0.021681
7165 0.026219
7298 0.057306
7387 0.088963
7394 0.033542
7450 0.032367
7497 0.088639
7498 0.008358
7514 0.064384
7530 0.023465
7532 0.029654
7565 0.050228
7587 0.036732
7635 0.016575
7641 0.030411
7668 0.038594
7673 0.041396
7694 0.018268
7745 0.037920
7760 0.015670
7770 0.057306
7801 0.037436
7847 0.021918
7859 0.007087
7904 0.060001
7915 0.049082
7918 0.036397
7920 0.024438
7978 0.181021
7989 0.024644
8046 0.028681
8083 0.033435
8338 0.022408
8352 0.020096
8402 0.045271
8404 0.024556
8407 0.034053
8455 0.010257
8470 0.054214
8493 0.047950
8529 0.050140
8539 0.031428
8545 0.035454
8552 0.031314
8826 0.070859
8829 0.015247
8846 0.034318
8920 0.102512
8959 0.026717
9031 0.041572
9052 0.059497
9059 0.038264
9097 0.022078
9107 0.030359
9132 0.034417
9226 0.159497
9242 0.053173
9268 0.041948
9351 0.032148
9380 0.026717
9381 0.026465
9461 0.016960
9551 0.044514
9562 0.023100
9584 0.031516
9618 0.022577
9623 0.023373
9624 0.080748
9625 0.091628
9639 0.049026
9669 0.036424
9725 0.028527
9767 0.006666
9770 0.024038
9796 0.037436
9865 0.018724
9905 0.037808
10017 0.021838
10054 0.046088
10067 0.047880
10092 0.104288
10222 0.034590
10228 0.028527
10249 0.022662
10255 0.043810
10258 0.033296
10274 0.128767
10325 0.024236
10326 0.034417
10327 0.033296
10396 0.023843
10401 0.024038
10423 0.032868
10547 0.040374
10561 0.031933
10639 0.026341
10646 0.028527
10658 0.029156
10880 0.039010
11015 0.050579
11016 0.057306
11025 0.048068
11079 0.039010
11153 0.067589
11210 0.019963
11306 0.013852
11332 0.033628
11355 0.074873
11437 0.028527
11451 0.041572
11458 0.020096
11523 0.037973
11547 0.024438
11605 0.046497
11606 0.131505
