58

421 0.168264
458 0.062922
865 0.132809
917 0.048342
1456 0.071506
1464 0.122923
1821 0.184795
2131 0.171500
2154 0.057071
2166 0.126991
2268 0.128118
2276 0.255965
2444 0.132809
2497 0.135422
2550 0.067487
2601 0.126991
2680 0.126991
2926 0.128083
2936 0.152342
3203 0.142795
3841 0.080362
4063 0.092210
5734 0.047354
6097 0.092210
6213 0.171750
6436 0.153661
6561 0.165081
6587 0.052447
6591 0.255965
6864 0.036741
7005 0.255965
7126 0.324187
7411 0.075228
7439 0.276474
7788 0.044652
7859 0.025385
7861 0.058697
7981 0.155877
7987 0.115935
8455 0.036741
8456 0.134092
8761 0.125844
8931 0.112158
9138 0.113510
9442 0.255965
10172 0.156920
10173 0.230614
10591 0.101106
10619 0.044539
10630 0.162154
10661 0.126991
11239 0.184795
11243 0.215784
11256 0.065632
11466 0.093478
11508 0.309119
11637 0.078221
11672 0.146398
