113

7 0.222816
64 0.157067
111 0.089346
188 0.246690
304 0.060824
308 0.100800
334 0.075268
346 0.111563
404 0.060031
630 0.030480
917 0.031599
1253 0.112266
1269 0.051693
1384 0.096921
1501 0.141050
1542 0.044815
1797 0.038696
1875 0.084458
1940 0.063693
1950 0.084458
2021 0.079124
2046 0.112103
2185 0.065071
2213 0.102573
2253 0.128837
2259 0.023485
2455 0.046895
2524 0.057701
2762 0.025875
2996 0.073789
3121 0.043166
3235 0.112266
3423 0.050945
3611 0.162888
3673 0.074272
3698 0.128837
3968 0.158247
4005 0.060274
4081 0.112266
4148 0.053877
4195 0.064416
4196 0.040409
4211 0.050221
4215 0.027474
4266 0.057946
4317 0.069035
4510 0.099580
4613 0.099383
4677 0.059422
4708 0.037937
4738 0.063035
4964 0.058194
5012 0.091075
5112 0.052859
5135 0.228817
5320 0.100086
5732 0.043299
5743 0.041252
5797 0.117394
5926 0.038477
6070 0.040887
6431 0.248957
6631 0.076308
6708 0.072851
6792 0.028602
6806 0.037305
6816 0.053877
6874 0.055085
7062 0.075731
7064 0.109987
7111 0.027474
7745 0.044392
7859 0.016593
7931 0.091336
7971 0.083723
8098 0.068646
8455 0.024016
8605 0.040647
8819 0.071510
8829 0.035698
8846 0.080350
8931 0.014663
9052 0.046434
9059 0.029863
9097 0.051693
9189 0.159458
9242 0.041498
9592 0.058953
9601 0.117601
9767 0.031217
9783 0.047845
10092 0.097669
10195 0.046587
10226 0.150743
10279 0.055378
10303 0.098214
10326 0.040291
10352 0.053464
10378 0.037619
10401 0.056280
10475 0.029711
10507 0.056280
10658 0.068264
10890 0.025618
11121 0.066067
11210 0.046740
11298 0.065071
11376 0.025555
11532 0.035893
11536 0.072851
11605 0.072576
11606 0.359213
11609 0.066792
