205

63 0.027492
108 0.034008
148 0.032559
193 0.088331
194 0.021025
204 0.038220
292 0.032408
404 0.015846
418 0.023964
458 0.021714
467 0.071289
542 0.088331
577 0.300204
678 0.040569
771 0.034354
868 0.088331
872 0.048757
917 0.033365
965 0.028012
1028 0.040008
1109 0.048220
1351 0.070834
1371 0.055958
1398 0.074465
1456 0.098704
1466 0.052839
1523 0.709035
1797 0.020429
1952 0.043823
1967 0.165068
1994 0.031678
2067 0.036655
2182 0.068018
2267 0.036241
2304 0.064517
2311 0.074465
2507 0.011057
2518 0.071891
2530 0.062529
2541 0.062086
2550 0.023289
2552 0.030334
2569 0.048757
2627 0.088959
2763 0.065922
2768 0.029353
2851 0.034008
2954 0.027191
2989 0.088331
3040 0.048757
3095 0.017167
3203 0.082129
3366 0.039737
3480 0.040008
3485 0.043458
3544 0.176662
3567 0.020664
3626 0.028118
3770 0.039211
3818 0.020487
3951 0.061462
3988 0.051168
4071 0.029592
4091 0.020142
4213 0.036446
4217 0.100030
4266 0.030592
4339 0.074465
4462 0.033183
4516 0.047704
4520 0.021209
4663 0.025871
4664 0.074465
4701 0.037083
4738 0.016639
4747 0.074165
4796 0.171768
4823 0.074465
4933 0.074465
5012 0.024041
5064 0.034354
5178 0.048393
5256 0.038956
5320 0.052839
5412 0.055023
5484 0.060599
5529 0.018795
5683 0.087647
5689 0.073063
5699 0.065717
5719 0.034354
5753 0.018897
5880 0.024275
5885 0.041092
5903 0.051168
5957 0.035644
5968 0.062086
6112 0.014577
6151 0.047704
6315 0.037083
6317 0.020429
6465 0.070834
6509 0.035262
6568 0.042049
6740 0.052572
6792 0.015100
6816 0.028443
6838 0.032559
6858 0.032867
6992 0.043823
7060 0.027092
7061 0.041702
7111 0.029009
7123 0.033838
7208 0.053337
7288 0.050521
7385 0.044750
7498 0.041322
7501 0.091775
7502 0.056968
7521 0.054152
7589 0.036655
7626 0.062086
7641 0.018795
7643 0.054782
7673 0.051168
7694 0.022580
7709 0.019750
7713 0.041156
7715 0.143361
7718 0.070834
7738 0.030988
7758 0.028890
7766 0.063771
7791 0.079583
7946 0.029834
8010 0.043823
8111 0.030082
8157 0.027290
8237 0.034008
8292 0.032559
8419 0.033183
8452 0.050521
8463 0.055812
8498 0.038956
8529 0.030988
8677 0.157884
8711 0.044200
8767 0.020487
8826 0.066978
9034 0.035840
9065 0.026608
9083 0.055023
9093 0.110378
9130 0.022307
9171 0.046274
9189 0.042092
9328 0.079824
9333 0.041461
9446 0.056968
9461 0.020964
9473 0.043102
9562 0.028554
9691 0.074465
9708 0.088331
9747 0.027492
9755 0.044589
9772 0.079583
9776 0.055958
9833 0.079583
9863 0.035452
9865 0.023144
9871 0.035262
9950 0.038220
9954 0.065717
10008 0.127542
10058 0.035249
10185 0.054183
10195 0.049190
10219 0.088331
10248 0.053337
10378 0.019861
10433 0.030592
10487 0.017348
10677 0.023964
11063 0.049905
11121 0.017440
11256 0.135895
11257 0.071289
11287 0.030334
11295 0.035262
11306 0.034245
11332 0.020783
11370 0.441656
11376 0.013491
11377 0.035644
11441 0.080571
11456 0.089979
11458 0.024840
11503 0.025693
11521 0.031260
11523 0.015646
11526 0.025871
11592 0.049905
11600 0.020453
