146

26 0.105923
111 0.160532
313 0.047751
508 0.025538
528 0.090282
553 0.025852
630 0.054764
766 0.180564
848 0.160714
965 0.031778
1002 0.043091
1093 0.324469
1106 0.032020
1132 0.020865
1333 0.026755
1336 0.106032
1510 0.064627
1895 0.049300
1902 0.033434
1940 0.305170
1981 0.030846
1989 0.048123
2058 0.029657
2084 0.032646
2156 0.107112
2230 0.047035
2335 0.030185
2342 0.047751
2455 0.056172
2507 0.012543
2548 0.033845
2551 0.092047
2696 0.045061
2711 0.051507
3017 0.060508
3071 0.077162
3266 0.062420
3386 0.040884
3473 0.050612
3492 0.045699
3627 0.124038
3795 0.046023
3951 0.046484
4279 0.057313
4359 0.141230
4458 0.034412
4484 0.100207
4550 0.085141
4613 0.029761
4674 0.300620
4677 0.035589
4734 0.020423
4747 0.126204
4769 0.038011
5015 0.084476
5023 0.035308
5064 0.038972
5083 0.044482
5154 0.059640
5307 0.033985
5394 0.016413
5491 0.013350
5693 0.041583
5753 0.021438
5826 0.223714
5833 0.016454
5892 0.044193
6060 0.032020
6106 0.106032
6149 0.100207
6174 0.430024
6348 0.050583
6384 0.084476
6421 0.019475
6433 0.050006
6505 0.043632
6568 0.047702
6705 0.084476
6802 0.033167
6806 0.178741
6858 0.037286
6874 0.016496
6960 0.040003
6962 0.118744
6974 0.062420
6975 0.046353
7008 0.028948
7062 0.034017
7064 0.065873
7072 0.046353
7120 0.027450
7170 0.090282
7192 0.074552
7288 0.057313
7398 0.074552
7528 0.040218
7641 0.021322
7745 0.079760
7920 0.034268
8338 0.031421
8404 0.034434
8440 0.091403
8539 0.022035
8603 0.058821
8619 0.042068
8826 0.058448
8829 0.021380
8959 0.037463
9023 0.100207
9132 0.024131
9176 0.084476
9242 0.074562
9244 0.074552
9248 0.070433
9293 0.077162
9328 0.030185
9455 0.053556
9461 0.047564
9475 0.113228
9669 0.025538
9671 0.052495
9767 0.028044
9774 0.031539
9783 0.028655
9870 0.084476
9975 0.077162
10036 0.024272
10215 0.108236
10326 0.024131
10487 0.019680
10494 0.074552
10517 0.047035
10589 0.130076
10639 0.073873
10769 0.062420
10820 0.065873
10890 0.046030
11025 0.044935
11200 0.041583
11340 0.097556
11376 0.015305
11437 0.040003
11471 0.059640
11523 0.035498
11547 0.034268
11605 0.043467
