358

13 1.437354
23 1.018225
71 2.634138
74 3.770016
111 2.434582
165 1.863323
166 1.376656
175 1.226501
186 0.971228
188 1.120336
282 1.395961
345 0.932204
346 3.546618
385 4.874708
403 2.136324
404 0.545260
418 0.824570
424 1.358173
483 6.270421
486 1.395961
549 1.459631
608 2.194316
613 2.738384
630 4.429542
678 1.395961
692 2.738384
734 2.896699
831 0.819306
895 0.846290
917 0.574031
930 1.548052
992 1.158601
1003 2.085172
1007 1.099895
1053 2.003975
1106 9.712283
1108 3.039414
1132 4.430118
1135 2.567079
1277 1.998021
1333 1.623055
1364 1.520900
1400 4.187884
1401 5.476768
1416 2.437354
1443 3.039414
1484 1.641474
1527 4.388632
1532 1.558685
1561 1.863323
1574 1.760661
1630 3.039414
1643 1.043779
1647 2.261263
1666 0.753857
1723 1.386202
1796 1.459631
1874 1.577016
1892 2.437354
1904 2.085172
1940 7.520712
1952 1.507935
2024 2.044762
2041 2.039414
2045 2.194316
2046 1.018225
2065 2.039414
2071 0.971228
2134 1.562293
2147 1.738384
2154 0.677686
2240 2.194316
2259 0.853261
2278 1.219870
2294 1.760661
2390 2.085172
2396 2.085172
2504 1.275986
2506 1.717195
2507 0.380449
2524 1.048188
2532 1.226501
2565 1.416165
2680 1.507935
2696 2.733553
2720 1.052642
2763 0.756113
2769 1.115135
2804 3.493059
2851 1.170182
3017 1.835294
3038 1.659203
3045 1.925471
3056 1.696991
3098 2.738384
3282 1.376656
3317 2.437354
3322 1.395961
3352 1.960233
3420 2.039414
3436 1.367316
3465 1.738384
3482 0.967532
3492 2.079183
3562 1.562293
3573 2.366982
3590 2.194316
3611 1.972671
3621 0.899535
3627 1.254084
3665 4.170343
3693 1.437354
3711 2.738384
3721 14.275899
3724 9.361776
3748 1.998021
3783 1.471212
3813 2.261263
3841 1.431364
3848 2.738384
3872 2.738384
3943 1.592256
3951 0.704960
3971 1.437354
4003 3.039414
4071 1.018225
4193 3.039414
4209 3.039414
4267 1.577016
4290 2.136324
4315 0.756113
4342 1.784142
4395 3.039414
4413 1.005990
4420 1.696991
4451 0.878046
4501 2.738384
4550 1.291226
4573 1.087740
4613 0.902694
4617 1.471212
4669 1.696991
4677 0.539727
4711 1.960233
4734 0.619458
4735 27.354727
4738 2.290186
4769 2.305847
4772 2.194316
4832 3.096105
4834 1.057143
4835 2.039414
4877 2.261263
4936 1.960233
4954 1.416165
5020 2.738384
5023 1.070931
5056 2.039414
5059 1.624441
5081 1.030814
5135 2.375240
5168 1.213339
5171 1.677686
5177 1.182082
5297 1.331844
5394 0.995670
5491 0.809874
5624 1.099895
5633 2.738384
5679 1.548052
5758 1.219870
5825 2.437354
5827 1.386202
5833 2.495423
5857 1.120336
5869 1.052642
5877 3.039414
5880 0.835294
5926 2.096910
6041 2.562293
6060 0.971228
6070 0.742749
6152 2.738384
6168 1.520900
6317 2.811818
6393 2.562293
6466 1.075626
6529 1.624441
6536 1.808965
6547 1.677686
6550 2.562293
6587 1.245547
6641 5.281982
6725 1.275986
6726 2.738384
6784 3.039414
6806 1.355373
6828 1.434390
6837 1.240074
7009 1.717195
7047 1.213339
7062 2.063595
7082 2.294639
7111 0.499085
7154 1.376656
7165 1.115135
7184 7.686879
7217 0.796376
7254 2.136324
7283 1.608050
7297 1.534264
7424 2.340444
7488 2.194316
7490 1.405946
7498 0.355467
7503 2.562293
7641 0.646717
7655 1.844286
7661 2.136324
7729 2.085172
7745 1.612836
7756 1.641474
7760 1.333004
7775 1.340444
7782 3.282948
7788 2.120846
7847 0.932204
7859 0.301427
7881 1.548052
7883 1.925471
7892 1.760661
7915 2.087558
7952 1.998021
7996 3.039414
8030 1.696991
8042 3.476768
8065 2.194316
8083 1.422069
8197 3.039414
8332 1.483112
8372 1.784142
8381 1.164353
8404 0.522218
8407 1.448350
8431 1.960233
8456 1.592256
8490 3.039414
8499 0.796376
8576 3.039414
8800 3.039414
8819 2.598103
8826 1.418262
8829 1.945437
8846 5.838522
8914 2.340444
8920 1.090024
8931 0.532719
8932 3.039414
9019 1.057143
9034 2.466468
9059 0.542484
9084 3.039414
9095 1.194316
9099 1.315138
9138 0.673926
9142 1.520900
9184 1.608050
9188 2.562293
9242 0.753857
9268 3.568283
9309 2.437354
9355 1.760661
9357 1.376656
9375 18.236485
9380 1.136324
9393 2.039414
9400 2.340444
9411 3.039414
9461 2.164052
9493 3.039414
9498 2.562293
9518 2.738384
9562 0.982509
9574 1.696991
9577 2.437354
9592 1.070931
9602 1.577016
9613 2.085172
9622 3.039414
9623 0.994091
9624 1.717195
9632 1.395961
9643 1.170182
9669 0.774596
9704 1.696991
9767 1.417696
9770 1.022381
9796 3.184512
9811 0.909080
9826 3.039414
9944 1.182082
9981 2.085172
10011 1.835294
10014 3.039414
10015 2.132573
10017 0.928824
10077 1.323411
10092 1.774252
10163 1.784142
10170 2.437354
10195 1.692579
10246 4.170343
10258 2.832330
10263 2.562293
10275 1.182082
10305 1.448350
10326 2.195754
10328 2.738384
10378 0.683388
10396 1.014108
10469 2.194316
10487 0.596934
10501 1.471212
10552 1.925471
10557 3.996043
10564 1.925471
10649 3.039414
10685 3.039414
10785 3.039414
10813 1.893286
10846 2.340444
10890 2.326914
11096 1.376656
11121 0.600081
11139 1.426630
11177 1.507935
11210 0.849082
11211 4.522526
11306 1.767495
11310 2.085172
11332 2.145395
11335 1.043779
11340 0.986336
11376 0.464226
11388 6.078828
11396 0.942504
11423 0.816698
11437 2.426679
11486 2.136324
11508 5.505882
11523 0.538355
11524 3.039414
11532 0.652024
11534 3.393983
11605 3.296014
11606 2.796612
11625 1.104916
11629 2.562293
