278

33 0.111176
98 0.029064
103 0.033250
194 0.019719
248 0.047990
300 0.092510
301 0.082845
303 0.069840
308 0.024955
318 0.022475
373 0.039785
404 0.014862
424 0.111059
457 0.028938
464 0.149280
467 0.066861
475 0.036776
577 0.035195
586 0.040731
599 0.031580
644 0.050025
771 0.096660
857 0.031580
929 0.074640
943 0.082845
1093 0.038322
1102 0.033990
1130 0.053430
1278 0.034577
1313 0.059810
1385 0.257134
1456 0.138860
1499 0.028692
1523 0.232750
1572 0.112570
1617 0.035195
1636 0.030395
1643 0.028450
1670 0.045225
1672 0.082845
1689 0.039178
1704 0.042195
1722 0.069840
1872 0.034781
1967 0.051605
1979 0.044742
1994 0.029711
1995 0.124487
2005 0.031580
2062 0.036302
2085 0.039478
2149 0.038050
2161 0.037269
2304 0.030255
2324 0.082845
2421 0.026885
2464 0.074640
2484 0.050789
2502 0.038050
2507 0.041480
2528 0.165690
2530 0.019549
2533 0.063793
2572 0.024097
2627 0.166868
2644 0.058230
2752 0.040425
2762 0.012812
2763 0.020609
2804 0.031737
2926 0.041455
2927 0.044277
2948 0.036302
2962 0.040101
2976 0.095981
3111 0.066435
3122 0.041717
3150 0.032057
3203 0.015406
3204 0.030973
3264 0.036536
3299 0.047990
3413 0.063793
3414 0.030255
3417 0.029318
3584 0.082845
3626 0.026372
3691 0.020245
3770 0.036776
3818 0.019215
3951 0.019215
4040 0.054460
4071 0.027754
4091 0.018891
4110 0.105891
4148 0.026677
4205 0.534891
4211 0.049734
4213 0.102548
4217 0.093817
4315 0.020609
4458 0.028450
4478 0.082845
4534 0.032220
4566 0.022548
4573 0.014824
4623 0.041819
4686 0.074640
4724 0.046255
4734 0.033769
4770 0.034378
4796 0.032220
4875 0.041455
4960 0.085167
4969 0.093365
5023 0.087571
5100 0.019106
5112 0.052346
5145 0.054460
5256 0.146146
5320 0.024779
5338 0.038600
5394 0.013569
5402 0.074640
5491 0.011037
5612 0.045729
5617 0.139681
5681 0.031272
5689 0.022842
5693 0.068756
5695 0.165690
5712 0.026372
5732 0.021439
5735 0.041102
5742 0.223920
5758 0.033250
5773 0.058230
5818 0.044277
5820 0.051605
5827 0.037784
5833 0.027207
5912 0.061635
5926 0.019052
5976 0.047383
6060 0.052945
6063 0.049307
6168 0.041455
6283 0.029318
6346 0.076099
6366 0.082845
6371 0.194521
6415 0.025317
6433 0.062013
6445 0.040425
6459 0.074640
6509 0.099216
6559 0.027203
6587 0.050925
6644 0.184905
6657 0.040101
6685 0.069840
6750 0.053430
6792 0.014162
6864 0.059457
6865 0.082845
7008 0.023933
7062 0.018749
7070 0.056835
7287 0.056835
7344 0.082845
7388 0.042195
7411 0.024348
7416 0.052482
7425 0.047990
7493 0.043831
7498 0.009689
7501 0.086076
7502 0.053430
7570 0.069840
7579 0.069840
7630 0.069840
7641 0.035255
7643 0.025690
7694 0.042355
7709 0.018523
7715 0.235300
7738 0.029064
7750 0.059810
7859 0.041080
7946 0.027981
7947 0.043400
7966 0.043831
7973 0.046255
8016 0.051191
8079 0.139681
8083 0.019381
8100 0.074640
8111 0.056427
8157 0.025595
8158 0.055588
8189 0.165690
8237 0.031896
8272 0.024097
8463 0.104692
8482 0.028450
8499 0.021707
8594 0.049307
8633 0.082845
8648 0.147921
8677 0.037020
8826 0.014497
8909 0.042985
8919 0.020733
8931 0.029041
8959 0.030973
9031 0.024097
9047 0.022621
9065 0.024955
9093 0.103523
9094 0.061635
9104 0.024348
9130 0.041843
9132 0.059850
9351 0.074538
9364 0.059810
9568 0.029064
9587 0.035195
9593 0.025881
9635 0.168781
9641 0.061635
9643 0.063791
9717 0.063793
9755 0.041819
9767 0.030914
9787 0.066435
9893 0.048630
9989 0.066435
10007 0.049307
10017 0.025317
10058 0.066119
10067 0.027754
10084 0.044277
10085 0.028331
10156 0.082845
10185 0.076227
10352 0.026473
10378 0.037254
10488 0.050789
10529 0.209521
10563 0.037784
10596 0.065107
10651 0.033614
10710 0.082845
10797 0.058230
10887 0.138309
10945 0.054460
11121 0.032713
11136 0.058230
11146 0.088735
11200 0.068756
11210 0.046287
11256 0.063728
11257 0.066861
11364 0.039178
11375 0.021572
11376 0.075920
11377 0.033431
11441 0.075567
11456 0.042195
11458 0.023297
11501 0.034183
11502 0.027642
11523 0.014674
11535 0.058230
11600 0.009591
11620 0.088735
11625 0.030117
11627 0.047383
