73

188 1.120336
259 1.367316
308 0.915562
508 0.774596
630 1.107385
665 0.632874
897 0.860437
1007 2.199790
1074 1.120336
1132 1.265748
1872 0.638014
1877 3.039414
1940 1.735549
2185 1.182082
2259 0.426630
2455 1.703787
2696 0.683388
2806 1.035093
2902 2.261263
3423 1.850942
3611 0.986336
3693 1.437354
3852 1.717195
3929 1.641474
4063 1.094931
4315 0.756113
4573 0.543870
4677 0.539727
4964 1.057143
5050 0.945992
5112 0.960233
5135 1.781430
5624 2.199790
5957 1.226501
6023 1.416165
6281 1.206905
6792 0.519586
6874 0.500338
7039 1.254084
7050 1.164353
7062 0.687865
7165 1.115135
7263 1.577016
7497 1.885008
7565 2.136324
7594 1.507935
7745 0.806418
7760 0.666502
7775 2.680888
7859 0.301427
8083 0.711035
8272 0.884078
8343 0.986336
8392 2.738384
8455 0.436270
8684 1.268562
8920 1.090024
8931 0.799078
9052 0.843514
9059 0.542484
9104 0.893286
9132 0.731918
9625 1.299051
9767 0.283539
10352 0.971228
10639 1.120336
10868 2.562293
11025 1.362959
11162 1.254084
11336 2.738384
11376 0.464226
11605 1.977609
11606 0.932204
