178

30 0.086738
63 0.037394
71 0.034708
98 0.126446
151 0.076111
296 0.120143
304 0.043676
345 0.036849
404 0.021553
424 0.053686
458 0.029534
475 0.053333
476 0.070524
512 0.054794
562 0.120143
585 0.061755
665 0.025017
697 0.064772
917 0.045381
934 0.143011
992 0.045798
1149 0.064212
1175 0.071506
1333 0.032078
1334 0.089384
1385 0.207166
1466 0.143738
1506 0.088159
1532 0.030806
1939 0.166725
1994 0.043087
2230 0.056393
2259 0.016864
2264 0.056816
2267 0.049293
2532 0.242408
2548 0.040579
2633 0.043281
2680 0.059606
2720 0.041609
2725 0.073654
2762 0.018580
2768 0.079850
2801 0.047456
2804 0.046025
2815 0.101284
2816 0.084446
2818 0.064885
2954 0.036983
3060 0.056393
3068 0.120143
3203 0.044683
3260 0.173476
3275 0.048326
3417 0.042518
3445 0.066316
3531 0.031188
3681 0.045798
3818 0.027866
3841 0.037720
3850 0.209843
4091 0.054791
4110 0.038391
4205 0.290890
4211 0.036062
4217 0.136055
4333 0.044917
4451 0.034708
4526 0.064885
4573 0.021498
4613 0.035682
4708 0.027242
5111 0.074839
5141 0.064212
5143 0.142728
5178 0.032911
5259 0.216488
5297 0.105292
5394 0.019679
5397 0.077485
5452 0.067079
5529 0.025564
5676 0.185028
5732 0.031092
5743 0.029622
5831 0.096345
5833 0.039456
5949 0.036320
6112 0.019827
6284 0.076111
6317 0.027787
6421 0.093399
6436 0.108187
6541 0.062337
6792 0.102692
6864 0.017245
6909 0.059068
6931 0.071506
7061 0.018907
7111 0.019728
7120 0.032911
7131 0.057251
7143 0.036451
7188 0.054417
7350 0.065586
7460 0.039141
7498 0.014051
7635 0.083598
7694 0.030712
7707 0.252892
7709 0.026863
7801 0.062939
7854 0.080615
7859 0.071490
7861 0.027551
7864 0.046256
7874 0.050438
7911 0.049018
7965 0.120143
8083 0.056212
8098 0.049293
8263 0.120143
8272 0.034946
8284 0.112785
8332 0.058625
8343 0.038988
8402 0.152222
8455 0.017245
8498 0.052986
8512 0.069180
8621 0.050736
8684 0.100289
8761 0.029534
8784 0.036849
8785 0.033563
8826 0.014015
8931 0.010529
8975 0.089384
8989 0.058155
9059 0.042887
9116 0.046726
9193 0.152222
9333 0.056393
9351 0.054048
9357 0.054417
9438 0.061755
9520 0.060119
9560 0.082424
9625 0.051350
9643 0.046256
9734 0.131172
9767 0.022416
9811 0.071869
9992 0.120143
9998 0.060647
10067 0.040249
10195 0.033453
10242 0.056816
10337 0.041967
10378 0.081040
10504 0.086738
10534 0.058155
10558 0.054794
10617 0.073654
10619 0.020905
10646 0.143884
10711 0.050144
10890 0.036792
11015 0.042518
11121 0.071161
11146 0.171581
11209 0.080615
11215 0.071506
11306 0.023289
11458 0.033786
11532 0.128868
11600 0.041728
11637 0.036715
