248

7 1.349218
14 3.039414
63 0.945992
79 0.922143
85 1.299051
139 1.219870
141 1.717195
147 2.261263
148 1.120336
151 1.925471
160 2.261263
213 2.522271
246 6.078828
300 8.484957
305 2.039414
346 3.039958
404 1.635779
424 1.358173
452 1.784142
526 1.592256
586 1.494316
590 2.437354
595 5.426896
600 0.971228
630 1.661078
633 1.206905
634 1.233234
689 1.268562
857 1.158601
895 0.846290
897 1.720874
899 2.136324
917 0.574031
1032 1.760661
1102 1.247022
1132 0.632874
1211 2.437354
1441 4.680888
1456 13.585319
1466 0.909080
1633 1.299051
1797 1.405909
1835 1.291226
1859 12.735341
1872 1.276027
1940 4.049614
1991 1.066286
1995 1.141787
2061 2.738384
2064 1.206905
2086 1.416165
2091 1.219870
2131 1.018225
2137 1.738384
2149 2.791923
2161 1.367316
2244 5.623783
2279 1.760661
2348 0.956629
2455 0.851893
2463 1.784142
2507 0.380449
2554 1.358173
2638 1.061691
2646 3.850942
2696 0.683388
2762 0.940080
2763 0.756113
2804 1.164353
2881 1.624441
3095 1.181416
3172 2.261263
3179 0.772242
3203 0.565198
3236 0.974956
3316 1.233234
3366 1.367316
3374 1.170182
3437 1.437354
3445 3.355373
3490 2.194316
3492 0.693061
3499 1.507935
3513 1.717195
3550 2.772403
3562 1.562293
3567 1.422069
3596 2.136324
3621 0.899535
3685 2.874708
3691 1.485498
3693 1.437354
3841 0.477121
4071 2.036450
4110 0.971228
4213 1.254084
4315 3.024452
4416 1.784142
4421 4.170343
4481 1.893286
4488 1.835294
4538 2.240672
4613 0.902694
4624 2.537124
4663 0.890195
4745 1.893286
4834 1.057143
4969 1.141787
5012 0.827227
5024 2.136324
5070 1.863323
5083 1.349218
5112 0.960233
5135 1.187620
5171 1.677686
5177 2.364163
5186 2.738384
5280 2.039414
5289 3.920466
5320 0.909080
5394 0.497835
5464 2.738384
5491 0.809874
5496 3.914865
5529 0.646717
5535 3.039414
5625 3.068528
5730 20.496551
5734 1.686879
5790 1.960233
5851 0.846290
6016 1.677686
6071 0.619458
6112 0.501595
6242 1.562293
6308 1.498759
6315 2.551972
6380 0.942504
6381 3.282948
6418 1.459631
6513 2.738384
6514 1.534264
6570 3.992086
6721 4.388632
6725 3.827958
6792 1.039172
6828 1.434390
6864 3.053888
6874 1.501014
6960 1.213339
6980 1.194316
7119 1.835294
7120 0.832588
7123 1.164353
7150 2.936149
7305 1.677686
7325 2.753313
7385 5.389308
7411 0.893286
7417 3.039414
7450 1.376656
7498 1.066401
7580 1.254084
7709 2.718315
7715 1.233234
7718 2.437354
7756 1.641474
7761 1.200565
7788 0.530212
7794 1.448350
7859 0.301427
7872 1.416165
8083 0.711035
8087 1.158601
8104 4.158605
8111 2.070185
8157 0.939044
8241 1.018225
8326 1.268562
8387 0.854723
8407 1.448350
8455 0.872539
8463 7.681863
8499 0.796376
8509 2.437354
8539 1.336693
8589 1.760661
8671 1.367316
8767 1.409921
8826 2.127393
8829 3.242395
8919 6.085284
8931 1.598157
8971 1.307020
9034 1.233234
9093 2.848527
9097 0.939044
9104 0.893286
9132 1.463836
9329 1.507935
9406 2.039414
9470 2.562293
9556 2.738384
9669 1.549193
9672 1.893286
9688 1.315138
9761 0.835294
9767 2.268314
9770 2.044762
9863 1.219870
9908 1.562293
9937 1.863323
10058 1.819334
10078 2.437354
10151 2.136324
10172 3.726646
10256 2.437354
10275 11.820816
10276 0.808965
10318 1.592256
10325 4.123256
10326 1.463836
10378 0.683388
10396 2.028217
10487 1.193869
10509 0.704960
10540 2.738384
10541 1.386202
10561 2.716346
10701 2.359683
10725 2.738384
11003 1.437354
11015 1.075626
11025 1.362959
11139 1.426630
11160 1.299051
11162 1.254084
11194 3.042325
11257 6.132504
11335 1.043779
11368 1.784142
11451 0.884078
11500 2.437354
11526 1.780390
11600 0.351885
11605 0.659203
11620 4.340686
11621 5.124586
