196

20 0.220936
68 0.056641
74 0.035101
252 0.059887
297 0.044023
325 0.095425
399 0.073003
423 0.046183
458 0.027826
506 0.090772
508 0.028847
553 0.029203
576 0.113194
627 0.075952
630 0.020621
665 0.047139
697 0.061025
798 0.048676
857 0.043149
875 0.042522
1112 0.113999
1119 0.113194
1154 0.090772
1284 0.040235
1548 0.050922
1666 0.028075
1764 0.059887
1797 0.052359
1807 0.034591
1880 0.051988
1902 0.113302
2017 0.063199
2058 0.033500
2071 0.036170
2214 0.215125
2243 0.155312
2259 0.031777
2268 0.028328
2339 0.042728
2507 0.042506
2518 0.030709
2633 0.040777
2844 0.146006
2956 0.057139
2983 0.050922
2997 0.113194
3014 0.036877
3028 0.069394
3050 0.123584
3056 0.126399
3089 0.146006
3156 0.051269
3203 0.063147
3246 0.087163
3275 0.022765
3370 0.041338
3455 0.044249
3634 0.054359
3673 0.150743
3681 0.129446
3683 0.039884
3760 0.055234
3818 0.105016
3841 0.124382
3856 0.077656
3917 0.044947
3951 0.026254
3971 0.053530
4079 0.380516
4169 0.090772
4215 0.055761
4218 0.095425
4219 0.069394
4253 0.081721
4309 0.095425
4326 0.101983
4340 0.163078
4444 0.062480
4506 0.084214
4677 0.020100
4715 0.084214
4738 0.021323
4964 0.039370
5059 0.060497
5096 0.063199
5135 0.022115
5143 0.033618
5199 0.148801
5200 0.123584
5324 0.036170
5386 0.063199
5491 0.045242
5492 0.063952
5678 0.036733
5692 0.028075
5701 0.049600
5706 0.058731
5734 0.041882
5749 0.036033
5753 0.024217
6060 0.036170
6202 0.087163
6308 0.027908
6317 0.104718
6418 0.108719
6421 0.043998
6456 0.060065
6631 0.051625
6643 0.074410
6725 0.047520
6764 0.101983
6826 0.084214
6839 0.048676
6864 0.064990
6871 0.056158
6968 0.047244
7008 0.032700
7030 0.101983
7062 0.025617
7111 0.037174
7126 0.114690
7178 0.349097
7362 0.227855
7385 0.057345
7386 0.074410
7498 0.013238
7604 0.061792
7650 0.058731
7664 0.044947
7704 0.106226
7709 0.025309
7788 0.059238
7859 0.011226
7861 0.025957
7981 0.068933
8157 0.034972
8175 0.053939
8360 0.090772
8381 0.043363
8425 0.067369
8455 0.016248
8463 0.035761
8482 0.038872
8629 0.053130
8653 0.040235
8740 0.061792
8762 0.053939
8764 0.057652
8826 0.039614
8919 0.056657
8930 0.039037
8931 0.029759
9055 0.101983
9059 0.101016
9065 0.034097
9138 0.025098
9162 0.067369
9280 0.043149
9438 0.058183
9538 0.078405
9579 0.048978
9596 0.045187
9614 0.066445
9669 0.028847
9679 0.056641
9810 0.101983
9903 0.059133
10036 0.027418
10058 0.135511
10063 0.050922
10073 0.095425
10082 0.046705
10125 0.053939
10185 0.034717
10212 0.074410
10243 0.084214
10396 0.037767
10397 0.031517
10509 0.026254
10555 0.050922
10667 0.060497
10701 0.058586
10718 0.063952
10844 0.079561
10856 0.071708
10933 0.134739
10999 0.051988
11152 0.066535
11194 0.113302
11256 0.058048
11375 0.029475
11376 0.017289
11423 0.030415
11523 0.020049
11618 0.087163
11625 0.123448
