167

63 0.945992
65 3.068528
292 1.115135
318 2.473711
418 0.824570
442 2.738384
505 2.261263
580 2.738384
632 0.990196
665 0.632874
808 2.966223
895 0.846290
1053 1.001988
1112 3.061025
1269 0.939044
1370 1.109995
1444 2.919261
1540 2.085172
1613 1.323411
1727 1.925471
1777 1.405946
1831 0.767573
1956 1.738384
2008 1.548052
2010 4.378892
2046 1.018225
2278 1.219870
2335 0.915562
2421 2.959007
2477 2.738384
2532 1.226501
2601 1.507935
2609 1.483112
2708 1.035093
2762 0.470040
2763 1.512226
2824 1.158601
2844 1.960233
2921 1.717195
2922 7.280036
3179 0.772242
3188 1.863323
3255 1.367316
3479 1.717195
3489 1.405946
3492 0.693061
3535 1.005990
3546 0.978716
3567 0.711035
3627 1.254084
3674 1.835294
3761 1.188156
3807 1.386202
3841 0.477121
3850 1.516762
3951 0.704960
4024 2.261263
4196 0.734063
4310 1.022381
4437 1.471212
4520 0.729784
4568 3.248882
4573 0.543870
4677 0.539727
4734 0.619458
4769 2.305847
4866 0.945992
4943 0.572546
5023 1.070931
5035 1.784142
5050 0.945992
5491 0.404937
5601 3.897154
5788 3.039414
5833 0.998169
5920 1.233234
5938 2.261263
6112 0.501595
6240 2.896699
6308 0.749380
6315 1.275986
6317 0.702954
6506 1.299051
6712 2.340444
6806 0.677686
6809 6.408972
6813 0.786561
6828 0.717195
6864 0.436270
6909 0.747158
6925 3.476768
6968 1.268562
6975 2.811891
6980 1.194316
7001 1.358173
7062 0.687865
7111 0.499085
7120 0.832588
7162 3.617930
7191 1.998021
7255 1.641474
7498 0.355467
7523 1.717195
7641 0.646717
7685 1.738384
7745 1.612836
7760 0.666502
7769 1.925471
7788 0.530212
7874 2.551972
7884 1.893286
7948 1.376656
8016 0.939044
8083 0.711035
8294 2.776412
8295 1.358173
8358 1.960233
8404 1.044436
8447 5.124586
8474 0.982509
8513 1.577016
8537 1.641474
8555 1.784142
8622 1.925471
8740 1.659203
8785 6.792659
8826 1.240979
8829 1.296958
8893 2.966223
8919 5.324624
8924 1.213339
8931 0.532719
9019 2.114286
9138 0.673926
9150 7.312062
9242 2.261570
9333 1.426630
9380 2.272648
9402 1.784142
9461 0.721351
9568 1.066286
9618 0.960233
9669 0.774596
9761 0.835294
9873 1.376656
9933 1.075626
9974 6.200368
10036 1.472436
10094 2.085172
10363 1.577016
10373 2.562293
10514 5.476768
10521 1.233234
10558 1.386202
10591 1.200565
10631 2.261263
10639 1.120336
10672 1.998021
10794 1.893286
11112 1.863323
11228 1.141787
11287 2.087558
11349 1.283539
11366 1.367316
11375 0.791441
11459 4.977609
11523 1.615065
