151

23 1.018225
122 2.936149
198 1.152923
455 1.507714
458 0.747158
586 0.747158
599 1.158601
632 0.990196
724 2.340444
897 0.860437
902 2.085172
1037 1.283539
1160 2.194316
1177 2.085172
1274 1.471212
1275 2.582452
1366 4.388632
1387 1.085172
1503 1.717195
1643 1.043779
1730 1.548052
1831 1.535145
1859 0.606445
1934 2.562293
2154 0.677686
2161 1.367316
2259 0.426630
2267 2.494045
2504 1.275986
2507 0.760899
2554 1.358173
2626 1.182082
2627 0.765256
2718 1.275986
2762 0.470040
2783 3.039414
2786 3.039414
2818 6.565896
2824 2.317201
2911 2.261263
3029 1.520900
3150 1.176091
3297 3.039414
3423 0.925471
3482 0.967532
3573 0.788994
3700 1.283539
4091 1.386122
4201 3.039414
4211 1.824619
4212 1.998021
4215 0.998169
4252 2.562293
4266 1.052642
4451 1.756092
4531 3.039414
4566 0.827227
4573 1.631609
4613 0.902694
4708 0.689166
4858 1.592256
4875 1.520900
4901 0.902694
4966 1.206905
5012 0.827227
5314 4.680888
5472 2.340444
5496 1.957433
5601 3.897154
5693 1.261263
5735 1.507935
5792 1.949912
5797 1.066286
5833 0.499085
6112 1.003190
6150 2.437354
6338 3.039414
6402 2.136324
6413 3.039414
6421 0.590708
6436 0.912309
6456 0.806418
6627 1.141787
6864 0.872539
6975 2.811891
7008 0.878046
7060 0.932204
7061 0.478313
7069 1.925471
7120 0.832588
7511 1.592256
7585 2.261263
7679 1.925471
7709 2.038736
7760 0.666502
7788 0.530212
7855 1.483112
7859 0.301427
7887 0.971228
8048 10.693402
8259 1.696991
8332 1.483112
8383 1.426630
8403 2.738384
8404 0.522218
8410 1.307020
8469 1.291226
8474 0.982509
8508 1.283539
8546 6.408972
8605 0.738384
8767 0.704960
8784 2.796612
8785 5.094495
8829 1.296958
8924 1.213339
8931 0.266359
8956 2.160745
9019 1.057143
9099 1.315138
9318 2.085172
9368 3.039414
9452 1.459631
9569 2.340444
9718 1.405946
9767 0.283539
9778 2.437354
9811 0.909080
9893 1.784142
9963 1.738384
9974 1.240074
10062 1.960233
10085 2.078828
10355 3.039414
10362 2.562293
10378 8.200659
10396 1.014108
10509 0.704960
10591 1.200565
10619 1.057738
10701 0.786561
10890 0.465383
11045 1.863323
11121 0.600081
11162 1.254084
11228 1.141787
11238 1.495346
11355 1.592256
11599 1.925471
11600 0.703770
11604 4.874708
