167

83 0.059409
111 0.124574
166 0.105662
217 0.031045
259 0.052473
346 0.038888
423 0.047590
457 0.040744
483 0.288764
485 0.136792
536 0.034764
553 0.030093
565 0.187074
630 0.042498
831 0.031442
873 0.068469
917 0.022029
921 0.059409
1007 0.042210
1053 0.076906
1106 0.037272
1132 0.121437
1135 0.049258
1197 0.057386
1487 0.032160
1499 0.040397
1532 0.029908
1689 0.055161
1872 0.024485
1940 0.088806
1986 0.043197
2031 0.093537
2058 0.034521
2062 0.051111
2091 0.046814
2171 0.068469
2185 0.090728
2186 0.061711
2313 0.052122
2359 0.150454
2455 0.032693
2507 0.014600
2520 0.070432
2576 0.032801
2651 0.030093
2675 0.081985
2696 0.026226
2700 0.059409
2711 0.059955
2763 0.029017
2806 0.039723
2887 0.116642
2946 0.054347
3040 0.064384
3185 0.062340
3186 0.118818
3384 0.051778
3473 0.029457
3492 0.053194
3611 0.037852
3682 0.072658
3724 0.179636
3841 0.018310
3929 0.062994
4063 0.042020
4086 0.156531
4157 0.069422
4215 0.019153
4266 0.040397
4267 0.060520
4315 0.029017
4437 0.056460
4458 0.040057
4481 0.072658
4801 0.081985
4834 0.040569
5081 0.039559
5094 0.098332
5096 0.065125
5135 0.159518
5325 0.059409
5491 0.015540
5624 0.042210
5652 0.086779
5734 0.021579
5749 0.037130
5797 0.040920
5957 0.047069
6023 0.054347
6106 0.061711
6317 0.026977
6421 0.045339
6434 0.071508
6456 0.030947
6506 0.049853
6547 0.064384
6792 0.019940
6806 0.026007
7008 0.033696
7060 0.035775
7062 0.026398
7165 0.042795
7308 0.059955
7511 0.061105
7532 0.048403
7584 0.062994
7745 0.061895
7756 0.062994
7758 0.038150
7847 0.035775
7859 0.011568
7913 0.117759
7918 0.059409
7961 0.075227
7978 0.042210
7987 0.052831
8055 0.098332
8083 0.027287
8101 0.116642
8227 0.031342
8253 0.086779
8343 0.037852
8407 0.055583
8455 0.016742
8512 0.033582
8529 0.081841
8552 0.102223
8684 0.048683
8826 0.081642
8829 0.024886
8871 0.045597
8919 0.116766
8920 0.209156
9052 0.032371
9059 0.020819
9097 0.036037
9104 0.034281
9107 0.049553
9242 0.057861
9366 0.051442
9390 0.230031
9461 0.027683
9592 0.123296
9618 0.036850
9623 0.038150
9667 0.044463
9767 0.032644
9770 0.078471
10017 0.035645
10036 0.028253
10092 0.204269
10195 0.032478
10325 0.039559
10326 0.028088
10509 0.027054
10541 0.053198
10658 0.047590
10701 0.030185
10890 0.035720
11025 0.026153
11139 0.054749
11335 0.040057
11451 0.033928
11522 0.065125
11547 0.039889
11605 0.050596
11606 0.286198
