176

63 1.891985
79 0.922143
122 0.978716
147 2.261263
148 1.120336
346 1.013319
404 1.090519
452 5.352425
483 1.254084
512 1.386202
526 6.369024
553 0.784142
600 0.971228
696 2.085172
824 2.738384
895 1.692579
897 0.860437
917 0.574031
1053 1.001988
1132 1.898622
1175 1.808965
1211 2.437354
1456 4.245412
1466 1.818161
1666 2.261570
1859 10.309562
1940 2.314065
1986 1.125600
1995 1.141787
2057 1.659203
2086 1.416165
2154 0.677686
2161 1.367316
2244 2.811891
2278 1.219870
2507 0.380449
2518 0.824570
2524 1.048188
2532 2.453002
2575 0.956629
2638 1.061691
2762 0.940080
2763 0.756113
2848 2.437354
2976 1.760661
3105 2.738384
3280 3.920466
3366 1.367316
3567 1.422069
3691 0.742749
3714 2.340444
3841 0.477121
3951 0.704960
4009 3.039414
4199 1.696991
4215 0.499085
4315 2.268339
4421 4.170343
4481 1.893286
4547 1.592256
4566 0.827227
4609 2.340444
4613 0.902694
4624 2.537124
4724 1.696991
4745 1.893286
4747 2.551972
4789 2.136324
4899 2.738384
5025 0.840757
5064 2.364163
5070 1.863323
5073 2.562293
5105 1.925471
5143 0.902694
5171 1.677686
5186 2.738384
5289 1.960233
5384 2.085172
5394 0.497835
5491 0.809874
5496 0.978716
5529 0.646717
5625 1.534264
5730 16.769906
5732 0.786561
5743 0.749380
5790 1.960233
5857 1.120336
5869 1.052642
6016 1.677686
6324 1.471212
6380 0.942504
6381 1.641474
6466 1.075626
6570 0.998021
6708 1.323411
6721 2.194316
6725 1.275986
6828 1.434390
6858 1.130929
6864 5.235237
6874 1.000676
6878 1.275986
7009 1.717195
7119 1.835294
7123 1.164353
7143 2.766428
7150 1.957433
7212 1.717195
7325 2.753313
7385 1.539802
7411 0.893286
7498 0.710934
7501 2.105285
7580 3.762253
7641 0.646717
7694 0.776963
7709 0.679579
7715 3.699702
7761 2.401130
7775 1.340444
7801 1.592256
7863 3.039414
8010 3.015870
8111 1.035093
8157 0.939044
8271 0.925471
8272 0.884078
8343 0.986336
8445 1.592256
8455 0.436270
8457 1.194316
8463 5.761397
8512 0.875061
8539 1.336693
8589 1.760661
8671 1.367316
8684 1.268562
8767 1.409921
8826 1.595545
8829 2.593916
8919 3.042642
8931 0.266359
8971 2.614041
9093 2.848527
9138 0.673926
9482 3.039414
9619 1.760661
9667 1.158601
9669 0.774596
9672 1.893286
9767 0.850618
9773 2.340444
9776 1.925471
9865 0.796376
10036 1.472436
10058 1.819334
10082 1.254084
10325 3.092442
10326 1.463836
10330 3.039414
10423 0.698970
10639 1.120336
10725 2.738384
10746 2.194316
11008 2.738384
11025 2.725917
11118 2.562293
11194 1.014108
11257 3.679502
11306 0.589165
11376 0.928453
11500 4.874708
11523 0.538355
11620 13.022059
