188

63 0.945992
65 4.602792
292 1.115135
308 0.915562
318 2.473711
404 0.545260
418 0.824570
455 0.753857
505 2.261263
538 1.808965
625 1.925471
632 0.990196
665 0.632874
689 1.268562
736 1.448350
808 2.966223
960 2.132573
1053 1.001988
1112 3.826281
1269 0.939044
1370 1.109995
1532 0.779343
1533 1.738384
1547 1.835294
1613 1.323411
1777 1.405946
1831 0.767573
1956 1.738384
2008 1.548052
2010 7.298153
2041 2.039414
2141 1.376656
2259 0.426630
2335 3.662250
2421 1.972671
2455 0.851893
2477 2.738384
2507 0.380449
2532 1.226501
2576 0.854723
2601 1.507935
2667 1.376656
2708 1.035093
2762 0.470040
2763 1.512226
2824 2.317201
2922 4.853357
3102 1.608050
3122 0.765256
3156 1.376656
3179 0.772242
3188 3.726646
3255 1.367316
3316 1.233234
3479 1.717195
3489 1.405946
3492 1.386122
3535 1.005990
3546 0.978716
3567 0.711035
3578 1.835294
3761 3.564467
3783 1.471212
3807 1.386202
3841 0.477121
3850 1.516762
3864 2.194316
4196 0.734063
4305 3.039414
4310 1.022381
4437 1.471212
4550 1.291226
4568 1.624441
4573 0.543870
4734 0.619458
4769 1.152923
4832 1.548052
4842 1.624441
4857 2.085172
4866 0.945992
4943 0.572546
5019 2.437354
5050 1.891985
5213 2.136324
5491 0.404937
5513 2.085172
5529 0.646717
5601 7.794309
5833 0.499085
5883 3.039414
5920 1.233234
5938 2.261263
5962 1.349218
6108 1.960233
6112 0.501595
6240 2.896699
6308 0.749380
6317 0.702954
6348 1.534264
6456 1.612836
6636 3.039414
6652 1.717195
6712 2.340444
6806 1.355373
6813 0.786561
6828 1.434390
6909 0.747158
6925 6.953536
6968 1.268562
6975 1.405946
6980 1.194316
7001 1.358173
7008 0.878046
7062 0.687865
7162 3.617930
7498 0.355467
7532 1.261263
7635 0.704960
7685 1.738384
7745 0.806418
7760 0.666502
7788 0.530212
7884 1.893286
7887 0.971228
8016 0.939044
8083 0.711035
8150 1.099895
8294 3.701883
8295 1.358173
8404 3.133309
8447 5.124586
8448 3.039414
8474 1.965019
8537 3.282948
8555 1.784142
8622 1.925471
8740 1.659203
8784 0.932204
8785 5.094495
8826 2.304676
8829 2.593916
8893 2.966223
8919 1.521321
8924 1.213339
8931 0.532719
9019 2.114286
9031 0.884078
9120 4.272648
9124 6.078828
9130 1.535145
9132 0.731918
9138 0.673926
9150 4.874708
9197 1.520900
9242 0.753857
9333 1.426630
9344 3.039414
9370 3.068528
9380 1.136324
9402 1.784142
9461 0.721351
9511 3.039414
9618 1.920466
9669 0.774596
9796 1.592256
9820 1.925471
9944 1.182082
9974 8.680515
10036 0.736218
10040 1.641474
10363 1.577016
10514 5.476768
10521 1.233234
10548 0.994091
10558 2.772403
10591 1.200565
10672 1.998021
10779 1.608050
10794 1.893286
10820 1.998021
11047 2.136324
11121 0.600081
11287 1.043779
11375 1.582882
11377 1.226501
11459 1.659203
11523 0.538355
11613 2.039414
