48

71 0.090086
186 0.099646
421 0.204993
457 0.108927
586 0.076657
1296 0.100028
1636 0.114410
1807 0.095295
1831 0.078751
2131 0.104468
2149 0.143223
2259 0.043771
2268 0.390211
2552 0.107089
2633 0.112338
3203 0.173964
4866 0.097057
4875 0.156041
5130 0.225132
5532 0.091017
5569 0.210649
5692 0.077344
5948 0.088575
6205 0.149755
6308 0.076885
6436 0.187202
6568 0.074224
6587 0.063895
6874 0.051334
7126 0.157980
7859 0.030926
7861 0.071510
7981 0.094951
8387 0.087693
8761 0.076657
8767 0.072327
8826 0.018189
9110 0.127942
9444 0.096344
9729 0.138427
9767 0.029091
9770 0.104894
10058 0.124440
10475 0.055375
10508 0.623675
11242 0.107542
11466 0.113883
11636 0.119460
