189

55 3.039414
63 2.837977
83 1.548052
216 1.495346
300 5.090974
305 2.039414
308 0.915562
322 2.437354
346 1.013319
404 0.545260
424 1.358173
452 3.568283
476 1.784142
531 0.918840
586 0.747158
633 1.206905
634 1.233234
797 2.340444
895 0.846290
899 2.136324
917 0.574031
990 1.340444
1053 1.001988
1080 1.548052
1132 1.265748
1175 1.808965
1211 2.437354
1277 1.998021
1280 2.085172
1456 6.792659
1506 1.115135
1572 1.376656
1633 1.299051
1649 3.524207
1670 1.659203
1777 1.405946
1835 1.291226
1859 9.096672
1940 4.049614
1994 1.090024
1995 1.141787
2086 2.832330
2147 1.738384
2154 2.033059
2161 1.367316
2267 1.247022
2348 2.869886
2463 1.784142
2499 1.307020
2550 1.602736
2575 0.956629
2587 2.340444
2618 1.164353
2638 1.061691
2687 1.448350
2708 1.035093
2762 0.940080
2976 3.521321
2980 1.998021
3048 1.254084
3236 1.949912
3275 1.833838
3316 1.233234
3386 1.240074
3473 0.767573
3492 0.693061
3567 0.711035
3637 1.136324
3806 1.395961
4005 1.094931
4196 0.734063
4199 1.696991
4250 3.039414
4315 1.512226
4477 3.039414
4489 2.562293
4534 1.182082
4538 1.120336
4624 1.268562
4701 1.275986
4830 1.426630
4943 2.290186
5064 1.182082
5102 2.136324
5135 0.593810
5143 1.805387
5177 2.364163
5280 2.039414
5286 2.340444
5289 3.920466
5382 2.853261
5491 0.809874
5496 0.978716
5521 1.307020
5730 16.769906
5734 1.124586
5740 1.268562
5827 1.386202
5833 0.499085
5851 0.846290
5857 1.120336
5920 1.233234
5948 0.863323
5962 1.349218
6071 1.238917
6112 0.501595
6250 2.738384
6381 1.641474
6570 2.994064
6708 1.323411
6725 1.275986
6792 0.519586
7062 0.687865
7119 1.835294
7150 1.957433
7325 4.129969
7385 4.619407
7428 1.299051
7460 0.990196
7498 1.066401
7580 2.508169
7626 2.136324
7641 0.646717
7709 0.679579
7711 2.562293
7758 0.994091
7760 0.666502
7788 1.590635
7989 1.048188
8083 3.555173
8104 1.386202
8111 1.035093
8150 1.099895
8227 1.633395
8271 1.850942
8326 6.342811
8343 1.972671
8352 0.854723
8444 1.608050
8455 0.436270
8463 2.880699
8488 1.863323
8499 1.592752
8539 0.668346
8552 1.331844
8589 1.760661
8660 2.738384
8671 1.367316
8767 0.704960
8826 1.950110
8829 1.296958
8919 2.281982
8931 1.598157
8977 3.039414
9011 7.686879
9093 1.899018
9562 0.982509
9568 1.066286
9584 1.340444
9618 0.960233
9669 2.323789
9767 1.701236
9865 0.796376
9971 2.896699
10015 1.066286
10036 2.208654
10058 3.638669
10242 1.437354
10275 4.728326
10309 0.994091
10325 3.092442
10326 0.731918
10378 0.683388
10423 0.698970
10455 3.039414
10487 0.596934
10510 1.717195
10561 1.358173
10619 1.586607
10723 2.261263
10834 2.738384
10890 0.465383
11025 2.044438
11194 1.014108
11257 3.679502
11306 0.589165
11451 0.884078
11600 0.351885
11609 1.213339
