75

20 0.355096
32 0.485143
52 0.127076
290 0.218547
508 0.123639
630 0.044189
798 0.104312
1112 0.061074
1455 0.107679
1797 0.056102
1818 0.208623
1830 0.180468
1902 0.080935
2618 0.092925
2763 0.060344
2843 0.117416
3014 0.079026
3018 0.148709
3095 0.047144
3122 0.061074
3203 0.090215
3394 0.240693
3455 0.094825
3558 0.096322
3681 0.092466
3754 0.148709
4258 0.135435
4340 0.116491
4834 0.084369
5042 0.124685
5100 0.055943
5199 0.106293
5289 0.156444
5491 0.032317
5693 0.100660
5734 0.089752
6060 0.077512
6205 0.116491
6207 0.180468
6317 0.056102
6421 0.047144
6769 0.408986
6864 0.034818
6874 0.039931
7126 0.061445
7178 0.498738
7217 0.063558
7385 0.061445
7441 0.485143
7498 0.056739
7704 0.170730
7827 0.242572
8157 0.074944
8226 0.560363
8348 0.122448
8455 0.034818
8463 0.076635
8653 0.086223
8930 0.083655
8931 0.021258
8989 0.117416
9056 0.140516
9903 0.063360
9926 0.132419
9993 0.129644
10036 0.058757
10058 0.145199
10423 0.167352
10509 0.056262
10534 0.117416
11233 0.101835
11376 0.037049
11437 0.096835
11508 0.146472
11625 0.088182
