108

103 1.219870
111 2.434582
166 1.376656
194 0.723444
346 1.519979
373 1.459631
428 2.261263
455 1.507714
483 1.254084
630 1.107385
665 0.632874
693 1.624441
736 1.448350
898 1.548052
917 0.574031
1106 1.942457
1132 2.531496
1422 2.340444
1532 1.558685
1807 1.857649
1940 2.314065
1986 1.125600
2154 0.677686
2259 0.426630
2455 2.555680
2501 3.568283
2696 1.366777
2700 1.548052
2801 1.200565
3372 2.039414
3454 2.194316
3495 1.170182
3535 1.005990
3573 0.788994
3613 1.005990
3681 1.158601
3766 1.520900
3841 0.477121
4073 6.078828
4315 0.756113
4359 1.070931
4362 1.367316
4458 1.043779
4568 1.624441
4677 0.539727
4943 0.572546
5135 0.593810
5168 2.426679
5325 1.548052
5346 1.760661
5491 0.404937
5532 0.887126
5743 0.749380
5880 0.835294
5900 1.039414
6016 1.677686
6112 0.501595
6418 1.459631
6421 0.590708
6792 0.519586
6806 0.677686
6874 0.500338
6975 1.405946
7062 0.343932
7118 0.611279
7249 1.925471
7430 1.738384
7498 0.355467
7655 0.922143
7730 1.659203
7745 1.612836
7788 0.530212
7855 1.483112
8016 0.939044
8083 0.711035
8338 0.953054
8394 1.233234
8440 1.386202
8455 0.436270
8499 0.796376
8826 0.177283
8829 0.648479
8931 0.266359
9019 1.057143
9059 0.542484
9130 0.767573
9242 3.015427
9455 1.624441
9596 1.213339
9602 1.577016
9767 0.567079
9893 1.784142
9905 1.608050
10017 0.928824
10045 2.562293
10326 0.731918
10433 1.052642
10437 1.696991
10589 1.315138
10678 2.437354
11025 0.681479
11233 1.275986
11252 1.592256
11340 0.986336
11376 0.464226
11532 0.652024
11605 1.318406
11606 3.728817
