50

538 1.808965
586 0.747158
633 1.206905
651 1.534264
808 1.483112
1112 1.530513
1499 1.052642
1532 0.779343
1613 2.646822
2304 1.109995
2576 0.854723
2762 0.470040
2763 0.756113
2922 1.213339
3095 0.590708
3864 2.194316
4063 1.094931
4113 2.085172
4842 1.624441
5064 1.182082
5491 0.404937
5601 1.299051
6315 1.275986
6421 1.181416
6456 0.806418
6627 1.141787
6838 1.120336
7001 1.358173
7308 3.124586
7498 0.355467
7643 0.942504
8048 1.188156
8294 0.925471
8404 0.522218
8537 1.641474
8784 0.932204
8785 1.698165
8829 1.296958
9019 1.057143
9121 3.039414
9132 1.463836
9149 3.039414
9370 1.534264
9974 2.480147
10036 1.472436
10548 0.994091
10628 3.920466
11228 1.141787
11376 0.928453
11557 1.893286
