57

20 2.966223
249 3.039414
665 0.632874
1044 1.291226
1797 0.702954
1818 1.307020
1902 1.014108
2259 0.426630
2531 3.039414
3014 0.990196
3203 0.565198
3613 1.005990
3818 1.409921
3841 0.477121
4079 2.919261
4258 1.696991
5042 1.562293
5059 1.624441
5100 0.700958
5199 1.331844
5491 0.809874
5734 0.562293
5937 2.261263
5966 1.835294
6060 0.971228
6133 1.738384
6205 1.459631
6207 2.261263
6421 0.590708
6813 0.786561
6864 0.436270
6871 1.507935
6874 0.500338
6962 1.200565
7126 0.769901
7178 6.249171
7224 3.039414
7498 0.710934
7859 0.301427
8027 1.358173
8404 0.522218
8499 0.796376
8539 1.336693
8762 1.448350
8767 0.704960
8931 0.266359
9059 0.542484
9455 1.624441
10036 0.736218
10058 0.606445
10304 1.641474
10555 1.367316
11194 1.014108
11233 1.275986
11256 0.779343
11258 1.386202
11376 0.464226
