204

26 1.070931
98 2.132573
108 1.170182
111 1.623055
139 1.219870
141 1.717195
452 1.784142
455 0.753857
479 1.213339
538 1.808965
630 2.214771
1002 1.307020
1053 2.003975
1093 4.217837
1106 1.942457
1130 1.960233
1149 1.624441
1336 1.608050
1356 2.437354
1410 2.340444
1510 5.880699
1533 1.738384
1542 0.814105
1676 2.194316
1895 2.990692
1902 1.014108
1940 4.628130
1973 1.696991
2156 1.624441
2165 0.808965
2179 1.893286
2230 1.426630
2335 0.915562
2338 6.118242
2342 2.896699
2373 2.562293
2455 3.407574
2486 1.608050
2551 1.395961
2609 1.483112
2696 2.050165
3067 3.039414
3071 4.680888
3095 1.772123
3101 5.124586
3102 1.608050
3289 1.340444
3372 2.039414
3427 3.039414
3432 1.471212
3467 3.039414
3533 1.386202
3546 0.978716
3627 2.508169
3715 1.534264
3761 1.188156
3778 1.863323
3841 0.477121
3955 4.078828
4143 2.562293
4148 0.978716
4279 1.738384
4359 7.496518
4363 2.738384
4401 1.998021
4413 1.005990
4458 1.043779
4573 0.543870
4593 1.863323
4677 1.079454
4726 5.589969
4769 1.152923
4784 1.677686
4789 2.136324
4937 3.039414
4938 2.734633
4943 0.572546
5025 0.840757
5038 2.261263
5148 1.863323
5149 7.686879
5150 1.659203
5151 2.194316
5177 1.182082
5441 2.194316
5491 0.809874
5529 0.646717
5606 3.039414
5679 1.548052
5687 2.340444
5689 0.838017
5692 1.507714
5740 1.268562
5790 1.960233
5809 2.136324
5833 0.998169
5977 3.039414
6060 2.913685
6174 5.589969
6288 2.261263
6315 1.275986
6380 1.885008
6393 5.124586
6433 2.275142
6448 3.039414
6450 3.039414
6463 1.448350
6505 3.970232
6508 1.925471
6568 0.723444
6587 1.245547
6601 1.495346
6802 1.005990
6806 3.388431
6816 1.957433
6909 0.747158
6975 1.405946
7062 0.343932
7064 1.998021
7072 2.811891
7170 2.738384
7430 1.738384
7439 1.641474
7518 2.085172
7528 3.659611
7602 5.476768
7653 1.760661
7745 0.806418
7788 0.530212
7877 1.608050
7890 2.738384
7989 1.048188
8080 2.437354
8140 1.960233
8260 3.039414
8272 0.884078
8331 3.039414
8338 0.953054
8424 2.738384
8440 2.772403
8512 0.875061
8522 1.577016
8539 2.005039
8565 3.039414
8594 1.808965
8611 3.039414
8653 6.482236
8776 2.562293
8826 0.531848
8829 1.945437
8869 2.136324
8893 1.483112
8924 3.640018
8931 0.266359
9019 1.057143
9047 0.829899
9131 4.522526
9242 7.538568
9248 2.136324
9378 1.386202
9383 1.534264
9387 1.760661
9398 2.340444
9461 0.721351
9475 1.717195
9568 1.066286
9646 1.219870
9669 0.774596
9697 2.340444
9757 9.361776
9761 0.835294
9767 0.850618
9796 1.592256
9955 1.925471
9975 2.340444
10017 0.928824
10039 2.194316
10058 0.606445
10085 1.039414
10185 0.932204
10216 8.215152
10256 4.874708
10326 0.731918
10454 1.677686
10501 1.471212
10510 1.717195
10565 1.340444
10589 2.630276
10639 2.240672
10693 2.562293
10717 2.261263
10890 1.396149
11025 4.088876
11135 2.582452
11150 2.044762
11310 2.085172
11323 2.340444
11328 3.458770
11340 0.986336
11376 0.464226
11377 1.226501
11523 0.538355
11547 2.078828
11600 0.703770
