193

63 0.945992
79 0.922143
98 1.066286
146 1.960233
148 1.120336
198 1.152923
404 0.545260
418 0.824570
467 2.453002
468 2.562293
577 5.164904
586 1.494316
634 1.233234
771 1.182082
965 0.963867
1110 2.261263
1371 1.925471
1398 5.124586
1456 5.094495
1464 1.459631
1466 0.909080
1523 29.276884
1617 1.291226
1618 2.437354
1666 0.753857
1750 1.784142
1760 1.507935
1842 2.261263
1873 3.039414
1967 3.786572
2032 2.340444
2062 1.331844
2170 1.893286
2304 2.219990
2348 0.956629
2518 0.824570
2521 1.925471
2524 1.048188
2550 2.404104
2620 3.039414
2627 0.765256
2763 1.512226
2777 2.136324
2899 3.039414
2915 3.248882
2954 0.935610
3035 1.808965
3095 1.181416
3202 2.562293
3203 0.565198
3366 1.367316
3567 2.133104
3570 2.039414
3581 9.118242
3582 2.085172
3807 1.386202
3952 1.136324
3988 1.760661
4045 3.355373
4199 1.696991
4213 1.254084
4217 1.147320
4266 2.105285
4286 1.760661
4289 2.039414
4529 1.307020
4566 0.827227
4573 0.543870
4708 0.689166
4747 2.551972
4796 7.092490
4901 0.902694
4903 1.548052
4943 0.572546
4960 1.562293
5084 1.577016
5100 0.700958
5178 0.832588
5256 8.042665
5320 0.909080
5517 2.340444
5521 1.307020
5625 1.534264
5671 2.562293
5689 3.352068
5703 3.039414
5732 0.786561
5792 0.974956
5833 0.499085
5885 0.706976
5957 4.906003
6071 1.858375
6097 1.094931
6141 1.677686
6151 1.641474
6274 1.200565
6281 1.206905
6375 2.738384
6433 0.758381
6465 2.437354
6509 1.213339
6529 1.624441
6568 0.723444
6587 0.622774
6653 1.960233
6813 0.786561
6828 0.717195
6858 1.130929
7060 1.864408
7061 0.478313
7062 0.687865
7208 1.835294
7217 1.592752
7387 1.261263
7450 1.376656
7501 4.210570
7502 1.960233
7530 1.996043
7611 1.592256
7641 0.646717
7643 0.942504
7646 1.760661
7655 0.922143
7673 1.760661
7694 0.776963
7715 4.932937
7922 1.835294
7973 1.696991
8007 1.676034
8061 1.784142
8111 2.070185
8230 1.808965
8271 1.850942
8292 1.120336
8341 3.039414
8387 0.854723
8404 1.044436
8419 1.141787
8457 1.194316
8463 1.920466
8512 0.875061
8529 1.066286
8629 1.426630
8677 4.074519
8686 2.085172
8767 0.704960
8826 1.595545
8931 0.266359
8959 2.272648
9093 2.848527
9099 1.315138
9323 3.670588
9412 2.261263
9461 0.721351
9562 0.982509
9643 1.170182
9747 0.945992
9767 0.567079
9770 1.022381
9774 0.956629
9776 1.925471
9811 0.909080
10015 1.066286
10036 0.736218
10049 3.039414
10058 0.606445
10067 1.018225
10082 1.254084
10152 2.136324
10185 0.932204
10276 0.808965
10396 1.014108
10433 1.052642
10487 0.596934
10505 1.507935
10711 1.268562
10818 1.299051
10973 2.562293
11015 1.075626
11252 1.592256
11256 3.117371
11257 1.226501
11287 1.043779
11306 0.589165
11377 4.906003
11441 1.386202
11456 7.740262
11458 0.854723
11491 2.738384
11521 1.075626
11568 1.349218
11600 0.351885
11670 5.124586
