296

20 0.046279
24 0.079955
46 0.065066
52 0.099371
175 0.497538
176 0.211904
194 0.022575
239 0.079955
337 0.066663
345 0.029089
346 0.015810
380 0.051221
406 0.085449
634 0.038482
792 0.063639
831 0.076698
839 0.043872
895 0.026408
898 0.048306
937 0.066663
983 0.085449
1065 0.066663
1067 0.079955
1230 0.085449
1265 0.085449
1284 0.033712
1333 0.025323
1374 0.066663
1378 0.043255
1444 0.045547
1487 0.052300
1506 0.034797
1609 0.034797
1611 0.103549
1653 0.046279
1764 0.100356
1798 0.036699
1820 0.049210
1831 0.023952
1872 0.019909
1902 0.316446
1917 0.059079
1924 0.051221
1963 0.108490
2000 0.030778
2038 0.057269
2046 0.031773
2057 0.051774
2081 0.085449
2168 0.057269
2205 0.047054
2224 0.035801
2259 0.066564
2344 0.081569
2392 0.062347
2431 0.065066
2486 0.050178
2519 0.041038
2530 0.022380
2539 0.035290
2569 0.052351
2618 0.036333
2626 0.073772
2627 0.023879
2674 0.065066
2690 0.030423
2756 0.098419
2801 0.037463
2824 0.072307
2825 0.066663
2892 0.047459
2926 0.047459
2967 0.045547
2983 0.042666
3121 0.024469
3136 0.044852
3149 0.034959
3150 0.036699
3171 0.045908
3179 0.024097
3203 0.017637
3205 0.044190
3263 0.054940
3267 0.079955
3275 0.038149
3287 0.051221
3349 0.054245
3374 0.036515
3394 0.282325
3401 0.041828
3448 0.085449
3480 0.085915
3481 0.066663
3492 0.021627
3493 0.054940
3504 0.085449
3531 0.024620
3535 0.062782
3537 0.060083
3558 0.037661
3568 0.112895
3573 0.024620
3574 0.079955
3591 0.066663
3613 0.031391
3673 0.042101
3736 0.085449
3754 0.058144
3850 0.047330
3889 0.063639
3904 0.141162
3938 0.038482
4004 0.076056
4063 0.034167
4091 0.021627
4181 0.047459
4196 0.022906
4249 0.042381
4318 0.057269
4353 0.085449
4375 0.076056
4413 0.031391
4505 0.066663
4520 0.022772
4573 0.033942
4645 0.033129
4663 0.027778
4710 0.073032
4750 0.076056
4764 0.035976
4832 0.048306
4901 0.028168
4954 0.044190
4964 0.032987
4971 0.085449
4987 0.049685
4994 0.058144
5009 0.042958
5018 0.068472
5056 0.063639
5100 0.021873
5199 0.415593
5327 0.057269
5394 0.015535
5396 0.073032
5491 0.012636
5518 0.085449
5678 0.061556
5696 0.055673
5732 0.049088
5734 0.035092
5808 0.159909
5821 0.028672
5827 0.043255
5833 0.046721
5851 0.052816
5857 0.034959
5880 0.026065
5885 0.022061
5925 0.050690
5926 0.021811
5962 0.042101
6004 0.085449
6065 0.042381
6084 0.159909
6112 0.078260
6167 0.034637
6234 0.076056
6380 0.029410
6421 0.018433
6433 0.023665
6535 0.050178
6536 0.056448
6543 0.068472
6639 0.054940
6725 0.039816
6799 0.042381
6828 0.022380
6837 0.077391
6838 0.034959
6907 0.205416
6965 0.035801
6978 0.063639
7043 0.054940
7072 0.043872
7111 0.046721
7113 0.065066
7118 0.019075
7119 0.057269
7150 0.030540
7217 0.049701
7274 0.065066
7385 0.024024
7435 0.061168
7501 0.032847
7530 0.031143
7635 0.043996
7655 0.028775
7709 0.021206
7713 0.088381
7731 0.085449
7737 0.084762
7738 0.033273
7788 0.066180
7826 0.040536
7859 0.009406
7862 0.029963
7864 0.036515
7874 0.039816
7892 0.109880
7925 0.047459
7989 0.032708
8087 0.072307
8170 0.070561
8196 0.040785
8240 0.047876
8243 0.046661
8245 0.032434
8352 0.160026
8404 0.016295
8444 0.050178
8462 0.038272
8494 0.040292
8512 0.027306
8516 0.076056
8559 0.048750
8641 0.039133
8706 0.063639
8725 0.057269
8761 0.023315
8767 0.043996
8795 0.079955
8796 0.085449
8797 0.085449
8826 0.005532
8948 0.076056
9063 0.079955
9065 0.028570
9130 0.023952
9138 0.042059
9290 0.054245
9339 0.054940
9386 0.085449
9387 0.109880
9403 0.076056
9432 0.079955
9520 0.047459
9587 0.040292
9594 0.046661
9597 0.054940
9623 0.031020
9688 0.041038
9706 0.079955
9767 0.026543
9873 0.042958
9908 0.048750
9933 0.067128
10058 0.018924
10067 0.031773
10164 0.085449
10185 0.058178
10275 0.036886
10433 0.065694
10475 0.033684
10491 0.035801
10509 0.021998
10619 0.016503
10651 0.038482
10735 0.048306
10775 0.076056
10844 0.066663
10849 0.085449
10890 0.043566
11003 0.044852
11031 0.045195
11052 0.070561
11068 0.070561
11117 0.085449
11194 0.031645
11208 0.045908
11210 0.026495
11237 0.085449
11256 0.024319
11287 0.065141
11333 0.073032
11337 0.073032
11376 0.028972
11396 0.088231
11397 0.030423
11523 0.033598
11532 0.081384
11533 0.085449
11536 0.041296
11539 0.049685
11543 0.039357
11600 0.043921
