432

20 0.034547
24 0.059685
46 0.048571
52 0.074179
175 0.399975
176 0.253094
194 0.016852
238 0.127574
239 0.059685
252 0.037457
318 0.019207
337 0.049763
345 0.021714
346 0.011802
380 0.038236
406 0.063787
416 0.044851
536 0.021101
634 0.028727
729 0.063787
736 0.033737
792 0.047505
798 0.030445
831 0.057254
839 0.032750
885 0.228305
895 0.019713
898 0.036060
937 0.049763
983 0.063787
1065 0.049763
1067 0.059685
1121 0.113550
1230 0.063787
1265 0.063787
1284 0.025166
1333 0.018903
1374 0.049763
1378 0.032290
1444 0.034000
1453 0.063787
1466 0.021176
1487 0.039041
1506 0.025976
1584 0.063787
1609 0.025976
1611 0.077298
1649 0.020523
1653 0.034547
1677 0.039529
1736 0.052673
1764 0.112372
1766 0.029212
1798 0.054791
1807 0.021636
1820 0.036734
1831 0.017880
1872 0.014862
1902 0.283467
1917 0.044102
1924 0.038236
1962 0.056775
1963 0.080987
1986 0.026219
2000 0.022975
2038 0.042751
2046 0.023718
2057 0.038649
2076 0.033737
2081 0.063787
2140 0.034000
2168 0.042751
2205 0.035125
2224 0.053450
2259 0.089440
2263 0.065499
2344 0.060891
2348 0.022283
2392 0.046541
2431 0.048571
2473 0.023913
2486 0.037457
2519 0.030634
2530 0.033412
2539 0.026343
2548 0.023913
2564 0.049763
2569 0.039079
2572 0.020593
2618 0.027122
2626 0.110140
2627 0.017826
2651 0.018266
2667 0.032067
2674 0.048571
2690 0.022710
2756 0.073469
2762 0.010949
2801 0.027966
2806 0.024111
2810 0.046541
2824 0.053976
2825 0.049763
2843 0.034270
2857 0.054517
2880 0.063787
2892 0.035427
2910 0.051114
2926 0.070855
2967 0.034000
2983 0.031850
3014 0.023065
3121 0.054797
3136 0.033481
3149 0.026097
3150 0.027395
3171 0.068540
3177 0.026988
3179 0.017988
3203 0.052662
3205 0.032988
3218 0.107216
3263 0.041012
3267 0.059685
3275 0.042717
3287 0.038236
3299 0.041012
3349 0.040493
3374 0.054516
3394 0.281002
3401 0.031224
3448 0.063787
3451 0.063787
3473 0.017880
3475 0.063787
3480 0.064135
3481 0.049763
3492 0.016144
3493 0.041012
3504 0.063787
3531 0.018379
3535 0.046866
3537 0.044851
3558 0.028113
3568 0.084275
3573 0.018379
3574 0.059685
3591 0.049763
3613 0.023433
3632 0.048571
3673 0.031428
3736 0.063787
3754 0.043404
3850 0.035331
3889 0.095011
3904 0.140501
3926 0.022975
3938 0.172359
3965 0.051114
3984 0.030827
4004 0.056775
4010 0.063787
4063 0.025505
4079 0.136000
4091 0.048432
4181 0.035427
4196 0.017099
4215 0.034876
4249 0.031637
4286 0.041012
4315 0.017613
4318 0.042751
4340 0.068000
4353 0.063787
4375 0.056775
4413 0.023433
4442 0.063787
4505 0.099526
4520 0.016999
4573 0.025337
4582 0.034832
4645 0.024731
4663 0.020736
4710 0.054517
4731 0.063787
4750 0.056775
4764 0.026856
4832 0.036060
4835 0.047505
4897 0.063787
4901 0.042054
4917 0.059685
4943 0.013337
4954 0.032988
4964 0.024625
4971 0.063787
4987 0.037089
4994 0.043404
5009 0.032067
5018 0.051114
5056 0.047505
5083 0.031428
5100 0.032656
5117 0.052673
5132 0.051114
5196 0.052673
5197 0.063787
5199 0.372282
5212 0.051114
5327 0.042751
5394 0.011596
5396 0.054517
5491 0.009432
5518 0.063787
5536 0.044851
5549 0.045661
5678 0.045951
5681 0.026725
5690 0.063787
5691 0.063787
5696 0.041559
5706 0.036734
5732 0.036644
5734 0.039294
5753 0.015147
5808 0.119370
5821 0.021403
5827 0.032290
5833 0.046502
5851 0.059139
5857 0.026097
5874 0.045661
5880 0.019457
5885 0.016468
5925 0.037839
5926 0.016282
5947 0.029048
5962 0.031428
6004 0.063787
6065 0.031637
6071 0.014429
6084 0.119370
6112 0.058420
6167 0.025856
6234 0.056775
6244 0.059685
6380 0.021954
6421 0.027519
6433 0.017665
6456 0.018784
6535 0.037457
6536 0.042137
6543 0.051114
6569 0.044851
6587 0.014507
6631 0.032290
6639 0.041012
6657 0.034270
6725 0.089167
6792 0.012103
6799 0.063274
6828 0.016706
6837 0.057772
6838 0.026097
6864 0.020325
6907 0.153341
6965 0.026725
6968 0.059099
6978 0.047505
7043 0.041012
7061 0.011142
7072 0.032750
7111 0.034876
7113 0.048571
7118 0.014239
7119 0.042751
7150 0.045596
7178 0.145566
7217 0.037101
7274 0.048571
7275 0.113550
7370 0.048571
7385 0.035868
7421 0.063787
7435 0.045661
7498 0.016560
7501 0.024520
7530 0.023248
7620 0.063787
7635 0.032842
7655 0.042960
7709 0.015830
7713 0.065975
7731 0.063787
7737 0.094910
7738 0.024838
7788 0.098804
7826 0.030260
7844 0.063787
7859 0.042128
7862 0.044735
7864 0.027258
7874 0.029722
7887 0.022623
7892 0.082024
7920 0.024212
7922 0.042751
7925 0.035427
7989 0.048832
8032 0.051114
8033 0.063787
8087 0.053976
8111 0.024111
8170 0.052673
8196 0.030445
8234 0.029722
8240 0.035739
8243 0.034832
8245 0.024212
8351 0.028727
8352 0.119458
8404 0.012164
8444 0.037457
8462 0.028570
8477 0.052673
8494 0.030077
8498 0.031224
8512 0.020383
8516 0.056775
8539 0.015568
8559 0.036391
8605 0.017200
8629 0.099694
8641 0.029212
8653 0.025166
8684 0.029549
8706 0.047505
8725 0.042751
8761 0.034808
8762 0.033737
8767 0.032842
8780 0.030077
8795 0.059685
8796 0.063787
8797 0.063787
8826 0.012389
8930 0.024416
8948 0.056775
9063 0.059685
9065 0.021327
9130 0.017880
9138 0.062793
9177 0.063787
9290 0.040493
9339 0.041012
9386 0.063787
9387 0.082024
9403 0.056775
9432 0.059685
9520 0.035427
9568 0.024838
9584 0.062448
9587 0.030077
9588 0.059685
9593 0.022118
9594 0.034832
9595 0.047505
9596 0.028263
9597 0.041012
9598 0.052673
9623 0.023156
9669 0.018043
9688 0.030634
9706 0.059685
9767 0.033023
9873 0.032067
9903 0.018493
9908 0.036391
9933 0.050111
9957 0.033481
10058 0.042379
10059 0.041012
10067 0.023718
10077 0.030827
10164 0.063787
10185 0.043429
10275 0.027535
10321 0.048571
10343 0.059685
10396 0.023622
10397 0.019713
10433 0.049040
10461 0.036734
10475 0.025144
10491 0.026725
10509 0.032842
10619 0.012319
10651 0.028727
10705 0.037457
10735 0.072120
10775 0.056775
10844 0.049763
10849 0.063787
10890 0.043362
10891 0.039079
10916 0.051114
10931 0.063787
11003 0.033481
11031 0.033737
11052 0.052673
11068 0.052673
11117 0.063787
11194 0.023622
11208 0.034270
11210 0.019778
11237 0.063787
11256 0.018154
11287 0.048627
11333 0.054517
11337 0.054517
11376 0.021627
11396 0.065863
11397 0.022710
11466 0.025856
11523 0.025080
11532 0.075940
11533 0.063787
11536 0.030827
11539 0.037089
11543 0.029379
11568 0.031428
11600 0.040983
