184

175 0.060134
176 0.199770
238 0.268521
252 0.078841
318 0.040428
416 0.094404
536 0.044414
729 0.134260
736 0.071011
798 0.064082
885 0.480542
1121 0.239002
1453 0.134260
1466 0.044571
1584 0.134260
1649 0.043197
1677 0.083202
1736 0.110868
1764 0.078841
1766 0.061487
1798 0.057663
1807 0.045539
1902 0.099441
1962 0.119501
1986 0.055187
2076 0.071011
2140 0.071564
2224 0.056252
2259 0.083669
2263 0.137864
2348 0.046903
2473 0.050332
2530 0.035163
2548 0.050332
2564 0.104742
2572 0.043345
2626 0.115913
2651 0.038446
2667 0.067496
2762 0.023046
2806 0.050750
2810 0.097961
2843 0.072132
2857 0.114750
2880 0.134260
2910 0.107585
2926 0.074568
3014 0.048548
3121 0.076891
3171 0.072132
3177 0.056805
3203 0.083133
3218 0.225670
3275 0.029970
3299 0.086323
3374 0.057373
3394 0.147865
3451 0.134260
3473 0.037633
3475 0.134260
3632 0.102234
3889 0.099991
3904 0.073933
3926 0.048359
3938 0.302321
3965 0.107585
3984 0.064886
4010 0.134260
4079 0.286257
4091 0.067960
4215 0.073409
4286 0.086323
4315 0.037071
4340 0.143129
4442 0.134260
4505 0.104742
4582 0.073315
4731 0.134260
4835 0.099991
4897 0.134260
4901 0.044258
4917 0.125627
4943 0.028071
5083 0.066151
5100 0.034367
5117 0.110868
5132 0.107585
5196 0.110868
5197 0.134260
5199 0.130598
5212 0.107585
5536 0.094404
5549 0.096108
5681 0.056252
5690 0.134260
5691 0.134260
5706 0.077320
5734 0.027569
5753 0.031881
5833 0.024470
5851 0.041493
5874 0.096108
5947 0.061140
6071 0.030371
6244 0.125627
6421 0.028962
6456 0.039538
6569 0.094404
6587 0.030534
6631 0.067964
6657 0.072132
6725 0.125121
6792 0.025475
6799 0.066590
6864 0.042780
6968 0.124393
7061 0.023451
7150 0.047986
7178 0.306391
7275 0.239002
7370 0.102234
7385 0.037748
7421 0.134260
7498 0.034856
7620 0.134260
7655 0.045212
7737 0.066590
7788 0.103983
7844 0.134260
7859 0.073893
7862 0.047079
7887 0.047618
7920 0.050961
7922 0.089983
7989 0.051392
8032 0.107585
8033 0.134260
8111 0.050750
8234 0.062560
8351 0.060464
8477 0.110868
8498 0.065721
8539 0.032768
8605 0.036202
8629 0.209839
8653 0.052970
8684 0.062196
8761 0.036632
8762 0.071011
8780 0.063308
8826 0.017384
8930 0.051392
9138 0.066084
9177 0.134260
9568 0.052279
9584 0.131441
9588 0.125627
9593 0.046554
9595 0.099991
9596 0.059489
9598 0.110868
9669 0.037978
9767 0.027803
9903 0.038924
9957 0.070472
10058 0.059467
10059 0.086323
10077 0.064886
10321 0.102234
10343 0.125627
10396 0.049721
10397 0.041493
10461 0.077320
10509 0.034564
10705 0.078841
10735 0.075900
10890 0.022817
10891 0.082255
10916 0.107585
10931 0.134260
11466 0.054422
11532 0.031968
11568 0.066151
11600 0.017253
