78

19 0.124629
63 0.053729
148 0.063631
418 0.093665
467 0.208982
577 0.146673
1371 0.109359
1456 0.048225
1523 0.831408
1744 0.081027
1750 0.101332
1760 0.085645
2137 0.098734
2154 0.038490
2304 0.126087
2507 0.043216
2548 0.058306
2552 0.059283
2763 0.085889
3202 0.145528
3555 0.121335
3567 0.121152
3582 0.118430
3681 0.065804
3818 0.040039
4179 0.084235
4213 0.142454
4217 0.065163
4566 0.046983
4831 0.111334
4960 0.088732
5256 0.076132
5320 0.051632
5732 0.044674
5885 0.040154
5957 0.069661
6071 0.035183
6281 0.068548
6509 0.137826
6568 0.041089
6587 0.035371
7060 0.105891
7061 0.027166
7217 0.045231
7387 0.071635
7589 0.071635
7611 0.090434
7643 0.107061
7715 0.140086
7742 0.155530
8007 0.047596
8111 0.058789
8157 0.053334
8381 0.066131
8463 0.054538
8677 0.231417
8686 0.118430
8767 0.040039
8826 0.030207
9034 0.070043
9093 0.215714
9323 0.104238
9435 0.091331
9461 0.040970
9562 0.055803
9747 0.053729
9776 0.109359
9863 0.069284
10058 0.034444
10185 0.052946
10433 0.059786
10487 0.033904
11256 0.088527
11257 0.139321
11306 0.033462
11376 0.052733
11441 0.078731
11456 0.175847
