117

36 0.062248
63 0.044496
117 0.241040
308 0.086129
318 0.038785
457 0.049938
479 0.114141
552 0.094259
553 0.036883
606 0.368806
630 0.026044
813 0.257606
917 0.027000
1141 0.062248
1180 0.100484
1231 0.048089
1296 0.045858
1390 0.061477
1400 0.065661
1465 0.130403
1542 0.038292
1596 0.078912
1666 0.035458
1797 0.033064
1822 0.069760
1857 0.100484
1872 0.030010
1952 0.070927
2062 0.062645
2091 0.057378
2116 0.074893
2268 0.107335
2507 0.035790
2576 0.040203
2651 0.036883
2708 0.048687
2762 0.022109
2853 0.098078
2948 0.187934
2950 0.065661
2983 0.064313
2995 0.070335
3095 0.027785
3122 0.035995
3165 0.144331
3293 0.090567
3377 0.070927
3436 0.064313
3613 0.047318
3626 0.045509
3727 0.075636
4310 0.048089
4534 0.111201
4566 0.038909
4938 0.064313
5006 0.128803
5036 0.073484
5325 0.145629
5363 0.058328
5719 0.111201
5751 0.089053
5988 0.092202
6220 0.066611
6283 0.050593
6568 0.034028
6616 0.042311
6627 0.161115
6806 0.063751
6922 0.110085
7061 0.022498
7310 0.145629
7445 0.090567
7641 0.060838
7660 0.072814
7735 0.696077
7899 0.166908
7919 0.156085
7972 0.058987
8343 0.092787
8377 0.058987
8381 0.054767
8382 0.048890
8387 0.040203
8414 0.090567
8444 0.075636
8445 0.074893
8455 0.020520
8515 0.110085
8529 0.050154
8539 0.031436
8583 0.063462
8780 0.060734
8784 0.043847
8785 0.079875
8826 0.066709
9329 0.070927
9537 0.082815
9618 0.045166
9632 0.065661
9669 0.036434
9690 0.074893
9767 0.026673
9770 0.048089
10010 0.099875
10058 0.028525
10154 0.128803
10185 0.043847
10195 0.039806
10258 0.066611
10378 0.032144
10423 0.032877
10521 0.058006
10619 0.024876
10621 0.211775
10677 0.077569
10746 0.103212
11332 0.033637
