177

217 0.808965
297 1.182082
505 2.261263
632 0.990196
734 1.448350
808 1.483112
917 0.574031
1053 2.003975
1091 1.998021
1112 4.591538
1296 0.974956
1371 5.776412
1494 3.124586
1608 6.078828
1613 1.323411
1617 1.291226
1643 1.043779
1797 0.702954
1887 1.608050
1956 1.738384
2010 8.757783
2024 1.022381
2028 1.548052
2070 2.261263
2071 0.971228
2112 1.760661
2154 0.677686
2158 2.261263
2278 3.659611
2338 2.039414
2421 0.986336
2455 0.851893
2473 2.053154
2638 1.061691
2711 1.562293
2824 2.317201
2922 12.133393
2939 1.960233
2950 2.791923
3095 0.590708
3110 5.476768
3122 0.765256
3130 0.998021
3179 0.772242
3188 1.863323
3243 1.001988
3349 1.738384
3351 3.284794
3370 1.109995
3459 1.696991
3466 1.641474
3482 0.967532
3483 2.136324
3489 1.405946
3492 0.693061
3558 1.206905
3573 0.788994
3761 1.188156
3772 1.349218
3795 2.791923
3807 2.772403
3841 0.477121
3850 1.516762
3852 3.434390
4063 2.189863
4181 1.520900
4379 3.039414
4426 1.863323
4503 3.318406
4568 1.624441
4708 2.067498
4734 0.619458
4769 1.152923
4832 1.548052
4833 3.355373
4842 1.624441
4916 1.268562
4936 3.920466
4969 1.141787
5023 1.070931
5363 1.240074
5491 0.404937
5542 3.850942
5601 5.196206
5826 1.130929
5833 0.499085
5902 1.349218
5926 0.698970
6017 4.874708
6062 3.039414
6071 0.619458
6315 1.275986
6402 2.136324
6455 1.925471
6559 0.998021
6587 0.622774
6627 1.141787
6635 1.233234
6712 2.340444
6795 1.784142
6802 4.023961
6806 0.677686
6809 8.545297
6925 6.953536
6968 1.268562
6975 1.405946
6980 3.582948
7001 1.358173
7061 0.478313
7062 2.751460
7120 0.832588
7143 0.922143
7405 2.194316
7552 2.136324
7595 1.367316
7685 1.738384
7760 0.666502
7788 0.530212
7856 1.254084
7864 1.170182
8294 1.850942
8346 2.738384
8381 1.164353
8387 0.854723
8404 1.566655
8529 1.066286
8537 1.641474
8616 1.367316
8621 1.283539
8622 1.925471
8785 3.396330
8819 1.299051
8826 2.481958
8829 0.648479
8893 1.483112
8931 0.266359
9019 1.057143
9025 2.085172
9026 4.078828
9029 2.562293
9031 3.536312
9051 1.125600
9056 3.521321
9103 1.998021
9138 0.673926
9238 1.738384
9242 1.507714
9268 1.784142
9306 1.608050
9380 1.136324
9623 0.994091
9669 1.549193
9761 0.835294
9770 1.022381
9796 1.592256
9820 1.925471
9865 0.796376
9888 2.562293
9966 1.717195
9974 4.960294
10018 1.483112
10036 0.736218
10040 1.641474
10085 1.039414
10086 1.075626
10249 0.963867
10363 1.577016
10521 1.233234
10672 1.998021
10677 3.298281
10827 1.717195
11228 1.141787
11362 1.164353
11366 2.734633
11437 2.426679
11523 2.153419
11557 1.893286
