115

1 3.039414
7 4.047654
175 1.226501
268 1.247022
308 0.915562
346 2.533299
399 1.960233
404 0.545260
455 0.753857
485 1.188156
554 2.562293
665 0.632874
766 2.738384
917 1.148063
930 1.548052
1002 1.307020
1093 4.217837
1204 2.437354
1231 1.022381
1451 1.641474
1462 1.717195
1940 2.892581
2024 1.022381
2046 2.036450
2185 1.182082
2230 1.426630
2319 1.416165
2342 1.448350
2348 0.956629
2455 0.851893
2507 0.380449
2551 4.187884
2965 2.738384
3353 1.998021
3374 1.170182
3386 1.240074
3780 1.483112
4130 1.998021
4215 0.998169
4267 1.577016
4359 1.070931
4444 1.677686
4458 1.043779
4568 1.624441
4610 1.315138
4615 1.483112
4677 0.539727
4901 0.902694
4955 1.562293
5135 0.593810
5320 1.818161
5441 2.194316
5605 1.863323
5651 1.315138
5740 1.268562
5753 0.650248
5826 1.130929
5885 0.706976
6106 1.608050
6174 5.589969
6433 0.758381
6574 1.863323
6806 2.033059
6874 1.000676
6909 0.747158
7062 1.031797
7120 0.832588
7496 3.039414
7497 2.827512
7500 2.039414
7528 1.219870
7589 1.261263
7635 1.409921
7957 2.340444
7989 1.048188
8022 2.039414
8150 1.099895
8229 2.085172
8243 1.495346
8343 0.986336
8440 1.386202
8594 1.808965
8826 0.177283
8860 3.850942
8920 1.090024
8931 0.266359
9001 2.085172
9059 0.542484
9242 2.261570
9533 2.194316
9563 2.738384
9592 1.070931
9767 0.283539
9796 1.592256
9888 2.562293
10009 1.784142
10083 1.808965
10185 0.932204
10215 1.641474
10326 0.731918
10401 1.022381
10475 1.619181
10507 1.022381
10646 1.213339
10827 1.717195
11025 1.362959
11153 1.437354
11155 1.562293
11320 1.001988
11328 3.458770
11340 0.986336
11387 2.194316
11401 4.078828
11505 1.426630
11605 2.636812
