90

103 1.219870
175 1.226501
268 2.494045
346 0.506660
404 0.545260
485 1.188156
630 0.553693
665 0.632874
689 1.268562
1093 1.405946
1462 1.717195
1940 3.471098
2185 1.182082
2220 1.624441
2319 1.416165
2342 1.448350
2507 0.380449
2551 1.395961
2613 2.085172
3423 0.925471
3611 0.986336
3715 1.534264
3979 1.471212
4359 1.070931
4550 1.291226
4615 1.483112
4677 1.079454
4870 2.340444
5081 1.030814
5135 0.593810
5178 0.832588
5297 3.995532
5324 0.971228
5605 1.863323
5693 1.261263
5826 2.261858
5857 1.120336
5892 1.340444
6070 0.742749
6174 5.589969
6380 0.942504
6406 3.786572
6415 0.928824
6806 0.677686
6812 2.453002
6864 0.436270
6960 1.213339
7062 0.343932
7109 1.893286
7497 1.885008
7528 1.219870
7589 1.261263
7758 0.994091
7760 0.666502
7847 0.932204
7948 1.376656
8046 1.219870
8455 0.436270
8619 1.275986
8728 1.233234
8912 1.893286
8920 1.090024
9019 1.057143
9133 1.659203
9242 0.753857
9275 2.562293
9596 1.213339
9752 2.261263
9767 0.283539
9975 2.340444
10009 1.784142
10092 1.774252
10325 1.030814
10326 1.463836
10352 0.971228
10401 3.067142
10458 1.299051
10501 1.471212
10507 3.067142
10639 1.120336
10646 1.213339
10678 2.437354
11025 0.681479
11121 0.600081
11153 1.437354
11320 1.001988
11328 1.152923
11340 0.986336
11536 1.323411
11605 0.659203
