205

64 2.853261
74 0.942504
79 0.922143
98 1.066286
111 0.811527
166 4.129969
173 1.592256
175 1.226501
206 1.863323
268 2.494045
318 0.824570
345 0.932204
346 1.519979
404 2.181038
423 1.240074
476 1.784142
485 1.188156
549 1.459631
586 0.747158
630 4.429542
651 1.534264
665 0.632874
689 2.537124
744 1.507935
838 1.863323
1007 6.599369
1093 2.811891
1132 3.797244
1235 2.261263
1250 1.863323
1462 8.585974
1609 1.115135
1666 1.507714
1831 1.535145
1859 2.425779
1872 0.638014
1939 1.405946
1940 4.049614
1981 0.935610
2046 1.018225
2058 0.899535
2062 1.331844
2115 1.844286
2154 0.677686
2185 2.364163
2186 1.608050
2256 2.039414
2319 1.416165
2372 1.835294
2507 0.380449
2530 0.717195
2551 1.395961
2554 1.358173
2576 2.564168
2618 1.164353
2638 1.061691
2651 2.352425
2762 0.470040
2770 1.717195
2804 1.164353
2954 1.871221
3014 0.990196
3136 2.874708
3186 1.548052
3236 2.924868
3313 1.507935
3383 1.835294
3423 0.925471
3472 2.562293
3473 0.767573
3818 1.409921
3841 0.477121
3850 0.758381
3979 1.471212
4005 1.094931
4215 1.497254
4278 1.534264
4315 0.756113
4343 1.835294
4359 2.141862
4451 0.878046
4520 0.729784
4566 0.827227
4615 2.966223
4660 3.039414
4708 1.378332
4866 0.945992
4943 0.572546
4969 1.141787
5012 0.827227
5025 0.840757
5081 1.030814
5119 2.738384
5135 3.562859
5143 0.902694
5457 1.448350
5491 0.809874
5529 1.293434
5605 1.863323
5624 6.599369
5732 0.786561
5821 0.918840
5833 0.998169
6060 0.971228
6071 0.619458
6174 3.726646
6273 1.893286
6288 2.261263
6291 0.806418
6367 1.405946
6423 2.738384
6456 0.806418
6486 2.437354
6505 1.323411
6568 2.893775
6725 1.275986
6732 3.039414
6806 2.033059
6860 1.254084
6909 0.747158
6962 1.200565
7061 0.478313
7062 2.407527
7109 1.893286
7143 0.922143
7150 0.978716
7165 1.115135
7497 0.942504
7498 0.355467
7528 1.219870
7565 2.136324
7635 0.704960
7641 0.646717
7745 0.806418
7837 1.659203
7847 0.932204
7859 0.602854
7905 3.039414
7920 2.078828
7946 1.026577
7948 1.376656
7989 2.096376
8057 1.863323
8083 0.711035
8234 2.551972
8339 2.194316
8352 0.854723
8455 0.436270
8499 1.592752
8539 0.668346
8605 0.738384
8728 1.233234
8761 0.747158
8826 3.545655
8829 0.648479
8875 2.437354
8920 2.180048
8931 0.532719
8959 1.136324
9001 2.085172
9019 2.114286
9059 1.084969
9097 0.939044
9210 16.430305
9242 3.015427
9279 2.734633
9381 1.125600
9596 1.213339
9618 0.960233
9625 1.299051
9632 1.395961
9669 0.774596
9767 3.402471
9865 0.796376
9936 1.608050
9988 1.808965
10009 5.352425
10092 2.661377
10185 0.932204
10194 7.453291
10222 1.471212
10228 1.213339
10325 2.061628
10326 2.927672
10401 3.067142
10458 1.299051
10494 2.261263
10563 1.386202
10596 1.194316
10621 1.125600
10639 2.240672
10646 1.213339
10677 2.473711
10779 1.608050
10890 3.257680
11015 2.151253
11025 0.681479
11031 1.448350
11121 0.600081
11259 2.340444
11292 3.039414
11332 0.715132
11523 1.615065
11605 2.636812
11606 0.932204
