190

13 0.047260
23 0.033479
63 0.031104
64 0.093815
111 0.080049
122 0.032180
188 0.110509
194 0.023787
259 0.044957
282 0.045899
300 0.167390
308 0.060207
318 0.027112
346 0.149930
404 0.053784
407 0.065695
472 0.090038
549 0.047992
553 0.025782
598 0.054554
630 0.054616
831 0.026939
839 0.046227
917 0.018874
965 0.031692
990 0.044074
1028 0.045264
1132 0.020809
1157 0.043241
1542 0.080303
1616 0.048764
1617 0.042455
1818 0.042975
1859 0.019940
1872 0.020978
1902 0.033344
1940 0.076086
1986 0.037010
2009 0.068560
2046 0.033479
2071 0.031934
2165 0.053197
2259 0.056110
2278 0.040109
2354 0.072149
2405 0.043513
2432 0.199871
2507 0.037527
2519 0.043241
2524 0.068928
2720 0.034611
2762 0.046364
2768 0.033210
2769 0.146662
2804 0.038284
3186 0.050900
3275 0.020099
3384 0.044362
3423 0.060859
3491 0.063309
3531 0.051884
3535 0.033077
3550 0.045578
3573 0.025942
3611 0.097292
3808 0.090038
3818 0.023179
3850 0.049871
3926 0.032431
3930 0.062251
4063 0.072002
4148 0.064360
4196 0.024136
4266 0.069221
4267 0.051852
4359 0.035212
4438 0.099935
4452 0.048764
4462 0.150167
4537 0.145986
4538 0.073673
4704 0.099935
4738 0.018825
4904 0.048373
4938 0.044957
5011 0.099935
5012 0.054398
5104 0.060344
5112 0.031572
5135 0.117146
5143 0.059361
5177 0.038867
5307 0.033893
5345 0.048373
5491 0.013314
5496 0.032180
5529 0.042528
5753 0.021380
5833 0.032820
5857 0.036836
5880 0.027464
5949 0.030211
6023 0.046563
6071 0.040735
6227 0.038095
6317 0.023113
6380 0.061979
6418 0.047992
6421 0.019422
6446 0.199871
6466 0.035366
6559 0.032815
6587 0.020477
6695 0.065695
6725 0.041954
6864 0.014344
7008 0.057740
7032 0.045578
7062 0.011308
7217 0.026185
7325 0.045264
7387 0.041470
7388 0.050900
7389 0.046907
7498 0.081814
7565 0.070242
7668 0.053971
7694 0.076639
7704 0.023446
7745 0.026515
7756 0.053971
7760 0.065743
7761 0.078949
7837 0.054554
7859 0.009911
7862 0.031572
8083 0.140272
8208 0.199871
8272 0.029068
8395 0.068560
8455 0.114756
8592 0.099935
8684 0.041710
8702 0.043513
8826 0.017487
8846 0.047992
8931 0.026274
9051 0.037010
9052 0.027735
9059 0.035674
9065 0.030104
9132 0.024065
9333 0.046907
9455 0.053411
9592 0.035212
9601 0.070242
9605 0.057890
9618 0.031572
9667 0.038095
9747 0.062208
9761 0.027464
9767 0.018645
9770 0.033616
9783 0.057155
9872 0.037542
10006 0.057158
10058 0.019940
10092 0.204180
10195 0.111303
10279 0.033077
10352 0.063868
10378 0.022470
10475 0.017746
10487 0.019627
10619 0.052167
10723 0.074350
10818 0.042713
10890 0.015302
10991 0.058662
11025 0.089628
11063 0.056461
11121 0.039461
11162 0.041234
11306 0.058115
11332 0.047027
11376 0.015264
11523 0.035402
11536 0.043513
11605 0.151721
11606 0.245205
