67

175 1.226501
268 1.247022
404 1.090519
630 0.553693
665 0.632874
689 1.268562
1091 1.998021
1093 1.405946
1462 1.717195
1532 1.558685
1940 2.892581
2046 1.018225
2185 1.182082
2220 1.624441
2342 1.448350
2507 0.380449
2551 2.791923
2696 0.683388
2805 1.437354
3322 1.395961
3423 0.925471
3715 1.534264
3979 1.471212
4359 1.070931
4550 1.291226
4615 1.483112
4677 1.619181
4956 1.760661
5081 1.030814
5135 0.593810
5297 2.663688
5679 1.548052
5826 2.261858
5857 1.120336
5892 1.340444
6174 5.589969
6406 3.786572
6415 0.928824
6812 2.453002
6864 0.436270
6874 1.000676
7497 1.885008
7528 1.219870
7589 1.261263
7758 0.994091
8046 1.219870
8352 0.854723
8455 0.872539
8619 1.275986
9019 1.057143
9242 1.507714
9596 1.213339
9767 0.283539
9975 2.340444
10009 1.784142
10092 0.887126
10325 1.030814
10326 0.731918
10401 2.044762
10458 1.299051
10507 2.044762
10639 1.120336
10678 2.437354
11153 1.437354
11328 1.152923
11340 0.986336
11605 0.659203
