101

26 0.049294
85 0.059794
98 0.049080
111 0.112061
158 0.072588
268 0.172197
270 0.187743
455 0.034699
485 0.109379
630 0.076457
736 0.066666
744 0.069408
752 0.126044
753 0.559601
915 0.235878
1093 0.129428
1132 0.058261
1462 0.553282
1831 0.035330
1940 0.133142
2058 0.041404
2128 0.093872
2259 0.039274
2319 0.065184
2455 0.039212
2519 0.060534
2548 0.047252
2550 0.073772
2576 0.039342
2613 0.287933
2638 0.048868
2651 0.036093
2696 0.125822
2892 0.070005
3122 0.070448
3186 0.142510
3405 0.183933
3613 0.046304
3818 0.064897
3841 0.087845
3985 0.088627
4148 0.045049
4359 0.049294
4458 0.096088
4550 0.059433
4562 0.072588
4615 0.068266
4866 0.043543
5070 0.085766
5448 0.101002
5605 0.171533
5826 0.052055
5892 0.061699
6071 0.028513
6337 0.279801
6421 0.027190
6568 0.033299
6587 0.028665
6806 0.031193
6874 0.046060
6975 0.064714
7041 0.063366
7050 0.107187
7143 0.127335
7497 0.173529
7532 0.058054
7635 0.064897
7760 0.030678
8057 0.085766
8440 0.063805
8455 0.040162
8539 0.030763
8728 0.056764
8920 0.100345
8931 0.098081
8959 0.052304
9059 0.099879
9242 0.138796
9381 0.051810
9626 0.088627
9669 0.071307
9767 0.026102
9777 0.082122
9799 0.098332
9865 0.036656
10009 0.246365
10228 0.055848
10291 0.093872
10309 0.045757
10326 0.168446
10401 0.141177
10581 0.063805
10639 0.051568
10890 0.021421
11121 0.027621
11233 0.117464
11290 0.071255
11328 0.053068
11376 0.021368
11605 0.030342
11606 0.042908
