303

33 2.039414
63 0.945992
71 0.878046
85 1.299051
194 1.446888
204 2.630276
213 0.840757
289 2.085172
292 1.115135
300 1.696991
458 0.747158
467 2.453002
519 3.039414
577 2.582452
585 1.562293
639 1.960233
697 0.819306
731 2.562293
771 3.546245
857 3.475802
899 2.136324
917 0.574031
926 2.340444
990 2.680888
1109 3.318406
1250 1.863323
1378 1.386202
1451 1.641474
1456 4.245412
1480 2.437354
1498 1.275986
1523 4.879481
1528 2.136324
1629 2.562293
1633 2.598103
1636 2.230270
1643 2.087558
1670 1.659203
1689 1.437354
1807 0.928824
1859 1.819334
1872 1.276027
1902 1.014108
1979 3.282948
1995 3.425361
2017 3.393983
2024 1.022381
2028 1.548052
2042 2.698436
2046 1.018225
2092 1.925471
2103 2.261263
2118 1.893286
2149 1.395961
2154 0.677686
2165 2.426896
2225 3.850942
2230 1.426630
2234 2.340444
2280 2.562293
2294 1.760661
2304 2.219990
2405 1.323411
2447 3.039414
2493 1.998021
2507 0.760899
2511 2.085172
2530 0.717195
2533 2.340444
2543 1.141787
2548 1.026577
2572 1.768156
2575 0.956629
2600 4.924422
2627 16.835638
2638 1.061691
2651 0.784142
2690 0.974956
2769 1.115135
2875 1.534264
2983 1.367316
3014 0.990196
3102 1.608050
3122 0.765256
3156 1.376656
3177 1.158601
3179 0.772242
3203 3.956385
3274 1.520900
3275 0.611279
3309 2.437354
3374 1.170182
3495 1.170182
3521 1.254084
3558 2.413810
3559 1.608050
3633 1.219870
3681 1.158601
3691 0.742749
3693 1.437354
3787 1.416165
3837 2.562293
3899 2.194316
3911 1.592256
3984 1.323411
4040 3.996043
4110 0.971228
4113 2.085172
4199 10.181949
4205 1.226501
4207 2.136324
4213 7.524506
4217 4.589278
4234 1.960233
4520 0.729784
4566 0.827227
4624 1.268562
4663 6.231365
4708 2.067498
4738 0.572546
4796 1.182082
4831 1.960233
4858 1.592256
4901 0.902694
4904 1.471212
4938 1.367316
4955 1.562293
4960 1.562293
5024 2.136324
5101 1.808965
5112 0.960233
5171 1.677686
5256 1.340444
5278 5.281982
5320 2.727241
5329 3.786572
5338 1.416165
5463 3.039414
5468 1.194316
5491 0.404937
5532 0.887126
5612 1.677686
5625 1.534264
5657 1.416165
5689 4.190085
5712 0.967532
5730 1.863323
5732 2.359683
5734 1.124586
5749 0.967532
5818 1.624441
5827 1.386202
5833 0.998169
5845 2.194316
5903 1.760661
5945 1.141787
5948 0.863323
6019 2.136324
6070 2.970996
6071 0.619458
6075 3.039414
6112 1.504785
6154 1.925471
6167 1.109995
6219 1.784142
6229 3.039414
6253 2.194316
6308 0.749380
6371 1.784142
6431 4.522526
6433 1.516762
6434 1.863323
6461 1.960233
6463 1.448350
6509 3.640018
6543 2.194316
6561 3.920466
6568 0.723444
6579 2.085172
6587 0.622774
6792 0.519586
6821 2.437354
6842 4.272648
6862 6.582948
6864 2.617618
6909 0.747158
6961 2.562293
6968 1.268562
6992 1.507935
6994 3.039414
7012 2.136324
7060 0.932204
7118 1.833838
7124 1.562293
7385 3.079605
7389 1.426630
7439 1.641474
7493 1.608050
7518 2.085172
7588 2.340444
7643 1.885008
7697 2.261263
7709 0.679579
7715 7.399405
7760 1.333004
7761 1.200565
7766 2.194316
7826 1.299051
7859 0.301427
7861 1.393983
7904 1.275986
7973 1.696991
8007 0.838017
8016 0.939044
8111 12.421113
8272 2.652234
8404 1.566655
8419 1.141787
8449 2.791923
8455 0.436270
8463 12.483027
8513 1.577016
8516 2.437354
8574 2.437354
8589 3.521321
8605 0.738384
8648 5.426896
8653 1.080373
8667 1.641474
8671 1.367316
8677 1.358173
8685 1.624441
8724 5.679858
8732 2.085172
8733 2.194316
8767 1.409921
8826 1.063696
8901 2.261263
8931 1.065438
8981 2.738384
9034 9.865873
9047 2.489697
9092 2.194316
9093 10.444599
9094 2.261263
9290 1.738384
9306 1.608050
9405 2.194316
9407 1.275986
9593 0.949509
9641 2.261263
9642 1.283539
9669 0.774596
9717 2.340444
9767 0.850618
9895 1.738384
9896 6.582948
9933 1.075626
9942 1.386202
9944 2.364163
9945 3.039414
9998 1.534264
10015 3.198859
10058 0.606445
10084 3.248882
10093 1.641474
10094 2.085172
10129 2.340444
10187 1.863323
10195 0.846290
10237 2.340444
10309 4.970456
10378 0.683388
10437 6.787966
10438 1.998021
10445 2.340444
10475 0.539727
10487 0.596934
10523 3.039414
10619 1.057738
10635 1.677686
10677 0.824570
10701 0.786561
10745 1.659203
10853 3.039414
11121 0.600081
11132 3.039414
11146 1.085172
11152 0.893286
11153 1.437354
11200 6.306314
11203 1.641474
11245 1.784142
11298 1.182082
11332 1.430263
11376 2.785358
11377 1.226501
11441 1.386202
11451 0.884078
11456 1.548052
11458 3.418891
11620 2.170343
11658 2.562293
