264

5 1.471212
13 1.437354
50 2.194316
99 2.180048
111 4.057637
131 1.808965
165 1.863323
166 2.753313
175 1.226501
194 0.723444
262 2.340444
281 2.340444
282 1.395961
308 0.915562
313 1.448350
346 1.013319
352 1.331844
417 1.863323
462 2.039414
467 1.226501
483 3.762253
486 1.395961
536 6.341126
586 0.747158
593 1.592256
599 1.158601
630 2.768463
632 0.990196
644 1.835294
707 2.340444
781 1.659203
798 1.307020
831 1.638612
890 2.738384
895 1.692579
917 1.148063
921 1.548052
960 1.066286
1007 3.299685
1037 1.283539
1044 1.291226
1132 2.531496
1215 2.085172
1253 2.039414
1333 2.434582
1378 1.386202
1455 1.349218
1484 1.641474
1498 1.275986
1649 0.881052
1750 1.784142
1784 2.738384
1803 1.254084
1831 0.767573
1872 1.914041
1874 1.577016
1891 2.437354
1902 1.014108
1940 2.892581
2071 0.971228
2091 1.219870
2174 0.949509
2259 0.853261
2406 2.437354
2410 2.437354
2507 0.380449
2530 1.434390
2609 1.483112
2693 2.039414
2696 0.683388
2700 1.548052
2722 1.863323
2763 0.756113
3030 1.960233
3042 1.835294
3100 1.998021
3185 1.624441
3186 1.548052
3236 1.949912
3275 0.611279
3384 1.349218
3455 2.376312
3492 0.693061
3514 1.808965
3530 2.437354
3533 2.772403
3540 1.738384
3688 2.136324
3818 0.704960
3841 1.431364
3850 1.516762
3887 2.772403
3930 1.893286
3982 1.893286
3986 2.085172
4176 1.760661
4215 2.495423
4315 6.805016
4430 2.738384
4510 1.808965
4520 1.459568
4573 0.543870
4594 2.136324
4658 2.738384
4669 1.696991
4677 0.539727
4725 3.154032
4729 1.200565
4738 1.717639
4801 2.136324
4834 1.057143
4903 1.548052
4943 1.145093
4964 1.057143
5112 0.960233
5168 10.920054
5294 3.476768
5307 1.030814
5394 0.497835
5457 1.448350
5485 3.096105
5491 1.214811
5521 1.307020
5624 3.299685
5687 2.340444
5692 1.507714
5712 0.967532
5734 1.686879
5743 0.749380
5857 1.120336
5869 1.052642
6060 0.971228
6112 1.504785
6199 1.998021
6227 1.158601
6308 2.248139
6333 2.738384
6415 1.857649
6418 4.378892
6421 1.772123
6443 2.738384
6587 0.622774
6628 1.893286
6631 1.386202
6639 1.760661
6649 2.942425
6659 4.170343
6725 1.275986
6813 0.786561
6814 1.219870
6858 1.130929
6860 1.254084
6910 2.562293
6965 1.147320
6966 2.039414
6968 1.268562
7072 1.405946
7111 1.497254
7118 0.611279
7120 0.832588
7165 1.115135
7313 1.998021
7385 0.769901
7490 1.405946
7498 0.355467
7499 2.562293
7622 2.261263
7641 0.646717
7745 0.806418
7758 0.994091
7810 2.562293
7847 0.932204
7859 0.602854
7883 1.925471
7922 1.835294
7938 2.194316
8007 0.838017
8027 1.358173
8044 1.483112
8083 0.711035
8108 2.738384
8126 3.318406
8142 2.136324
8338 0.953054
8351 1.233234
8382 1.039414
8404 0.522218
8462 1.226501
8474 0.982509
8493 2.039414
8539 0.668346
8547 1.925471
8563 1.459631
8572 2.437354
8621 1.283539
8651 2.437354
8734 2.194316
8755 2.340444
8761 1.494316
8818 2.340444
8826 0.709131
8846 4.378892
8909 1.577016
8971 1.307020
9043 2.437354
9051 1.125600
9058 2.738384
9059 0.542484
9097 0.939044
9128 5.124586
9133 1.659203
9138 0.673926
9242 0.753857
9396 2.194316
9521 1.483112
9522 1.507935
9524 2.738384
9538 2.105285
9584 1.340444
9592 1.070931
9593 3.798036
9596 2.426679
9602 1.577016
9634 1.247022
9680 1.893286
9767 1.134157
9770 1.022381
9873 1.376656
9903 0.793901
9913 2.340444
9936 1.608050
9971 1.448350
10058 0.606445
10082 1.254084
10172 1.863323
10222 1.471212
10228 2.426679
10275 1.182082
10326 2.195754
10475 0.539727
10543 3.920466
10547 1.717195
10548 2.982273
10558 1.386202
10565 1.340444
10619 0.528869
10890 0.465383
11025 0.681479
11129 2.340444
11130 1.784142
11139 1.426630
11177 1.507935
11193 1.548052
11210 0.849082
11278 1.893286
11332 0.715132
11397 0.974956
11424 2.562293
11502 1.014108
11547 1.039414
11600 0.703770
11605 5.932826
11606 3.728817
11655 2.437354
