276

5 0.045975
13 0.044917
99 0.068127
100 0.055021
111 0.101441
131 0.056530
165 0.058229
166 0.129062
175 0.038328
194 0.022608
262 0.073139
281 0.073139
282 0.043624
308 0.028611
313 0.045261
346 0.031666
352 0.041620
462 0.063732
467 0.038328
483 0.117570
486 0.043624
536 0.169852
586 0.023349
593 0.049758
599 0.036206
630 0.069212
632 0.030944
644 0.057353
707 0.073139
781 0.051850
798 0.040844
831 0.051207
890 0.085575
895 0.052893
917 0.035877
921 0.048377
1007 0.137487
1037 0.040111
1044 0.040351
1093 0.043936
1132 0.079109
1215 0.065162
1253 0.063732
1269 0.029345
1333 0.076081
1378 0.043319
1455 0.042163
1484 0.051296
1498 0.039875
1649 0.027533
1784 0.085575
1803 0.039190
1831 0.023987
1872 0.059814
1874 0.049282
1891 0.076167
1902 0.031691
1940 0.126550
2005 0.072413
2071 0.030351
2091 0.038121
2174 0.029672
2259 0.026664
2406 0.076167
2507 0.011889
2530 0.022412
2551 0.043624
2609 0.046347
2696 0.021356
2700 0.048377
2722 0.058229
2763 0.023629
3030 0.061257
3100 0.062438
3185 0.050764
3186 0.048377
3236 0.060935
3275 0.019102
3384 0.042163
3403 0.051850
3455 0.037130
3473 0.023987
3492 0.021658
3514 0.056530
3530 0.076167
3533 0.086638
3540 0.054325
3613 0.031437
3688 0.066760
3818 0.022030
3841 0.044730
3850 0.047399
3887 0.086638
3925 0.094982
3930 0.059165
3982 0.059165
3986 0.065162
4176 0.055021
4215 0.077982
4315 0.189028
4510 0.056530
4520 0.022806
4550 0.040351
4573 0.016996
4594 0.066760
4658 0.085575
4669 0.053031
4677 0.033733
4725 0.098564
4729 0.037518
4738 0.053676
4801 0.066760
4834 0.033036
4903 0.048377
4943 0.035784
4964 0.033036
5168 0.417085
5294 0.108649
5307 0.032213
5457 0.045261
5485 0.096753
5491 0.037963
5521 0.040844
5624 0.137487
5687 0.073139
5692 0.047116
5701 0.041620
5712 0.030235
5734 0.035143
5743 0.046836
5869 0.032895
5892 0.041889
6060 0.030351
6097 0.034217
6112 0.047025
6174 0.058229
6199 0.062438
6308 0.070254
6333 0.085575
6415 0.058052
6418 0.091227
6421 0.055379
6443 0.085575
6587 0.019462
6628 0.059165
6631 0.043319
6639 0.055021
6649 0.091951
6659 0.130323
6725 0.039875
6813 0.024580
6814 0.038121
6858 0.035342
6860 0.039190
6910 0.080072
6965 0.035854
6966 0.063732
6968 0.039643
6975 0.043936
7033 0.094982
7064 0.062438
7072 0.043936
7111 0.031193
7118 0.019102
7120 0.026018
7165 0.034848
7313 0.062438
7385 0.024059
7490 0.043936
7498 0.011108
7499 0.080072
7622 0.070664
7641 0.020210
7745 0.025201
7758 0.031065
7810 0.080072
7847 0.029131
7859 0.018839
7883 0.060171
7922 0.057353
7938 0.068572
8007 0.026188
8027 0.042443
8044 0.046347
8083 0.022220
8108 0.085575
8126 0.103700
8142 0.066760
8338 0.029783
8351 0.038539
8382 0.032482
8404 0.016319
8462 0.038328
8474 0.030703
8539 0.020886
8563 0.045613
8572 0.076167
8621 0.040111
8651 0.076167
8734 0.068572
8755 0.073139
8761 0.046697
8767 0.022030
8818 0.073139
8826 0.022160
8846 0.136840
8909 0.049282
8959 0.035510
8971 0.040844
9043 0.076167
9051 0.035175
9058 0.085575
9059 0.016953
9097 0.029345
9128 0.160143
9133 0.051850
9138 0.021060
9242 0.047116
9268 0.055754
9396 0.068572
9521 0.046347
9522 0.047123
9524 0.085575
9538 0.065790
9592 0.033467
9593 0.118689
9596 0.075834
9602 0.049282
9634 0.038969
9680 0.059165
9767 0.044303
9770 0.031949
9797 0.189963
9873 0.043021
9903 0.024809
9913 0.073139
9919 0.034687
9936 0.050252
9971 0.045261
10058 0.018951
10082 0.039190
10172 0.058229
10222 0.045975
10228 0.037917
10241 0.094982
10326 0.068617
10475 0.016866
10543 0.122515
10547 0.053662
10548 0.093196
10558 0.043319
10565 0.041889
10589 0.041098
10619 0.016527
10639 0.035011
10890 0.029086
11025 0.021296
11129 0.073139
11130 0.055754
11139 0.044582
11177 0.047123
11193 0.048377
11210 0.026534
11278 0.059165
11332 0.044696
11375 0.049465
11376 0.014507
11397 0.030467
11424 0.080072
11502 0.031691
11547 0.032482
11596 0.094982
11600 0.021993
11605 0.206001
11606 0.116526
11655 0.076167
