267

7 1.349218
26 1.070931
68 1.520900
175 1.226501
186 0.971228
188 1.120336
217 2.426896
218 3.216101
220 3.039414
268 3.741067
346 3.039958
404 0.545260
423 2.480147
457 1.061691
485 5.940779
486 1.395961
530 2.136324
536 0.905875
549 1.459631
630 0.553693
665 1.265748
689 2.537124
733 8.920708
744 3.015870
831 1.638612
857 1.158601
898 1.548052
917 1.148063
1007 1.099895
1093 7.029728
1132 3.164370
1258 1.240074
1296 0.974956
1340 2.437354
1370 1.109995
1451 1.641474
1455 1.349218
1462 15.454753
1486 2.738384
1532 0.779343
1533 3.476768
1601 2.136324
1609 1.115135
1649 0.881052
1804 2.646822
1820 1.577016
1859 0.606445
1867 4.874708
1872 0.638014
1935 2.261263
1940 8.099228
1981 0.935610
1986 1.125600
2058 3.598140
2071 0.971228
2115 0.922143
2137 1.738384
2141 1.376656
2153 2.437354
2154 0.677686
2181 1.738384
2259 0.853261
2305 2.261263
2319 5.664659
2335 0.915562
2342 1.448350
2348 0.956629
2473 1.026577
2507 0.380449
2550 0.801368
2551 2.791923
2576 1.709445
2613 4.170343
2638 1.061691
2690 0.974956
2696 1.366777
2762 0.940080
2784 2.738384
2886 1.577016
2929 2.437354
2959 3.039414
2974 1.495346
3122 0.765256
3136 1.437354
3179 0.772242
3186 3.096105
3353 1.998021
3369 2.085172
3492 0.693061
3507 1.738384
3594 2.738384
3599 1.158601
3611 1.972671
3770 1.349218
3795 1.395961
3818 1.409921
3841 1.908485
3867 7.021332
3951 0.704960
3953 1.784142
3988 1.760661
4091 0.693061
4101 2.340444
4196 0.734063
4215 0.998169
4315 0.756113
4359 5.354656
4458 1.043779
4562 1.577016
4573 0.543870
4615 2.966223
4677 2.158908
4708 0.689166
4747 2.551972
4769 3.458770
4943 1.717639
4954 1.416165
5012 1.654453
5064 1.182082
5081 2.061628
5104 1.835294
5135 1.781430
5143 0.902694
5150 3.318406
5320 0.909080
5325 1.548052
5453 5.090974
5529 0.646717
5605 9.316614
5624 1.099895
5753 0.650248
5797 1.066286
5826 1.130929
5857 2.240672
5885 0.706976
6063 1.808965
6065 1.358173
6066 1.760661
6106 1.608050
6112 0.501595
6174 9.316614
6215 1.520900
6227 1.158601
6273 1.893286
6278 2.562293
6288 2.261263
6308 0.749380
6421 1.772123
6505 1.323411
6568 0.723444
6792 0.519586
6802 1.005990
6806 2.710745
6813 0.786561
6858 1.130929
6874 0.500338
6909 0.747158
6960 1.213339
6962 1.200565
7062 3.783257
7111 0.499085
7120 0.832588
7165 1.115135
7358 2.261263
7387 1.261263
7405 2.194316
7429 2.437354
7430 1.738384
7490 1.405946
7497 3.770016
7521 1.863323
7528 2.439740
7583 1.659203
7584 1.641474
7589 1.261263
7635 2.114881
7641 0.646717
7756 1.641474
7760 0.666502
7812 1.507935
7855 1.483112
7859 0.301427
7889 2.136324
7911 2.480147
7989 1.048188
8000 2.261263
8007 0.838017
8057 1.863323
8083 1.422069
8150 1.099895
8245 1.039414
8332 1.483112
8343 0.986336
8352 0.854723
8382 2.078828
8404 0.522218
8455 0.872539
8499 0.796376
8641 1.254084
8725 1.835294
8728 1.233234
8767 0.704960
8826 3.545655
8829 0.648479
8920 5.450121
8931 0.266359
8959 2.272648
9019 1.057143
9059 2.169938
9097 0.939044
9104 1.786572
9242 3.769284
9337 3.039414
9406 2.039414
9592 1.070931
9596 2.426679
9618 1.920466
9623 0.994091
9625 2.598103
9669 1.549193
9671 1.592256
9767 1.417696
9774 0.956629
9796 1.592256
9865 0.796376
9893 1.784142
10009 10.704850
10024 2.261263
10058 0.606445
10083 1.808965
10092 2.661377
10185 0.932204
10224 1.738384
10228 6.066697
10255 1.863323
10325 1.030814
10326 2.195754
10401 6.134285
10454 1.677686
10458 1.299051
10553 3.039414
10559 1.659203
10578 2.261263
10581 1.386202
10589 1.315138
10646 2.426679
10677 2.473711
10890 2.326914
10898 1.459631
10955 2.261263
11025 2.044438
11150 1.022381
11155 1.562293
11200 1.261263
11259 4.680888
11328 1.152923
11332 0.715132
11340 0.986336
11346 8.215152
11375 2.374323
11376 1.392679
11523 0.538355
11532 0.652024
11536 1.323411
11605 0.659203
11606 3.728817
11671 1.592256
