120

625 0.108316
630 0.062295
1053 0.112732
1132 0.035602
1316 0.108316
1409 0.087085
1559 0.110272
1653 0.083432
1835 0.072637
1940 0.195264
2067 0.070952
2185 0.199492
2336 0.137112
2455 0.143768
2486 0.090460
2518 0.046386
2551 0.078529
2651 0.044111
2690 0.054846
2718 0.071780
2762 0.026442
2770 0.096600
2804 0.065500
3104 0.170980
3162 0.103243
3419 0.097792
3423 0.104124
3432 0.082762
3450 0.097792
3498 0.082111
3514 0.101762
3611 0.055486
3787 0.079665
3979 0.165524
4041 0.103243
4211 0.051321
4215 0.028076
4458 0.058717
4462 0.064231
4552 0.087085
4677 0.060724
4728 0.154046
4769 0.064857
4859 0.089571
4875 0.085557
5050 0.053216
5135 0.066809
5144 0.154046
5168 0.068256
5272 0.154046
5297 0.224766
5346 0.099045
5395 0.058229
5678 0.055486
5679 0.087085
5693 0.070952
5851 0.047608
5869 0.059216
5948 0.048566
6071 0.034847
6308 0.042156
6406 0.213011
6433 0.042662
6806 0.038123
6812 0.344980
6864 0.024542
6874 0.084439
7039 0.070548
7062 0.077391
7118 0.034387
7497 0.053020
7583 0.093337
7594 0.084828
7760 0.037494
7787 0.117300
7788 0.059653
7826 0.073077
7859 0.033913
7937 0.084120
8126 0.093337
8440 0.077980
8455 0.049084
8474 0.055270
8499 0.089599
8522 0.088714
8545 0.084828
8616 0.076918
8846 0.082111
8931 0.029968
8949 0.110272
9027 0.144140
9056 0.099045
9097 0.052825
9132 0.041174
9214 0.144140
9242 0.084816
9306 0.090460
9379 0.082762
9752 0.127206
9761 0.046989
9767 0.015950
9988 0.101762
10083 0.101762
10206 0.144140
10279 0.113183
10326 0.123521
10352 0.054636
10433 0.059216
10507 0.172540
10890 0.026180
11025 0.076672
11121 0.033757
11153 0.080857
11208 0.165524
11306 0.033143
11340 0.166457
11484 0.137112
11526 0.050077
11547 0.116943
11605 0.148332
