44

97 0.909080
186 0.971228
418 0.824570
421 1.998021
1466 0.909080
1807 0.928824
2022 1.717195
2131 1.018225
2268 1.521321
2550 1.602736
3203 1.130396
3243 1.001988
3473 0.767573
3818 0.704960
4413 1.005990
4537 1.109995
4734 0.619458
5394 0.497835
5900 1.039414
6436 0.912309
6874 0.500338
7062 0.343932
7126 2.309704
7859 0.301427
7861 0.696991
8272 0.884078
8387 0.854723
8485 1.115135
8512 1.750123
8603 1.784142
8826 0.177283
8931 0.266359
9137 1.448350
9444 0.939044
10221 3.039414
10352 0.971228
10475 1.079454
10661 1.507935
11121 0.600081
11149 3.039414
11256 1.558685
11375 0.791441
11503 0.884078
11637 0.928824
