117

64 4.279891
79 0.922143
188 2.240672
194 0.723444
308 1.831125
318 1.649141
345 0.932204
346 1.013319
404 0.545260
485 1.188156
586 0.747158
597 2.039414
630 1.107385
665 1.265748
1044 1.291226
1132 1.265748
1180 2.136324
1542 0.814105
1616 1.483112
1628 2.738384
1859 0.606445
1907 3.039414
1940 1.157033
2005 1.158601
2021 1.437354
2025 1.426630
2154 0.677686
2165 0.808965
2213 1.863323
2259 0.426630
2504 1.275986
2651 2.352425
2696 0.683388
2768 3.030091
2804 1.164353
3314 3.039414
3423 1.850942
3482 0.967532
3483 2.136324
3499 1.507935
3611 2.959007
4212 1.998021
4215 1.996339
4510 1.808965
4734 0.619458
4738 0.572546
5012 4.136133
5100 0.700958
5135 1.187620
5178 0.832588
5491 0.809874
5496 2.936149
5529 0.646717
5720 2.194316
6071 1.238917
6097 1.094931
6421 0.590708
6587 0.622774
6806 0.677686
6828 2.151584
6838 1.120336
6864 0.436270
6874 1.501014
6897 4.874708
7039 1.254084
7062 0.343932
7111 0.499085
7694 0.776963
7760 0.666502
7859 0.602854
7862 0.960233
7918 1.548052
7937 1.495346
7978 1.099895
8104 1.386202
8292 1.120336
8348 1.534264
8404 0.522218
8455 0.872539
8489 1.495346
8536 2.738384
8583 1.349218
8819 1.299051
8829 0.648479
8920 2.180048
8931 0.799078
9059 1.627453
9283 1.835294
9349 6.078828
9601 2.136324
9670 2.437354
9767 1.417696
10067 1.018225
10092 0.887126
10326 2.195754
10487 0.596934
10547 1.717195
10701 0.786561
10890 0.930766
10909 2.437354
10932 2.437354
11025 0.681479
11233 3.827958
11238 1.495346
11306 1.178330
11332 0.715132
11386 1.349218
11451 0.884078
11523 1.076710
11532 0.652024
11539 1.592256
11566 1.405946
11568 1.349218
11600 0.351885
11605 1.977609
11606 4.661021
11620 1.085172
