110

630 1.107385
883 1.520900
917 0.574031
1053 2.003975
1132 0.632874
1316 1.925471
1409 1.548052
1559 1.960233
1653 1.483112
1697 2.738384
1835 1.291226
1899 1.548052
1940 2.314065
2067 1.261263
2185 3.546245
2374 3.039414
2455 1.703787
2486 1.608050
2518 0.824570
2551 1.395961
2651 0.784142
2762 0.470040
2804 1.164353
3162 1.835294
3415 1.386202
3419 1.738384
3423 1.850942
3432 1.471212
3498 1.459631
3514 1.808965
3787 1.416165
3979 1.471212
4063 1.094931
4211 0.912309
4215 0.499085
4458 1.043779
4462 1.141787
4552 1.548052
4677 0.539727
4727 1.925471
4769 1.152923
4859 1.592256
4875 1.520900
5050 0.945992
5135 1.187620
5144 2.738384
5168 1.213339
5272 2.738384
5297 1.331844
5395 1.035093
5481 3.039414
5678 0.986336
5679 1.548052
5851 0.846290
5869 1.052642
5948 0.863323
6071 0.619458
6308 0.749380
6373 3.039414
6406 1.893286
6433 0.758381
6806 0.677686
6812 7.359005
6864 0.436270
6874 3.002028
7039 2.508169
7062 1.719662
7497 1.885008
7583 1.659203
7594 1.507935
7682 3.039414
7760 0.666502
7787 2.085172
7788 0.530212
7826 1.299051
7859 0.602854
7877 1.608050
7937 1.495346
8126 1.659203
8440 1.386202
8497 3.039414
8522 1.577016
8826 0.177283
8931 0.532719
8949 1.960233
9027 2.562293
9056 1.760661
9097 0.939044
9132 0.731918
9242 0.753857
9306 1.608050
9747 0.945992
9761 0.835294
9767 0.283539
9806 3.039414
9988 1.808965
10083 1.808965
10206 2.562293
10279 1.005990
10326 2.195754
10433 1.052642
10890 0.465383
11153 1.437354
11208 1.471212
11306 0.589165
11340 2.959007
11484 2.437354
11526 0.890195
11539 1.592256
11605 2.636812
