173

71 0.034654
217 0.031927
318 0.065086
393 0.108075
394 0.073539
458 0.029488
569 0.119956
596 0.053603
629 0.073539
808 0.058534
1028 0.054332
1037 0.050657
1053 0.039545
1066 0.092370
1091 0.078856
1112 0.120809
1163 0.119956
1285 0.053249
1370 0.043808
1451 0.129568
1494 0.061659
1613 0.052231
1643 0.123584
1797 0.027743
1831 0.030294
1927 0.149444
1956 0.068609
2010 0.460856
2335 0.072269
2345 0.101126
2421 0.077855
2434 0.119956
2455 0.100865
2486 0.063465
2507 0.030030
2548 0.040516
2763 0.029841
2886 0.062240
2922 0.287320
2929 0.096195
2939 0.077364
2995 0.059017
3005 0.119956
3030 0.077364
3038 0.065484
3095 0.023313
3122 0.030202
3130 0.039389
3188 0.073539
3316 0.097344
3351 0.043213
3443 0.092370
3459 0.066975
3482 0.038185
3489 0.055488
3492 0.164118
3499 0.059513
3578 0.072433
3735 0.058534
3761 0.046893
3807 0.054709
3818 0.027823
3841 0.018830
3885 0.202629
3891 0.051904
3900 0.082295
3902 0.092370
4278 0.060553
4333 0.044847
4701 0.050359
4708 0.054398
4734 0.024448
4769 0.091005
4834 0.083444
4943 0.022597
4969 0.135188
5023 0.042266
5049 0.101126
5063 0.073539
5100 0.027665
5491 0.015982
5542 0.379961
5601 0.153808
5692 0.029752
5723 0.065484
5795 0.046183
5833 0.059092
5869 0.083089
5945 0.045063
6043 0.096195
6082 0.075992
6097 0.043213
6108 0.077364
6112 0.019796
6211 0.048406
6308 0.029576
6315 0.050359
6795 0.070414
6802 0.039703
6806 0.053492
6809 0.337256
6925 0.137217
6968 0.050066
6980 0.141408
7061 0.037755
7062 0.081444
7191 0.078856
7320 0.065484
7501 0.041544
7552 0.084314
7788 0.020926
7864 0.046183
7874 0.050359
8025 0.082295
8201 0.108075
8243 0.059017
8294 0.073051
8387 0.033733
8404 0.020610
8512 0.034536
8537 0.064784
8621 0.050657
8667 0.064784
8785 0.100532
8816 0.119956
8826 0.055974
8829 0.025593
8893 0.117067
9019 0.041722
9031 0.034892
9047 0.032754
9056 0.138975
9123 0.119956
9138 0.026598
9162 0.071394
9242 0.029752
9431 0.108075
9461 0.056939
9506 0.108075
9669 0.061142
9761 0.032966
9767 0.011190
9796 0.125683
9820 0.075992
9865 0.031430
9966 0.067772
9974 0.244709
10010 0.041902
10018 0.058534
10040 0.064784
10082 0.049495
10085 0.041022
10212 0.078856
10276 0.031927
10363 0.062240
10423 0.055172
10509 0.027823
10517 0.056305
10521 0.048672
10619 0.041746
10672 0.157711
10880 0.065484
11112 0.073539
11135 0.101921
11153 0.113456
11228 0.045063
11324 0.072433
11376 0.036643
11443 0.037335
11523 0.042494
11549 0.096195
11564 0.190394
11570 0.056305
