45

64 1.426630
308 0.915562
662 2.562293
665 0.632874
993 2.136324
1132 1.265748
1896 2.698436
1940 1.157033
2259 0.426630
2455 1.703787
2696 0.683388
2763 0.756113
3386 1.240074
3492 1.386122
3500 1.608050
3627 3.762253
3806 1.395961
4315 0.756113
4613 1.805387
4677 0.539727
4769 1.152923
4833 1.677686
5023 1.070931
5148 1.863323
5740 1.268562
6129 1.960233
6433 0.758381
6806 1.355373
7039 1.254084
7584 1.641474
8440 1.386202
8455 0.436270
8539 0.668346
8767 0.704960
8829 0.648479
8860 1.925471
8931 0.266359
9242 1.507714
9387 1.760661
9592 1.070931
9767 0.283539
10326 0.731918
10890 0.465383
11025 0.681479
11437 1.213339
