241

97 0.909080
186 0.971228
204 1.315138
217 0.808965
259 1.367316
346 2.026639
373 1.459631
457 1.061691
477 3.282948
536 0.905875
549 1.459631
552 1.001988
586 1.494316
665 0.632874
815 2.562293
865 1.577016
917 0.574031
1054 2.738384
1080 3.096105
1093 1.405946
1105 2.562293
1141 2.646822
1175 1.808965
1296 0.974956
1465 2.772403
1498 1.275986
1506 2.230270
1542 4.070524
1572 2.753313
1641 1.299051
1666 1.507714
1687 4.272648
1798 1.176091
1807 1.857649
1847 4.170343
1859 0.606445
1872 0.638014
1905 2.136324
2086 1.416165
2116 1.592256
2154 0.677686
2165 0.808965
2174 0.949509
2259 0.426630
2267 1.247022
2268 2.281982
2272 2.194316
2392 1.998021
2405 1.323411
2507 0.380449
2539 2.261858
2576 1.709445
2601 1.507935
2618 1.164353
2638 1.061691
2680 1.507935
2762 1.410121
2948 5.327376
2954 0.935610
2983 1.367316
3095 0.590708
3122 1.530513
3134 1.641474
3166 3.282948
3241 1.738384
3268 2.039414
3377 3.015870
3384 1.349218
3417 1.075626
3420 2.039414
3445 1.677686
3459 1.696991
3483 2.136324
3531 0.788994
3567 0.711035
3573 0.788994
3613 1.005990
3727 3.216101
3841 0.477121
3850 0.758381
3944 1.784142
3969 4.874708
3994 2.738384
4052 2.738384
4131 1.784142
4169 2.437354
4246 1.925471
4249 1.358173
4310 1.022381
4352 1.426630
4362 1.367316
4413 1.005990
4462 1.141787
4479 2.136324
4488 1.835294
4534 3.546245
4566 1.654453
4645 1.061691
4677 0.539727
4708 0.689166
4722 1.094931
4734 0.619458
4849 1.395961
4866 0.945992
5012 0.827227
5032 1.426630
5036 1.562293
5078 2.261263
5081 3.092442
5102 2.136324
5320 0.909080
5327 1.835294
5363 2.480147
5472 2.340444
5689 0.838017
5692 0.753857
5712 0.967532
5719 3.546245
5752 3.039414
5792 1.949912
5795 1.170182
5833 1.497254
5867 1.808965
5869 1.052642
6023 1.416165
6060 0.971228
6183 3.039414
6283 3.226879
6421 1.181416
6542 1.659203
6587 1.245547
6627 6.850722
6635 1.233234
6688 2.085172
6792 0.519586
6802 1.005990
6845 3.039414
6848 6.078828
6864 0.436270
7023 1.483112
7034 2.738384
7061 0.956625
7062 0.343932
7082 1.147320
7111 0.499085
7119 1.835294
7122 1.677686
7302 3.039414
7368 1.080373
7446 3.039414
7554 2.039414
7594 3.015870
7611 1.592256
7635 0.704960
7643 0.942504
7709 1.359157
7730 1.659203
7735 22.198215
7788 1.060423
7859 0.904280
7862 0.960233
7864 1.170182
7870 2.340444
7878 1.863323
7894 2.340444
7899 1.774252
7911 1.240074
7919 1.659203
7951 1.960233
7969 2.194316
7971 1.520900
7972 1.254084
7989 1.048188
8030 1.696991
8046 1.219870
8048 2.376312
8098 1.247022
8186 1.548052
8271 0.925471
8351 1.233234
8377 2.508169
8387 0.854723
8413 2.738384
8455 0.436270
8662 1.188156
8761 0.747158
8785 6.792659
8826 0.354565
8931 3.196313
8967 9.118242
9050 6.078828
9051 3.376801
9052 0.843514
9059 1.084969
9105 2.123381
9132 1.463836
9233 5.124586
9602 4.731048
9646 3.659611
9747 2.837977
9767 0.283539
9783 0.869152
9788 1.608050
9832 1.784142
9854 6.078828
9887 9.118242
10015 1.066286
10067 1.018225
10069 1.592256
10092 1.774252
10093 1.641474
10195 0.846290
10285 2.039414
10327 4.248494
10423 0.698970
10475 1.619181
10509 2.114881
10521 2.466468
10563 2.772403
10619 2.115476
10621 4.502401
10667 1.624441
10737 3.039414
10827 1.717195
10851 2.085172
10887 1.268562
11102 3.039414
11121 2.400326
11150 1.022381
11206 2.136324
11210 0.849082
11216 3.039414
11306 1.178330
11355 1.592256
11376 0.928453
11402 2.261263
11443 0.945992
11523 1.076710
11532 2.608097
11570 1.426630
11600 0.703770
