201

114 2.437354
124 3.039414
217 0.808965
272 2.085172
447 1.206905
600 0.971228
633 2.413810
697 0.819306
715 8.215152
895 0.846290
1037 1.283539
1053 1.001988
1112 2.295769
1295 1.219870
1502 2.738384
1540 2.085172
1559 1.960233
1619 2.562293
1643 1.043779
1651 1.784142
1652 1.548052
1688 4.272648
1797 0.702954
1807 0.928824
1927 3.786572
1981 0.935610
2010 8.757783
2141 1.376656
2278 2.439740
2279 1.760661
2335 0.915562
2348 1.913257
2421 0.986336
2455 1.703787
2486 3.216101
2507 0.380449
2518 0.824570
2530 1.434390
2686 4.522526
2690 0.974956
2708 1.035093
2763 0.756113
2824 1.158601
2848 2.437354
2886 1.577016
2922 8.493375
2939 1.960233
3122 0.765256
3128 1.577016
3188 1.863323
3351 1.094931
3374 1.170182
3486 1.925471
3492 2.772245
3567 1.422069
3586 2.738384
3599 1.158601
3761 2.376312
3818 0.704960
3827 5.124586
3850 0.758381
3891 2.630276
3902 2.340444
3988 7.042642
4071 1.018225
4148 0.978716
4187 2.437354
4217 1.147320
4259 2.738384
4327 2.738384
4416 1.784142
4420 1.696991
4529 1.307020
4536 1.998021
4566 0.827227
4573 1.087740
4687 1.835294
4708 1.378332
4734 0.619458
4757 2.194316
4769 1.152923
4842 1.624441
4866 0.945992
4943 0.572546
4969 1.141787
5023 2.141862
5050 1.891985
5078 2.261263
5152 2.738384
5491 0.404937
5542 11.552825
5601 2.598103
5620 1.376656
5653 2.261263
5851 0.846290
5869 2.105285
5885 0.706976
6017 2.437354
6070 0.742749
6211 1.226501
6421 0.590708
6445 1.483112
6576 2.738384
6635 2.466468
6653 1.960233
6792 1.039172
6802 2.011981
6806 0.677686
6925 3.476768
6968 2.537124
6975 1.405946
6976 2.562293
6980 4.777264
7047 1.213339
7061 0.956625
7062 1.031797
7087 2.562293
7118 0.611279
7162 1.808965
7501 1.052642
7532 1.261263
7552 6.408972
7635 0.704960
7698 2.194316
7736 2.437354
7801 1.592256
7809 1.738384
7862 0.960233
7864 1.170182
7884 1.893286
8007 1.676034
8025 2.085172
8227 0.816698
8243 2.990692
8251 1.893286
8294 1.850942
8295 1.358173
8343 0.986336
8387 1.709445
8474 0.982509
8499 0.796376
8529 1.066286
8537 1.641474
8555 1.784142
8616 1.367316
8621 2.567079
8702 1.323411
8784 0.932204
8785 0.849082
8821 2.832330
8826 0.709131
8829 3.242395
8856 2.136324
8893 1.483112
8909 1.577016
9010 2.562293
9047 0.829899
9056 5.281982
9132 0.731918
9133 1.659203
9370 1.534264
9452 1.459631
9455 1.624441
9516 2.194316
9562 0.982509
9592 1.070931
9652 3.039414
9669 0.774596
9865 1.592752
9966 1.717195
9974 8.680515
10018 1.483112
10040 3.282948
10085 1.039414
10086 1.075626
10276 0.808965
10338 2.261263
10401 1.022381
10423 1.397940
10487 0.596934
10521 1.233234
10528 1.893286
10534 1.471212
10619 1.057738
10672 1.998021
10711 1.268562
11031 1.448350
11112 1.863323
11135 1.291226
11153 2.874708
11196 2.738384
11228 1.141787
11272 3.039414
11376 0.464226
11441 1.386202
11521 1.075626
11523 2.153419
11557 1.893286
11564 1.608050
11566 2.811891
11584 3.039414
