51

65 0.163553
1037 0.136826
1643 0.111267
1721 0.079647
1927 0.201825
2010 0.466791
2141 0.146752
2147 0.185312
2335 0.097599
2486 0.171419
2550 0.085426
2686 0.241051
2763 0.080602
2886 0.168110
2939 0.208962
3188 0.198631
3443 0.498984
3567 0.075797
3818 0.150298
3902 0.249492
3988 0.187687
4708 0.073465
5345 0.156832
5542 0.615768
5600 0.249492
5601 0.138479
5851 0.180430
5869 0.112212
6806 0.072242
6925 0.370625
6980 0.254629
7001 0.144782
7062 0.036663
7498 0.037893
7501 0.112212
7532 0.134451
8007 0.089333
8387 0.091114
8512 0.093282
8931 0.028394
9146 0.166541
9383 0.163553
9974 0.132192
10040 0.174982
10069 0.169735
10423 0.074510
10534 0.156832
10619 0.112755
11228 0.121715
11564 0.171419
11566 0.299749
