46

41 2.261263
111 0.811527
175 1.226501
553 0.784142
625 1.925471
630 0.553693
1093 1.405946
1132 1.265748
1940 1.157033
2335 1.831125
2455 0.851893
2543 1.141787
2651 0.784142
2696 0.683388
3567 0.711035
3952 1.136324
4148 0.978716
4211 0.912309
4359 1.070931
4593 1.863323
5025 0.840757
5491 0.404937
5743 0.749380
5892 1.340444
6174 1.863323
6308 1.498759
6960 1.213339
7050 1.164353
7497 0.942504
7602 2.738384
8301 2.562293
8404 0.522218
8539 0.668346
8828 1.835294
8829 0.648479
8931 0.266359
9242 1.507714
9592 1.070931
9596 1.213339
9642 1.283539
10458 1.299051
10475 0.539727
10500 1.426630
11025 0.681479
11135 1.291226
11386 1.349218
