154

45 1.405946
318 0.824570
345 0.932204
458 0.747158
757 1.738384
795 2.085172
831 0.819306
913 1.039414
994 1.448350
1074 1.120336
1075 1.863323
1217 2.261263
1278 1.268562
1466 0.909080
1620 2.562293
1636 1.115135
1777 1.405946
1807 1.857649
1835 1.291226
2042 1.349218
2131 1.018225
2165 0.808965
2179 1.893286
2259 0.853261
2268 0.760661
2279 1.760661
2572 0.884078
2618 2.328706
2626 1.182082
2627 0.765256
2633 1.094931
2768 1.010030
2892 1.520900
3050 3.318406
3136 1.437354
3149 1.120336
3164 1.835294
3203 1.695594
3275 0.611279
3437 1.437354
3495 2.340365
3605 1.349218
4091 0.693061
4215 0.998169
4297 1.784142
4573 0.543870
4620 1.760661
4734 0.619458
4866 0.945992
5100 0.700958
5174 1.507935
5178 0.832588
5324 0.971228
5468 1.194316
5567 3.039414
5569 2.053154
5795 1.170182
5857 1.120336
5870 1.592256
5900 1.039414
5945 1.141787
5948 0.863323
6070 0.742749
6071 0.619458
6144 1.268562
6281 1.206905
6436 5.473856
6449 1.738384
6779 1.592256
6792 0.519586
6823 3.124586
6828 0.717195
6874 1.000676
6996 2.562293
7050 1.164353
7072 1.405946
7111 0.499085
7118 0.611279
7126 1.539802
7162 1.808965
7284 2.738384
7350 1.659203
7385 0.769901
7498 1.066401
7501 1.052642
7530 0.998021
7556 3.670588
7567 3.039414
7635 1.409921
7646 1.760661
7694 0.776963
7707 1.066286
7709 0.679579
7715 1.233234
7738 1.066286
7765 2.039414
7788 0.530212
7856 1.254084
7859 0.301427
7861 0.696991
7864 1.170182
8128 2.364163
8145 2.261263
8271 0.925471
8329 2.437354
8419 1.141787
8455 0.436270
8512 1.750123
8539 0.668346
8641 1.254084
8767 0.704960
8771 1.534264
8826 0.177283
8874 1.323411
8931 0.266359
9115 2.209831
9116 2.364163
9130 0.767573
9138 0.673926
9328 0.915562
9351 1.367316
9444 0.939044
9568 1.066286
9725 1.213339
9767 1.417696
9774 0.956629
9811 0.909080
9865 1.592752
9868 2.261263
9919 1.109995
10058 0.606445
10167 2.738384
10243 2.261263
10509 0.704960
10510 1.717195
10581 1.386202
10658 1.240074
10669 1.717195
10828 2.085172
10890 0.465383
11058 2.261263
11078 2.085172
11152 0.893286
11162 1.254084
11238 1.495346
11242 1.048188
11256 1.558685
11295 1.213339
11437 1.213339
11503 0.884078
11523 0.538355
11526 1.780390
11636 2.328706
11637 1.857649
