104

7 2.698436
175 1.226501
292 1.115135
475 2.698436
604 1.495346
630 0.553693
735 2.562293
965 0.963867
1132 0.632874
1495 1.608050
1643 1.043779
1721 0.747158
1940 1.157033
2335 0.915562
2336 2.437354
2363 1.022381
2438 1.998021
2439 3.039414
2507 0.380449
2557 2.738384
2763 0.756113
2797 2.039414
2983 1.367316
3417 1.075626
3492 0.693061
3567 2.133104
3599 2.317201
3691 0.742749
3766 1.520900
3952 1.136324
4194 2.340444
4416 1.784142
4520 0.729784
4537 2.219990
4652 3.039414
4663 0.890195
4677 1.079454
4678 4.522526
4734 0.619458
4738 0.572546
4763 1.893286
4796 1.182082
4858 1.592256
5320 3.636321
5322 3.039414
5346 1.760661
5529 1.940151
5692 0.753857
5938 2.261263
6071 0.619458
6112 0.501595
6154 7.701883
6192 3.476768
6272 1.696991
6345 1.808965
6806 0.677686
6874 0.500338
6909 0.747158
7061 0.478313
7078 2.136324
7498 0.355467
7559 2.261263
7594 3.015870
7643 1.885008
7745 0.806418
7758 0.994091
7847 0.932204
8337 2.738384
8404 0.522218
8539 0.668346
8555 1.784142
8605 0.738384
8829 0.648479
8931 0.532719
9006 1.863323
9052 0.843514
9130 0.767573
9455 1.624441
9623 0.994091
9761 0.835294
9767 0.283539
9815 3.039414
10067 1.018225
10085 1.039414
10163 1.784142
10195 2.538869
10231 1.960233
10352 0.971228
10378 0.683388
10475 0.539727
10619 0.528869
10890 0.465383
11025 1.362959
11065 1.717195
11200 1.261263
11287 2.087558
11295 1.213339
11296 8.777264
11332 0.715132
11376 0.464226
11505 1.426630
11522 1.696991
11605 0.659203
11609 1.213339
