132

43 2.194316
63 0.945992
85 1.299051
146 1.960233
149 2.039414
194 0.723444
292 1.115135
404 0.545260
458 0.747158
467 1.226501
577 14.203487
586 1.494316
632 0.990196
697 0.819306
728 2.562293
771 3.546245
960 1.066286
1152 1.893286
1385 1.048188
1456 5.094495
1464 1.459631
1466 0.909080
1523 13.418572
1548 1.367316
1636 1.115135
1797 0.702954
1986 1.125600
1989 1.459631
2230 2.853261
2259 0.426630
2304 1.109995
2348 0.956629
2472 2.562293
2518 1.649141
2529 2.562293
2541 2.136324
2954 0.935610
3203 0.565198
3414 1.109995
3482 0.967532
3841 0.477121
3913 2.136324
3952 1.136324
4181 1.520900
4205 1.226501
4215 0.499085
4217 2.294639
4451 0.878046
4573 0.543870
4617 1.471212
4793 1.471212
4874 3.039414
4901 0.902694
5178 0.832588
5205 2.261263
5256 5.361776
5320 3.636321
5412 1.893286
5491 0.404937
5529 0.646717
5693 1.261263
5732 0.786561
5734 0.562293
5757 1.960233
5792 0.974956
5798 2.562293
5926 0.698970
5947 1.247022
6071 1.238917
6509 2.426679
6652 1.717195
6668 2.562293
6792 0.519586
6828 0.717195
6864 0.436270
6874 0.500338
6959 3.039414
7123 3.493059
7530 0.998021
7641 1.293434
7643 0.942504
7709 3.397893
7715 3.699702
7814 2.039414
7873 1.717195
7911 1.240074
8016 1.878087
8083 0.711035
8111 2.070185
8292 1.120336
8463 2.880699
8512 0.875061
8605 2.215152
8639 3.039414
8754 3.039414
8767 0.704960
8931 1.331797
9034 1.233234
9093 8.545581
9095 2.388632
9438 1.562293
9747 0.945992
9767 0.567079
9832 1.784142
9881 1.677686
9988 1.808965
10010 1.061691
10067 1.018225
10276 0.808965
10352 0.971228
10378 1.366777
10423 0.698970
10438 1.998021
10475 0.539727
10545 2.738384
10563 2.772403
10677 0.824570
10701 1.573122
10945 1.998021
10981 3.154032
11005 2.562293
11121 0.600081
11209 2.039414
11256 3.117371
11257 1.226501
11306 1.178330
11320 1.001988
11332 0.715132
11335 1.043779
11376 1.392679
11458 1.709445
11536 2.646822
