262

63 0.028292
74 0.028188
85 0.038851
119 0.090901
148 0.033506
157 0.040619
198 0.068962
204 0.039332
467 0.036681
577 0.038617
595 0.054102
596 0.040619
600 0.029047
633 0.036095
771 0.070706
831 0.024503
846 0.067629
859 0.063892
902 0.062362
960 0.031890
999 0.081898
1154 0.072895
1256 0.090901
1385 0.188092
1456 0.050788
1464 0.043654
1466 0.054377
1523 0.182416
1532 0.023308
1542 0.024348
1592 0.033506
1609 0.033351
1649 0.026350
1670 0.049622
1704 0.046298
1720 0.090901
1725 0.035906
1797 0.105118
1831 0.022956
1859 0.108823
1872 0.019081
1967 0.113247
1997 0.044356
2052 0.040893
2085 0.043316
2112 0.052657
2146 0.049092
2150 0.060994
2165 0.024194
2248 0.034148
2259 0.012759
2304 0.033197
2366 0.051357
2377 0.072895
2469 0.090901
2507 0.056891
2530 0.042899
2539 0.033823
2552 0.031217
2627 0.160208
2633 0.032747
2666 0.058626
2690 0.029158
2752 0.044356
2763 0.045227
2896 0.090901
2996 0.040089
3095 0.017667
3106 0.081898
3164 0.054889
3177 0.034651
3190 0.076632
3203 0.084518
3204 0.101954
3261 0.069997
3275 0.018282
3280 0.058626
3285 0.047164
3392 0.065626
3417 0.064338
3473 0.022956
3495 0.034997
3539 0.050175
3546 0.029271
3573 0.023597
3618 0.052657
3626 0.057873
3727 0.048093
3797 0.090901
3818 0.021084
3848 0.081898
3951 0.063251
4062 0.081898
4110 0.029047
4205 0.403496
4213 0.075013
4217 0.034313
4219 0.055727
4237 0.036483
4267 0.047164
4317 0.037506
4485 0.139993
4542 0.042354
4557 0.072895
4569 0.139993
4573 0.016266
4673 0.069997
4708 0.020611
4738 0.034247
4831 0.058626
4852 0.069997
4866 0.028292
4875 0.045486
4900 0.090901
4901 0.026997
4960 0.046724
4969 0.034148
4993 0.081898
5060 0.054889
5080 0.069997
5100 0.020964
5142 0.090901
5178 0.024901
5208 0.072895
5281 0.081898
5320 0.027188
5338 0.042354
5394 0.014889
5412 0.283117
5453 0.050753
5496 0.029271
5531 0.054889
5678 0.058998
5732 0.023524
5743 0.022412
5763 0.052657
5804 0.090901
5818 0.048583
5821 0.027480
5833 0.029853
5903 0.052657
5957 0.220089
6070 0.022214
6071 0.018526
6112 0.015001
6219 0.053359
6509 0.217727
6510 0.135257
6541 0.047164
6559 0.029848
6574 0.055727
6587 0.037251
6780 0.062362
6792 0.015539
6814 0.036483
6816 0.029271
6828 0.021449
6833 0.058626
6853 0.058626
7008 0.026260
7061 0.014305
7123 0.034823
7369 0.037721
7390 0.076632
7502 0.058626
7589 0.037721
7641 0.019342
7643 0.028188
7694 0.046474
7709 0.040649
7713 0.042354
7715 0.184414
7775 0.040089
7859 0.099164
7861 0.041690
7915 0.031217
8027 0.040619
8128 0.035353
8157 0.028084
8245 0.031086
8272 0.026441
8292 0.033506
8312 0.090901
8326 0.037939
8327 0.062362
8352 0.025563
8404 0.046855
8444 0.048093
8463 0.258463
8499 0.047635
8550 0.049622
8629 0.042667
8767 0.042167
8777 0.057586
8826 0.037114
8931 0.007966
8984 0.117251
9006 0.055727
9034 0.036883
9047 0.024820
9065 0.027382
9093 0.028397
9280 0.034651
9328 0.027382
9520 0.045486
9522 0.045098
9579 0.039332
9595 0.060994
9755 0.045886
9767 0.033920
9828 0.072895
9863 0.036483
9933 0.032169
9993 0.048583
10036 0.022018
10058 0.018137
10067 0.030452
10070 0.113247
10081 0.069997
10084 0.048583
10181 0.060994
10247 0.063892
10276 0.024194
10279 0.030087
10311 0.055727
10378 0.040877
10423 0.020904
10487 0.017853
10548 0.029731
10555 0.040893
10558 0.041458
10563 0.082915
10595 0.090901
10619 0.015817
10664 0.139993
10669 0.051357
10677 0.024661
10701 0.023524
10705 0.096185
10818 0.038851
10892 0.036681
10978 0.090901
11015 0.032169
11146 0.064909
11162 0.037506
11210 0.101575
11256 0.023308
11257 0.073363
11325 0.124724
11350 0.081898
11376 0.013884
11396 0.028188
11423 0.048851
11443 0.028292
11451 0.026441
11458 0.025563
11459 0.049622
11466 0.033197
11523 0.016101
11536 0.079160
11592 0.051357
11600 0.021048
