298

26 1.070931
109 1.233234
111 1.623055
157 1.358173
194 1.446888
204 1.315138
217 2.426896
218 1.608050
227 6.582948
308 0.915562
313 1.448350
382 2.136324
463 2.136324
475 1.349218
507 3.039414
553 1.568283
630 3.322156
665 0.632874
675 3.039414
677 2.738384
697 0.819306
699 3.039414
770 2.562293
783 1.998021
917 0.574031
992 1.158601
1053 1.001988
1102 1.247022
1106 5.827370
1124 3.039414
1132 0.632874
1262 2.039414
1263 2.738384
1387 1.085172
1462 1.717195
1505 3.039414
1525 2.261263
1532 2.338028
1676 2.194316
1721 2.241474
1816 2.853261
1820 6.308064
1881 1.717195
1895 1.495346
1912 3.039414
1940 6.363679
2000 0.986336
2058 1.799070
2066 2.261263
2129 3.039414
2140 1.459631
2320 1.738384
2335 3.662250
2363 1.022381
2455 0.851893
2479 2.437354
2507 1.902246
2513 2.437354
2551 8.375769
2554 1.358173
2696 0.683388
2708 1.035093
2762 1.410121
2769 1.115135
2776 2.340444
2810 1.998021
2817 1.659203
3014 0.990196
3095 1.181416
3115 1.784142
3123 2.194316
3179 0.772242
3205 2.832330
3281 1.784142
3290 6.078828
3316 1.233234
3417 1.075626
3473 0.767573
3492 1.386122
3494 2.136324
3546 0.978716
3567 4.977242
3690 3.039414
3710 2.437354
3739 2.562293
3766 1.520900
3780 1.483112
3795 1.395961
3818 0.704960
3823 1.268562
3899 2.194316
3951 4.229762
3952 1.136324
4121 1.240074
4154 2.340444
4278 6.137057
4377 4.562701
4416 5.352425
4451 0.878046
4454 2.562293
4458 3.131337
4462 1.141787
4537 1.109995
4538 1.120336
4547 1.592256
4569 2.340444
4573 0.543870
4593 3.726646
4663 0.890195
4677 2.158908
4678 4.522526
4713 2.562293
4717 2.562293
4722 1.094931
4734 1.238917
4763 1.893286
4841 1.696991
4943 0.572546
5025 0.840757
5064 1.182082
5096 1.696991
5135 0.593810
5174 1.507935
5178 1.665176
5320 2.727241
5325 1.548052
5330 1.960233
5341 2.562293
5394 1.493505
5444 1.998021
5491 0.404937
5496 0.978716
5504 1.808965
5521 3.921061
5529 0.646717
5632 1.835294
5756 1.471212
5817 1.386202
5821 1.837680
5833 0.499085
5851 2.538869
5864 7.136566
5885 2.120927
5900 1.039414
5926 0.698970
5940 6.078828
5953 1.925471
5962 2.698436
6038 2.738384
6044 3.039414
6071 0.619458
6108 1.960233
6112 0.501595
6119 1.863323
6219 1.784142
6274 1.200565
6283 1.075626
6308 2.997518
6317 0.702954
6345 5.426896
6421 0.590708
6466 1.075626
6535 1.608050
6559 0.998021
6587 0.622774
6616 2.698605
6635 2.466468
6802 2.011981
6806 3.388431
6813 1.573122
6909 1.494316
6937 2.261263
7012 2.136324
7061 0.956625
7062 0.687865
7111 0.998169
7120 2.497765
7179 1.925471
7411 1.786572
7430 3.476768
7439 1.641474
7497 0.942504
7559 2.261263
7591 2.340444
7643 1.885008
7655 0.922143
7769 1.925471
7788 0.530212
7812 1.507935
7874 1.275986
7915 1.043779
7918 1.548052
7959 1.960233
7978 1.099895
7985 1.863323
8009 1.608050
8016 3.756174
8083 0.711035
8175 1.448350
8186 1.548052
8227 0.816698
8241 2.036450
8271 0.925471
8410 1.307020
8470 1.152923
8474 1.965019
8498 2.680888
8499 0.796376
8518 3.039414
8539 0.668346
8542 2.738384
8552 1.331844
8583 1.349218
8593 6.078828
8605 0.738384
8707 2.261263
8761 0.747158
8798 3.039414
8821 4.248494
8826 3.191089
8828 1.835294
8829 5.187832
8924 6.066697
8930 2.096376
8968 3.039414
9052 0.843514
9059 0.542484
9065 0.915562
9083 1.893286
9097 0.939044
9107 1.291226
9138 0.673926
9220 2.261263
9242 5.276998
9246 11.552825
9281 1.784142
9284 1.577016
9346 2.136324
9398 2.340444
9402 1.784142
9424 4.449335
9480 1.624441
9562 3.930037
9599 2.738384
9618 0.960233
9623 0.994091
9624 1.717195
9643 1.170182
9725 1.213339
9770 2.044762
9774 0.956629
9796 1.592256
9805 3.039414
9811 0.909080
9872 1.141787
10009 1.784142
10017 1.857649
10058 1.212890
10067 1.018225
10085 1.039414
10231 1.960233
10311 1.863323
10368 3.039414
10378 0.683388
10386 7.312062
10411 2.261263
10412 1.808965
10475 0.539727
10487 1.193869
10517 1.426630
10556 1.182082
10561 1.358173
10565 1.340444
10755 2.562293
10944 3.039414
11025 0.681479
11103 2.738384
11124 1.659203
11139 1.426630
11238 1.495346
11259 2.340444
11267 1.495346
11275 2.437354
11287 4.175116
11290 1.548052
11295 1.213339
11314 1.893286
11320 1.001988
11331 6.078828
11340 1.972671
11376 1.856905
11420 2.340444
11443 0.945992
11502 1.014108
11523 0.538355
11547 1.039414
11605 0.659203
11647 9.118242
