98

64 0.076696
71 0.047204
99 0.058600
308 0.049221
508 0.041643
808 0.079733
1053 0.053867
1112 0.205702
1356 0.131033
1494 0.083989
1954 0.117967
2010 0.313881
2024 0.054964
2058 0.048359
2335 0.147663
2421 0.159077
2763 0.040649
2824 0.062287
2922 0.456607
2939 0.105383
3179 0.083032
3316 0.066299
3489 0.151168
3492 0.037259
3546 0.052616
3573 0.084833
3761 0.063876
3841 0.025650
3850 0.040771
3885 0.069003
3891 0.070702
3951 0.113697
4420 0.091231
4566 0.044472
4613 0.048529
4708 0.037050
4769 0.123963
4834 0.056832
4916 0.136397
5023 0.057574
5035 0.191832
5509 0.107414
5542 0.103514
5601 0.209512
5679 0.083224
5692 0.040528
5795 0.062909
5885 0.076014
6082 0.103514
6291 0.043353
6616 0.048359
6806 0.036433
6968 0.068198
6975 0.075584
7001 0.073016
7062 0.036980
7118 0.065725
7788 0.028504
7826 0.069837
8070 0.174661
8294 0.149261
8404 0.056149
8455 0.023454
8513 0.169562
8702 0.071147
8785 0.091294
8826 0.057185
8829 0.069725
8893 0.079733
8919 0.040893
9019 0.056832
9031 0.095057
9120 0.344548
9130 0.082530
9138 0.036230
9197 0.081764
9370 0.082483
9380 0.061089
9510 0.107414
9520 0.081764
9669 0.041643
9820 0.207028
9974 0.333334
10015 0.057324
10040 0.088246
10069 0.085600
10085 0.055879
10093 0.088246
10254 0.089199
10364 0.131033
10521 0.066299
10672 0.107414
10898 0.078470
11047 0.114849
11135 0.069417
11366 0.147015
11459 0.089199
11523 0.028942
