265

13 0.049156
79 0.031537
108 0.040019
111 0.055507
165 0.063724
179 0.043384
188 0.076629
282 0.047741
298 0.172127
308 0.031312
345 0.031881
346 0.051982
398 0.047081
455 0.025781
508 0.026491
586 0.025552
630 0.075744
663 0.103946
665 0.043288
697 0.028020
800 0.083356
831 0.028020
897 0.029426
917 0.058894
1007 0.112847
1028 0.047081
1044 0.044159
1053 0.034267
1093 0.048082
1106 0.199292
1132 0.173151
1182 0.069746
1269 0.032115
1364 0.052014
1387 0.037112
1450 0.087629
1475 0.250067
1499 0.036000
1503 0.234907
1527 0.225132
1715 0.103946
1779 0.057376
1783 0.087629
1803 0.042889
1807 0.031765
1872 0.021820
1933 0.093651
1940 0.118709
1950 0.052471
2038 0.062766
2041 0.069746
2091 0.041719
2115 0.031537
2154 0.023176
2256 0.069746
2259 0.029181
2306 0.093651
2319 0.048432
2344 0.044699
2417 0.058727
2473 0.035108
2519 0.044977
2543 0.039048
2690 0.033343
2696 0.023371
2700 0.105885
2701 0.093651
2762 0.032150
2801 0.041058
2817 0.113487
3048 0.042889
3095 0.020202
3186 0.052942
3235 0.069746
3236 0.033343
3367 0.061016
3374 0.040019
3445 0.057376
3482 0.066178
3492 0.118511
3557 0.139493
3655 0.080041
3685 0.049156
3727 0.054994
3806 0.047741
3818 0.024109
3850 0.051872
3943 0.054454
3951 0.024109
3965 0.075044
3971 0.049156
3986 0.071311
4071 0.034823
4195 0.040019
4215 0.017068
4267 0.053933
4315 0.051717
4359 0.036625
4458 0.035696
4562 0.053933
4573 0.018600
4574 0.093651
4669 0.058036
4729 0.041058
4738 0.019581
4824 0.103946
4830 0.048790
4833 0.229503
5050 0.032352
5054 0.065850
5104 0.062766
5135 0.121847
5168 0.082991
5170 0.103946
5177 0.080853
5178 0.085422
5239 0.103946
5294 0.118903
5394 0.017026
5457 0.049533
5491 0.013849
5529 0.022117
5624 0.112847
5630 0.240124
5689 0.028660
5732 0.053800
5749 0.033089
5821 0.031424
5833 0.017068
5851 0.028942
5880 0.028566
5900 0.035547
5902 0.046142
5926 0.023904
6025 0.103946
6071 0.021185
6144 0.043384
6215 0.052014
6308 0.051256
6317 0.072122
6380 0.064466
6415 0.031765
6421 0.040404
6434 0.063724
6445 0.050721
6506 0.044427
6570 0.102395
6587 0.042597
6725 0.087276
6740 0.061865
6802 0.034404
6813 0.026900
6839 0.044699
6860 0.042889
6962 0.041058
6965 0.039237
6992 0.051570
7061 0.016358
7062 0.023524
7111 0.017068
7118 0.020905
7120 0.085422
7165 0.038137
7217 0.027235
7325 0.047081
7351 0.093651
7393 0.069746
7498 0.012157
7500 0.069746
7503 0.087629
7515 0.048082
7580 0.042889
7635 0.024109
7641 0.044235
7664 0.041275
7668 0.112274
7704 0.048774
7760 0.022794
7794 0.049533
7847 0.095642
7855 0.050721
7856 0.042889
7859 0.020617
7862 0.032839
7913 0.052471
7925 0.052014
7946 0.035108
7952 0.068331
7989 0.035847
8027 0.046449
8030 0.058036
8161 0.175257
8227 0.027930
8271 0.031650
8272 0.030235
8292 0.038315
8353 0.052942
8382 0.035547
8387 0.029231
8394 0.042176
8396 0.054994
8404 0.017859
8431 0.067039
8440 0.047407
8445 0.054454
8455 0.014920
8499 0.027235
8539 0.022857
8545 0.051570
8547 0.065850
8684 0.043384
8702 0.045260
8721 0.083356
8826 0.048504
8846 0.099837
8920 0.037278
8934 0.060213
9005 0.093651
9059 0.018553
9065 0.031312
9097 0.032115
9131 0.077334
9160 0.300176
9235 0.080041
9308 0.093651
9461 0.024670
9462 0.056137
9554 0.073061
9592 0.036625
9602 0.053933
9674 0.083356
9761 0.028566
9767 0.019394
9919 0.075922
9936 0.054994
10017 0.031765
10058 0.062220
10092 0.182034
10109 0.062766
10222 0.050314
10304 0.056137
10324 0.058036
10325 0.035253
10326 0.025031
10396 0.034682
10433 0.036000
10458 0.044427
10487 0.061244
10509 0.024109
10579 0.054994
10619 0.018087
10890 0.031832
10925 0.073061
11024 0.087629
11025 0.023306
11139 0.048790
11182 0.103946
11298 0.040426
11387 0.075044
11423 0.027930
11471 0.061865
11501 0.085778
11543 0.043134
11605 0.045089
11606 0.159404
