116

23 0.046670
99 0.049961
179 0.058144
186 0.133549
508 0.071007
715 0.125514
1053 0.045926
1112 0.245528
1356 0.111716
1494 0.214823
1788 0.097918
1956 0.079679
1991 0.048873
2010 0.401412
2024 0.093721
2167 0.097918
2335 0.083929
2421 0.090417
2455 0.039046
2763 0.034656
2884 0.088254
2921 0.078707
2922 0.333680
2939 0.089847
3179 0.070791
3275 0.028018
3316 0.056525
3351 0.050186
3384 0.061841
3473 0.035182
3489 0.128883
3492 0.031766
3546 0.044859
3573 0.036163
3605 0.061841
3761 0.054459
3841 0.021869
3850 0.034760
3885 0.117662
3891 0.180838
3951 0.064624
4420 0.077781
4566 0.037916
4613 0.041375
4708 0.031588
4769 0.052844
4832 0.070955
4834 0.096908
4842 0.074456
4969 0.052334
5023 0.049086
5035 0.081776
5042 0.071608
5093 0.097918
5509 0.091579
5542 0.088254
5601 0.238168
5692 0.069106
5795 0.053635
5833 0.022876
5885 0.032404
6082 0.088254
6291 0.036962
6627 0.052334
6710 0.139311
6806 0.093185
6809 0.097918
6874 0.068799
6968 0.058144
6975 0.064441
7001 0.062252
7062 0.047292
7120 0.038162
7788 0.024302
7847 0.042728
8070 0.074456
8245 0.047641
8294 0.169676
8404 0.047872
8455 0.039993
8513 0.144565
8702 0.060658
8737 0.117443
8785 0.077835
8826 0.056880
8829 0.059446
8893 0.067978
8919 0.174324
9031 0.081043
9120 0.097918
9130 0.035182
9138 0.030889
9197 0.069710
9370 0.140646
9510 0.091579
9520 0.069710
9669 0.106511
9767 0.012996
9820 0.176508
9974 0.284193
10040 0.075237
10085 0.047641
10254 0.076049
10276 0.074158
10290 0.088254
10363 0.072282
10521 0.056525
10672 0.091579
10898 0.066902
11047 0.097918
11054 0.125514
11135 0.118367
11340 0.045209
11375 0.036276
11376 0.021278
11459 0.076049
