281

5 0.037048
85 0.032712
99 0.027449
186 0.048914
198 0.029033
204 0.033117
404 0.013731
418 0.041528
421 0.050313
457 0.026735
475 0.033976
508 0.019506
552 0.050463
585 0.039341
632 0.074804
689 0.031944
771 0.029767
810 0.052508
827 0.089855
851 0.068957
857 0.029175
872 0.042247
897 0.021667
913 0.157045
917 0.014455
965 0.024272
1074 0.028212
1075 0.046922
1231 0.025745
1296 0.024551
1337 0.055256
1400 0.035153
1456 0.021381
1467 0.046922
1499 0.026507
1532 0.039250
1542 0.020501
1572 0.034666
1636 0.028081
1649 0.022186
1686 0.050313
1694 0.037972
1797 0.017702
1803 0.031580
1818 0.032913
1899 0.038983
1900 0.037972
1951 0.058936
1991 0.026851
2002 0.032131
2005 0.029175
2022 0.043242
2025 0.071850
2033 0.039341
2042 0.067951
2131 0.051281
2141 0.034666
2165 0.040742
2179 0.047676
2189 0.044336
2268 0.134083
2363 0.051490
2405 0.033326
2444 0.039712
2473 0.025851
2552 0.052568
2572 0.066788
2625 0.056942
2851 0.029467
2876 0.047676
3019 0.113885
3050 0.041781
3122 0.057811
3162 0.046216
3164 0.046216
3203 0.113861
3204 0.057229
3243 0.025232
3263 0.044336
3275 0.015393
3295 0.055256
3414 0.055903
3484 0.052508
3605 0.033976
3621 0.022652
3673 0.033976
3683 0.026968
3691 0.018704
3700 0.032322
3741 0.052508
3818 0.017752
3826 0.035404
3841 0.048059
3853 0.068957
3920 0.061377
4043 0.046216
4071 0.051281
4081 0.051356
4200 0.056942
4215 0.037703
4249 0.034201
4333 0.057229
4537 0.027952
4556 0.052508
4573 0.013696
4615 0.074694
4645 0.026735
4708 0.034709
4734 0.015599
4855 0.052508
5023 0.026968
5050 0.023822
5053 0.027206
5064 0.029767
5130 0.055256
5143 0.022731
5178 0.041932
5307 0.025958
5324 0.024457
5352 0.061377
5361 0.048487
5376 0.031761
5382 0.035925
5395 0.026065
5544 0.182211
5569 0.129254
5574 0.061377
5681 0.028891
5701 0.033538
5734 0.084957
5743 0.018871
5795 0.029467
5851 0.021311
5920 0.031055
6060 0.024457
6065 0.034201
6070 0.056111
6117 0.040493
6167 0.027952
6205 0.036756
6274 0.030232
6281 0.030392
6415 0.023389
6436 0.413522
6451 0.129046
6455 0.048487
6456 0.020307
6562 0.058936
6587 0.015682
6624 0.068957
6792 0.013084
6794 0.087551
6828 0.018060
6874 0.012599
6968 0.031944
7009 0.043242
7023 0.037347
7039 0.031580
7046 0.046216
7061 0.012045
7062 0.017322
7111 0.012568
7118 0.030786
7126 0.329585
7143 0.023221
7150 0.024646
7188 0.034666
7350 0.041781
7377 0.032131
7387 0.031761
7607 0.046216
7631 0.056942
7641 0.032571
7646 0.044336
7694 0.019565
7696 0.068957
7704 0.125695
7707 0.026851
7758 0.025033
7783 0.036472
7788 0.026703
7826 0.032712
7859 0.015181
7861 0.052654
7887 0.024457
7891 0.056942
7936 0.067076
7955 0.044336
7972 0.031580
7981 0.023305
7991 0.039341
8007 0.021103
8046 0.092155
8085 0.037972
8157 0.047293
8230 0.045553
8281 0.034431
8343 0.024838
8349 0.055256
8351 0.062110
8377 0.031580
8404 0.026301
8419 0.028752
8444 0.080987
8455 0.032958
8470 0.029033
8472 0.068957
8485 0.028081
8512 0.022035
8520 0.045553
8603 0.044928
8613 0.037972
8620 0.110513
8621 0.032322
8641 0.031580
8761 0.075259
8771 0.115906
8780 0.032515
8826 0.031250
9062 0.027086
9075 0.038299
9115 0.055647
9137 0.036472
9138 0.016971
9328 0.023055
9357 0.034666
9444 0.023647
9531 0.055256
9574 0.042733
9584 0.033755
9593 0.023910
9623 0.025033
9742 0.068957
9767 0.014280
9783 0.021887
9900 0.047676
9919 0.111806
9920 0.058936
9922 0.098724
9926 0.041781
9957 0.036195
10036 0.018539
10043 0.061377
10057 0.032712
10058 0.061085
10100 0.064523
10122 0.047676
10126 0.050313
10133 0.043775
10214 0.048487
10273 0.068957
10309 0.025033
10397 0.042622
10403 0.034666
10423 0.035202
10487 0.015032
10515 0.040906
10677 0.020764
10701 0.019807
10705 0.080987
10736 0.064523
10917 0.040493
10999 0.035153
11096 0.034666
11152 0.022494
11224 0.068957
11242 0.026395
11244 0.058936
11256 0.039250
11257 0.061771
11297 0.110513
11375 0.139508
11376 0.011690
11466 0.027952
11482 0.046216
11503 0.022263
11523 0.013557
11526 0.179333
11547 0.026174
11636 0.029320
11637 0.046779
