176

36 0.042869
77 0.061330
79 0.029871
93 0.083001
186 0.031461
259 0.044292
308 0.059316
318 0.026710
346 0.016412
465 0.057794
479 0.039304
512 0.044903
552 0.064915
559 0.098456
606 0.380989
632 0.032076
634 0.039948
637 0.041333
798 0.084677
860 0.073249
1141 0.085739
1400 0.045220
1465 0.089807
1507 0.043996
1548 0.044292
1614 0.067545
1705 0.063498
1796 0.047282
1807 0.030088
1857 0.069202
1859 0.019645
1952 0.097694
2005 0.075062
2046 0.032984
2062 0.086285
2084 0.032076
2141 0.044594
2154 0.021952
2268 0.073921
2638 0.068783
2736 0.075814
2737 0.098456
2948 0.172571
2950 0.090439
3095 0.019135
3165 0.049700
3203 0.018309
3236 0.031582
3263 0.057033
3289 0.043421
3351 0.070937
3436 0.221459
3483 0.069202
3495 0.037906
3533 0.044903
3535 0.032587
3550 0.044903
3567 0.023033
3621 0.029139
3841 0.015455
3850 0.024566
3951 0.045672
4148 0.031704
4636 0.088705
4670 0.052621
4708 0.022324
4849 0.045220
4914 0.098456
4931 0.078954
5006 0.088705
5012 0.053593
5032 0.046213
5036 0.050608
5081 0.033391
5093 0.069202
5100 0.022706
5112 0.031105
5194 0.196913
5325 0.100293
5368 0.053747
5394 0.016126
5613 0.063498
5620 0.044594
5692 0.024420
5719 0.076583
5743 0.024275
5751 0.122659
5880 0.027058
6023 0.045874
6071 0.040132
6129 0.063498
6165 0.058598
6281 0.039095
6283 0.139372
6285 0.115588
6627 0.073972
6806 0.043905
6874 0.016208
6878 0.041333
6934 0.046917
7061 0.030988
7062 0.022282
7086 0.088705
7111 0.016167
7174 0.098456
7217 0.025797
7288 0.056312
7310 0.100293
7445 0.062372
7493 0.052090
7532 0.040856
7641 0.041898
7660 0.050146
7669 0.177410
7735 0.759019
7859 0.009764
7861 0.045156
7877 0.052090
7899 0.086210
7918 0.050146
7929 0.049267
7972 0.040624
8010 0.048847
8030 0.054971
8104 0.044903
8271 0.059958
8343 0.031951
8358 0.063498
8414 0.062372
8445 0.051578
8469 0.083654
8476 0.055625
8499 0.025797
8513 0.051085
8529 0.034540
8539 0.021650
8573 0.088705
8605 0.023919
8784 0.060394
8785 0.137522
8826 0.057428
8919 0.073921
8931 0.043141
9051 0.072924
9052 0.027324
9059 0.017573
9132 0.023709
9328 0.029658
9537 0.057033
9623 0.032202
9646 0.039515
9767 0.036739
9951 0.047282
10010 0.068783
10057 0.042080
10058 0.039289
10093 0.053173
10096 0.048043
10254 0.053747
10258 0.137622
10327 0.045874
10331 0.057033
10521 0.119845
10619 0.034264
10621 0.145847
10677 0.053421
10892 0.039730
11054 0.088705
11193 0.050146
11210 0.027504
11256 0.050491
11376 0.030076
11443 0.030644
11505 0.046213
11523 0.017439
11566 0.045543
