310

33 0.047313
104 0.049561
106 0.041391
139 0.028300
185 0.034691
300 0.039369
404 0.012650
458 0.017334
467 0.056908
526 0.036939
577 0.089867
586 0.017334
600 0.045064
634 0.028610
637 0.029602
650 0.070513
771 0.027424
791 0.028000
857 0.053758
926 0.054297
1109 0.038493
1231 0.023719
1250 0.043228
1269 0.021785
1378 0.032159
1436 0.035594
1451 0.038081
1456 0.039396
1466 0.021090
1482 0.059444
1487 0.019442
1523 0.028300
1528 0.049561
1633 0.030137
1636 0.103482
1643 0.024215
1670 0.038493
1721 0.017334
1764 0.037306
1835 0.029956
1859 0.028138
1872 0.044405
1875 0.035594
1897 0.043228
1900 0.034983
1965 0.044670
1973 0.039369
1995 0.052978
2017 0.078738
2046 0.023622
2084 0.022972
2092 0.044670
2103 0.052460
2112 0.040846
2149 0.064771
2165 0.075070
2225 0.089340
2304 0.025751
2360 0.211538
2366 0.079676
2405 0.030702
2530 0.016639
2533 0.054297
2575 0.022193
2600 0.038081
2627 0.408331
2747 0.063529
2889 0.045476
2962 0.034131
3014 0.068916
3048 0.029094
3060 0.033097
3156 0.031938
3203 0.052449
3204 0.026362
3275 0.014181
3288 0.063529
3455 0.027565
3473 0.017807
3479 0.119514
3513 0.039838
3531 0.073217
3558 0.028000
3620 0.043228
3626 0.022446
3631 0.059444
3634 0.067725
3681 0.026879
3693 0.033346
3787 0.098563
3806 0.032385
3828 0.048375
3856 0.048375
3874 0.059444
3911 0.036939
4091 0.016079
4110 0.022532
4113 0.048375
4148 0.022706
4188 0.059444
4196 0.017030
4199 0.393692
4205 0.028454
4207 0.049561
4213 0.116376
4217 0.053234
4234 0.045476
4315 0.052624
4566 0.038382
4587 0.070513
4613 0.041884
4615 0.034407
4624 0.029430
4645 0.024631
4663 0.041304
4666 0.070513
4708 0.015988
4738 0.026565
4758 0.127058
4761 0.059444
4796 0.027424
4901 0.020942
4943 0.026565
4960 0.036244
4964 0.024525
4978 0.034691
5067 0.027012
5133 0.034983
5178 0.038631
5256 0.031098
5278 0.081693
5297 0.061796
5320 0.042180
5323 0.043923
5329 0.043923
5333 0.046353
5338 0.032854
5394 0.011549
5456 0.052460
5491 0.009394
5620 0.031938
5625 0.035594
5635 0.052460
5689 0.019442
5730 0.086456
5732 0.018248
5743 0.017385
5753 0.015085
5818 0.037686
5880 0.019378
5903 0.040846
5945 0.026489
5949 0.021317
6005 0.049561
6058 0.043923
6070 0.017231
6071 0.028742
6097 0.050804
6112 0.023273
6151 0.038081
6153 0.037306
6162 0.033601
6185 0.045476
6253 0.050907
6255 0.070513
6367 0.032617
6433 0.123158
6462 0.070513
6509 0.028149
6522 0.054297
6536 0.041967
6541 0.036586
6568 0.016783
6570 0.023154
6579 0.048375
6692 0.059444
6696 0.070513
6792 0.060270
6821 0.056545
6831 0.070513
6842 0.099123
6864 0.050606
6942 0.043923
7008 0.020370
7041 0.031938
7047 0.028149
7061 0.011097
7111 0.046314
7118 0.014181
7120 0.019316
7123 0.027012
7124 0.036244
7154 0.031938
7193 0.048375
7208 0.042578
7213 0.070513
7217 0.018475
7259 0.059444
7308 0.036244
7385 0.053584
7411 0.020724
7439 0.038081
7498 0.008247
7580 0.029094
7625 0.041967
7641 0.015003
7643 0.021866
7655 0.021393
7707 0.024737
7738 0.024737
7826 0.030137
7854 0.047313
7859 0.013986
7861 0.016170
7876 0.035914
7881 0.035914
7931 0.038493
7978 0.025517
8007 0.038883
8111 0.312176
8178 0.070513
8272 0.020510
8292 0.051982
8314 0.070513
8345 0.044670
8419 0.026489
8449 0.032385
8463 0.178215
8520 0.041967
8529 0.024737
8539 0.015505
8589 0.040846
8601 0.040846
8632 0.044670
8648 0.083934
8667 0.038081
8671 0.031721
8676 0.059444
8724 0.043923
8732 0.048375
8803 0.059444
8819 0.030137
8826 0.020564
8845 0.043923
8963 0.063529
8981 0.063529
9034 0.257493
9047 0.019253
9092 0.050907
9093 0.264337
9094 0.052460
9097 0.021785
9130 0.017807
9138 0.015635
9144 0.042941
9299 0.052460
9405 0.050907
9433 0.052460
9562 0.022794
9623 0.023062
9641 0.052460
9642 0.089332
9643 0.054295
9669 0.017970
9692 0.063529
9717 0.054297
9734 0.076985
9767 0.032890
9768 0.056545
9775 0.070513
9809 0.070513
9871 0.028149
9933 0.049908
9993 0.037686
10228 0.028149
10235 0.032617
10275 0.027424
10276 0.018768
10309 0.023062
10385 0.041391
10397 0.019633
10399 0.056545
10437 0.039369
10530 0.027012
10619 0.036808
10651 0.057221
10705 0.111918
10715 0.032854
10818 0.030137
10945 0.046353
10981 0.036586
11043 0.046353
11139 0.099291
11146 0.025175
11152 0.020724
11200 0.029261
11203 0.038081
11252 0.036939
11256 0.018080
11257 0.028454
11332 0.049772
11359 0.043228
11441 0.032159
11443 0.021946
11451 0.020510
11458 0.039658
11490 0.063529
11523 0.012490
11600 0.032654
11620 0.050351
