386

7 1.349218
30 2.194316
63 0.945992
79 1.844286
106 1.784142
194 0.723444
216 1.495346
308 0.915562
396 2.194316
398 1.376656
417 1.863323
437 3.039414
457 1.061691
458 0.747158
467 1.226501
526 4.776768
577 1.291226
586 1.494316
697 0.819306
757 3.476768
771 1.182082
857 2.317201
858 2.437354
859 4.272648
866 1.808965
934 1.808965
988 2.562293
990 2.680888
992 2.317201
1037 2.567079
1155 2.136324
1217 2.261263
1269 1.878087
1295 2.439740
1382 2.039414
1385 29.349265
1387 1.085172
1390 1.307020
1436 4.602792
1456 5.094495
1466 3.636321
1523 2.439740
1548 1.367316
1581 2.340444
1592 1.120336
1633 2.598103
1643 1.043779
1649 0.881052
1704 1.548052
1744 2.853261
1777 2.811891
1798 1.176091
1813 3.039414
1816 1.426630
1859 1.819334
1872 1.914041
1875 1.534264
1952 1.507935
1967 1.893286
1969 4.388632
1974 1.738384
2005 2.317201
2042 1.349218
2052 1.367316
2067 1.261263
2092 3.850942
2104 2.562293
2112 1.760661
2131 1.018225
2149 1.395961
2165 1.617930
2195 2.039414
2257 1.495346
2259 0.853261
2268 2.281982
2279 1.760661
2304 1.109995
2421 1.972671
2431 2.085172
2451 2.194316
2470 3.039414
2507 1.141348
2510 2.437354
2530 0.717195
2532 1.226501
2552 1.043779
2572 2.652234
2575 1.913257
2600 1.641474
2627 5.356794
2644 2.136324
2653 1.507935
2690 0.974956
2752 1.483112
2763 0.756113
2768 3.030091
2881 1.624441
2906 1.835294
2916 1.459631
2955 3.039414
2996 1.340444
3029 1.520900
3060 5.706521
3078 2.562293
3095 1.181416
3121 0.784142
3134 1.641474
3149 1.120336
3150 1.176091
3156 1.376656
3203 1.695594
3204 4.545297
3262 2.261263
3275 0.611279
3319 2.136324
3344 1.548052
3366 1.367316
3463 2.738384
3470 1.784142
3473 2.302718
3507 1.738384
3522 6.078828
3531 0.788994
3599 1.158601
3673 1.349218
3691 0.742749
3695 1.405946
3714 2.340444
3770 1.349218
3787 12.745483
3816 4.388632
3818 0.704960
3828 2.085172
3841 0.477121
3944 1.784142
3984 1.323411
4005 1.094931
4059 3.039414
4071 1.018225
4087 2.437354
4091 0.693061
4110 1.942457
4199 3.393983
4205 24.530015
4213 2.508169
4217 2.294639
4219 1.863323
4273 1.808965
4427 2.437354
4451 1.756092
4500 4.680888
4573 0.543870
4645 1.061691
4653 2.738384
4677 1.619181
4708 2.067498
4732 2.085172
4734 0.619458
4738 4.007825
4796 1.182082
4852 2.340444
4901 2.708081
4943 1.145093
5023 1.070931
5085 1.863323
5100 0.700958
5102 2.136324
5133 1.507935
5145 7.992086
5227 1.291226
5256 1.340444
5259 5.476768
5320 0.909080
5394 0.995670
5395 1.035093
5468 1.194316
5491 0.809874
5496 0.978716
5529 0.646717
5678 1.972671
5738 4.388632
5757 1.960233
5762 1.483112
5792 2.924868
5833 0.499085
5851 0.846290
5857 1.120336
6060 0.971228
6070 0.742749
6071 1.238917
6092 2.738384
6137 2.261263
6167 1.109995
6168 1.520900
6219 1.784142
6284 1.925471
6361 1.507935
6363 3.850942
6371 5.352425
6380 0.942504
6389 2.562293
6390 3.039414
6401 1.696991
6415 0.928824
6461 3.920466
6509 1.213339
6537 2.340444
6723 1.925471
6750 9.801164
6779 1.592256
6792 1.558758
6794 1.738384
6828 2.868779
6853 1.960233
6864 1.308809
6904 3.039414
6935 2.738384
6942 1.893286
6980 1.194316
7050 1.164353
7111 0.998169
7138 3.039414
7148 4.078828
7156 2.437354
7238 1.925471
7328 2.437354
7385 0.769901
7390 2.562293
7423 6.078828
7425 1.760661
7493 6.432201
7498 0.710934
7570 5.124586
7585 2.261263
7589 2.522526
7636 2.039414
7641 2.586869
7643 0.942504
7673 1.760661
7709 3.397893
7715 1.233234
7737 1.358173
7738 1.066286
7749 1.925471
7758 0.994091
7760 0.666502
7788 0.530212
7794 1.448350
7801 1.592256
7826 1.299051
7854 4.078828
7859 2.109988
7861 1.393983
7873 1.717195
7904 1.275986
7937 1.495346
7946 1.026577
7966 1.608050
8017 3.039414
8024 2.261263
8046 1.219870
8083 0.711035
8111 7.245649
8150 1.099895
8157 2.817131
8158 2.039414
8196 1.307020
8227 0.816698
8249 2.261263
8272 0.884078
8326 1.268562
8334 1.376656
8345 1.925471
8377 1.254084
8381 1.164353
8404 0.522218
8457 1.194316
8463 5.761397
8512 0.875061
8520 3.617930
8539 1.336693
8591 4.272648
8605 2.215152
8622 1.925471
8702 1.323411
8767 1.409921
8826 2.659241
8854 3.039414
8924 1.213339
8935 3.039414
8949 13.721630
8959 1.136324
9011 2.562293
9033 1.808965
9034 1.233234
9047 0.829899
9059 2.712422
9062 2.151253
9065 0.915562
9093 4.747545
9097 3.756174
9162 1.808965
9171 1.592256
9333 1.426630
9425 3.039414
9520 7.604501
9534 3.039414
9546 6.078828
9557 1.696991
9562 0.982509
9584 1.340444
9612 1.925471
9619 1.760661
9623 0.994091
9634 1.247022
9662 3.355373
9692 2.738384
9734 3.318406
9761 1.670588
9767 4.820167
9811 0.909080
9845 2.340444
9865 0.796376
9896 2.194316
9936 1.608050
9940 3.039414
9999 1.194316
10015 1.066286
10036 2.944872
10058 2.425779
10063 2.734633
10067 1.018225
10084 1.624441
10129 4.680888
10191 2.340444
10195 0.846290
10196 3.039414
10205 2.437354
10228 1.213339
10242 1.437354
10301 5.994064
10337 1.061691
10352 0.971228
10385 1.784142
10403 1.376656
10439 2.562293
10458 1.299051
10487 0.596934
10509 1.409921
10529 2.562293
10563 1.386202
10582 1.717195
10596 1.194316
10619 2.115476
10677 3.298281
10696 3.039414
10701 0.786561
10797 2.136324
10892 1.226501
10919 2.437354
11003 1.437354
11015 1.075626
11121 1.200163
11146 1.085172
11152 3.573144
11256 9.352113
11257 2.453002
11306 1.178330
11332 2.145395
11335 1.043779
11373 2.039414
11376 0.464226
11396 0.942504
11423 1.633395
11441 1.386202
11446 3.039414
11451 0.884078
11458 5.128336
11472 7.840931
11501 1.254084
11521 1.075626
11523 0.538355
11526 1.780390
11600 0.351885
11620 1.085172
11627 1.738384
