119

69 0.110576
71 0.041484
79 0.043567
111 0.115023
160 0.106835
165 0.088034
166 0.130082
188 0.052931
308 0.043256
313 0.068428
345 0.044043
346 0.119687
404 0.025761
423 0.117176
552 0.047339
665 0.059801
917 0.081361
1007 0.051965
1064 0.067402
1106 0.137659
1132 0.149502
1135 0.303208
1499 0.049733
1797 0.033211
1798 0.055565
1807 0.043883
1872 0.030143
1940 0.109329
2058 0.084998
2115 0.043567
2140 0.068961
2259 0.020156
2319 0.066907
2507 0.017975
2701 0.129376
2851 0.055286
2946 0.066907
3048 0.059250
3236 0.046062
3470 0.084293
3492 0.032744
3596 0.100932
3681 0.054739
3724 0.110576
3806 0.065953
4215 0.023580
4267 0.074507
4315 0.035723
4458 0.049314
4573 0.025695
5104 0.086709
5135 0.140274
5168 0.114650
5294 0.164262
5457 0.068428
5491 0.019131
5521 0.061751
5624 0.051965
5630 0.221151
5732 0.037162
5885 0.066803
6144 0.059934
6215 0.071856
6317 0.066423
6380 0.044529
6415 0.043883
6418 0.068961
6421 0.027908
6434 0.088034
6568 0.068359
6587 0.058847
6869 0.106835
6965 0.054206
7062 0.081246
7165 0.052685
7411 0.042204
7580 0.059250
7664 0.057021
7745 0.038100
7847 0.088085
7862 0.045367
7913 0.072487
7989 0.049522
8083 0.067186
8292 0.052931
8338 0.045028
8385 0.106835
8404 0.024672
8469 0.061005
8499 0.037625
8545 0.071243
8594 0.085466
8684 0.119868
8826 0.058631
8920 0.051499
9145 0.086709
9461 0.034081
9592 0.252984
9596 0.057325
9602 0.074507
9618 0.045367
9747 0.044694
9761 0.039464
9767 0.013396
9919 0.052442
9936 0.075973
10017 0.043883
10092 0.293389
10222 0.069508
10325 0.048701
10327 0.066907
10509 0.033306
10555 0.064600
10701 0.037162
10890 0.021987
11025 0.032197
11139 0.067402
11340 0.046600
11606 0.132128
