263

185 1.495346
194 1.446888
213 0.840757
304 1.104916
344 3.039414
345 4.661021
346 1.013319
404 0.545260
458 0.747158
466 1.835294
553 0.784142
563 3.039414
583 1.696991
612 1.577016
632 0.990196
636 2.039414
665 1.265748
934 1.808965
965 0.963867
1002 1.307020
1008 2.340444
1106 0.971228
1149 1.624441
1254 3.039414
1262 2.039414
1269 1.878087
1365 2.437354
1387 1.085172
1455 5.396872
1542 3.256419
1544 1.696991
1572 1.376656
1611 1.659203
1670 1.659203
1716 3.318406
1725 3.601695
1730 1.548052
1797 2.811818
1798 1.176091
1810 2.562293
1828 1.696991
1859 0.606445
1872 0.638014
2002 2.551972
2021 1.437354
2058 0.899535
2135 4.078828
2136 2.562293
2154 0.677686
2161 1.367316
2192 2.562293
2259 2.133151
2271 3.039414
2507 0.380449
2524 1.048188
2539 1.130929
2596 1.677686
2687 1.448350
2762 0.470040
2801 1.200565
2907 2.194316
2926 1.520900
2968 3.039414
2995 1.495346
2996 1.340444
3037 1.738384
3144 1.592256
3150 1.176091
3171 1.471212
3243 1.001988
3245 2.194316
3274 1.520900
3275 1.222559
3293 1.925471
3299 1.760661
3386 1.240074
3394 1.507935
3415 1.386202
3417 1.075626
3468 2.562293
3470 1.784142
3502 1.893286
3546 0.978716
3567 1.422069
3573 0.788994
3599 2.317201
3613 1.005990
3760 5.932446
3780 1.483112
3793 4.078828
3843 2.738384
3850 0.758381
3871 2.085172
4005 1.094931
4091 2.079183
4148 0.978716
4212 1.998021
4215 0.998169
4239 2.437354
4246 1.925471
4267 1.577016
4318 1.835294
4413 1.005990
4497 3.039414
4520 0.729784
4568 1.624441
4573 0.543870
4612 3.039414
4663 0.890195
4680 1.641474
4708 0.689166
4726 1.863323
4764 1.152923
4770 1.261263
4796 1.182082
4869 7.885081
4910 1.960233
4943 0.572546
4955 1.562293
4966 1.206905
5032 1.426630
5112 0.960233
5114 3.039414
5143 0.902694
5224 1.925471
5324 2.913685
5346 3.521321
5394 0.995670
5529 2.586869
5532 0.887126
5681 1.147320
5692 2.261570
5795 1.170182
5821 0.918840
5833 1.497254
5855 1.835294
5857 1.120336
5885 1.413951
6063 1.808965
6112 1.504785
6114 3.039414
6222 2.562293
6308 0.749380
6361 1.507935
6394 5.476768
6395 2.340444
6433 1.516762
6452 4.977609
6570 0.998021
6587 1.245547
6631 1.386202
6792 0.519586
6816 1.957433
6864 1.308809
6884 3.039414
6888 4.874708
6965 1.147320
6978 2.039414
7008 0.878046
7024 2.085172
7043 1.760661
7044 1.893286
7052 2.039414
7061 0.478313
7062 1.031797
7109 1.893286
7111 0.499085
7157 3.039414
7203 3.039414
7355 3.039414
7369 2.522526
7387 1.261263
7422 1.808965
7498 2.488269
7509 1.893286
7526 2.039414
7576 2.562293
7704 0.713078
7856 1.254084
7859 0.602854
7874 1.275986
7920 2.078828
7936 2.663688
7946 1.026577
7974 1.562293
7987 1.376656
8053 3.039414
8070 1.624441
8186 1.548052
8203 1.863323
8221 1.998021
8227 1.633395
8271 0.925471
8272 1.768156
8340 19.748845
8381 1.164353
8382 1.039414
8383 1.426630
8407 1.448350
8462 1.226501
8470 1.152923
8480 3.039414
8512 0.875061
8539 2.005039
8540 6.078828
8541 3.039414
8657 2.738384
8826 0.886414
8827 3.393983
8931 0.532719
9031 0.884078
9095 2.388632
9104 0.893286
9130 0.767573
9142 1.520900
9184 1.608050
9240 2.039414
9310 2.136324
9379 1.471212
9452 1.459631
9461 1.442702
9538 2.105285
9562 1.965019
9592 1.070931
9593 1.899018
9596 1.213339
9618 0.960233
9643 1.170182
9682 2.194316
9767 1.984775
10086 1.075626
10122 1.893286
10248 1.835294
10254 1.659203
10263 2.562293
10378 0.683388
10396 1.014108
10475 1.079454
10502 1.835294
10530 1.164353
10548 0.994091
10558 1.386202
10574 3.039414
10576 2.261263
10619 0.528869
10639 1.120336
10718 1.717195
10851 2.085172
10852 2.437354
10890 3.723063
11084 1.677686
11137 2.194316
11152 1.786572
11160 15.588617
11161 9.703411
11210 1.698165
11262 3.039414
11315 3.039414
11368 1.784142
11460 3.039414
11532 1.304049
11579 3.039414
11600 2.815081
