151

50 2.194316
56 2.261263
127 1.437354
248 1.760661
334 1.367316
346 2.533299
356 2.738384
404 0.545260
483 3.762253
623 2.039414
744 3.015870
765 6.078828
798 1.307020
992 2.317201
1132 0.632874
1378 1.386202
1422 4.680888
1464 2.919261
1574 1.760661
1592 2.240672
1798 1.176091
1818 1.307020
1886 1.863323
1940 0.578516
2046 1.018225
2057 1.659203
2135 2.039414
2259 0.426630
2421 0.986336
2456 2.738384
2501 1.784142
2507 0.380449
2519 1.315138
2618 1.164353
2627 0.765256
2633 1.094931
2651 0.784142
2730 2.437354
2847 3.039414
2884 1.925471
2979 2.738384
3071 2.340444
3185 1.624441
3203 2.825989
3236 10.724517
3249 4.388632
3386 1.240074
3414 2.219990
3454 2.194316
3472 2.562293
3735 1.483112
3764 6.078828
3818 0.704960
3982 1.893286
4043 1.835294
4063 1.094931
4071 1.018225
4344 1.893286
4451 0.878046
4562 1.577016
4663 4.450975
4729 2.401130
5064 1.182082
5141 3.248882
5176 1.437354
5177 1.182082
5178 0.832588
5333 3.996043
5491 0.404937
5532 0.887126
5678 0.986336
5683 1.507935
5692 0.753857
5734 0.562293
5749 0.967532
5809 2.136324
5900 1.039414
5931 1.677686
6098 4.874708
6112 0.501595
6144 1.268562
6147 3.039414
6380 1.885008
6596 1.760661
6728 2.085172
6878 1.275986
6909 2.241474
7008 0.878046
7143 0.922143
7222 2.437354
7385 6.159209
7411 1.786572
7479 2.437354
7532 1.261263
7595 1.367316
7641 2.586869
7704 0.713078
7758 0.994091
7841 2.738384
7861 0.696991
7873 1.717195
7931 1.659203
7961 1.960233
7981 1.850942
8007 0.838017
8104 1.386202
8245 1.039414
8272 0.884078
8348 1.534264
8352 0.854723
8463 0.960233
8482 2.087558
8613 1.507935
8619 1.275986
8826 1.950110
8829 0.648479
8931 0.532719
8979 2.738384
9059 1.627453
9106 1.696991
9461 0.721351
9669 1.549193
9670 2.437354
9671 1.592256
9672 1.893286
9677 1.268562
9767 0.567079
9860 1.784142
9950 1.315138
10158 2.738384
10247 2.136324
10251 1.182082
10309 0.994091
10378 1.366777
10397 0.846290
10401 1.022381
10415 1.659203
10677 2.473711
10890 1.396149
10892 1.226501
11025 0.681479
11031 2.896699
11194 1.014108
11235 2.562293
11320 1.001988
11376 0.464226
11415 2.340444
11469 5.476768
11600 0.351885
11605 0.659203
11651 3.039414
