166

33 0.078789
63 0.036547
106 0.068927
185 0.057770
318 0.031856
467 0.047384
577 0.149653
771 0.045668
857 0.044761
859 0.082533
917 0.022177
992 0.044761
1035 0.078789
1112 0.029564
1378 0.053554
1456 0.032803
1489 0.061514
1498 0.049296
1523 0.047128
1773 0.161114
1776 0.094163
1789 0.059274
1859 0.023429
1872 0.024649
1902 0.039178
2017 0.065560
2084 0.038255
2085 0.055955
2165 0.125012
2248 0.088222
2267 0.048177
2304 0.042883
2366 0.066341
2507 0.014698
2518 0.031856
2548 0.039660
2572 0.034155
2600 0.063416
2618 0.044983
2627 0.236515
2653 0.058257
2762 0.018159
2763 0.029211
2769 0.043081
2784 0.105793
2916 0.056390
3014 0.038255
3027 0.074387
3034 0.052471
3095 0.045642
3156 0.053185
3276 0.090419
3417 0.041555
3473 0.029654
3482 0.037379
3507 0.067160
3521 0.048450
3535 0.038865
3558 0.046627
3633 0.047128
3681 0.089521
3695 0.054316
3787 0.054711
4207 0.082533
4217 0.044325
4219 0.071986
4234 0.075730
4624 0.049009
4663 0.103174
4677 0.020851
4738 0.154836
4793 0.113676
4831 0.075730
4879 0.066341
4904 0.056838
4955 0.060357
4960 0.060357
5050 0.036547
5178 0.096497
5297 0.051454
5320 0.035121
5468 0.092281
5833 0.057844
5867 0.139773
5885 0.027313
5926 0.027004
5945 0.044111
5949 0.070996
6070 0.028695
6112 0.038757
6371 0.068927
6389 0.098990
6461 0.075730
6509 0.093751
6579 0.080557
6587 0.024060
6649 0.056838
6727 0.117423
6738 0.188326
6812 0.094768
6828 0.027708
6862 0.084774
6864 0.016855
6874 0.019330
6909 0.028865
7118 0.023616
7123 0.044983
7385 0.029744
7389 0.055116
7589 0.048727
7643 0.036412
7673 0.068020
7700 0.117423
7715 0.047644
7758 0.038405
7760 0.025749
7847 0.036014
7911 0.047908
7972 0.048450
8111 0.159956
8148 0.082533
8234 0.049296
8293 0.070904
8412 0.062124
8455 0.016855
8463 0.259679
8605 0.028526
8648 0.139773
8676 0.098990
8724 0.073144
8931 0.020581
9034 0.285864
9093 0.403510
9144 0.035754
9433 0.087360
9510 0.077190
9747 0.036547
9767 0.043816
9881 0.064815
9904 0.068927
10249 0.037237
10378 0.026402
10396 0.039178
10397 0.032695
10500 0.165347
10537 0.177821
10555 0.052824
10561 0.052471
10651 0.047644
10663 0.070904
10705 0.062124
10715 0.054711
10889 0.098990
10995 0.211586
11063 0.066341
11200 0.097454
11256 0.060217
11306 0.068284
11332 0.027628
11366 0.105648
11396 0.036412
11443 0.036547
11451 0.034155
11458 0.198125
11600 0.013595
11620 0.041924
