133

23 1.018225
71 0.878046
186 1.942457
213 0.840757
447 2.413810
504 2.437354
508 0.774596
808 1.483112
1053 1.001988
1091 1.998021
1112 6.122050
1336 3.216101
1444 1.459631
1494 1.562293
1527 2.194316
1656 4.874708
1797 0.702954
1831 0.767573
1956 1.738384
1991 1.066286
2010 5.838522
2091 1.219870
2167 2.136324
2421 1.972671
2536 1.367316
2763 0.756113
2922 4.853357
2939 1.960233
3179 0.772242
3489 2.811891
3492 1.386122
3573 1.577988
3605 1.349218
3627 2.508169
3761 1.188156
3841 0.477121
3846 2.136324
3850 0.758381
4131 1.784142
4550 1.291226
4613 0.902694
4677 0.539727
4708 0.689166
4834 2.114286
4943 0.572546
4969 2.283574
5023 1.070931
5042 1.562293
5071 1.998021
5084 1.577016
5093 2.136324
5378 2.738384
5542 1.925471
5568 3.039414
5588 3.039414
5601 5.196206
5612 1.677686
5795 1.170182
5833 0.499085
5885 0.706976
5912 2.261263
6017 2.437354
6061 3.039414
6082 1.925471
6112 0.501595
6317 0.702954
6568 2.893775
6627 1.141787
6806 0.677686
6874 1.501014
6909 0.747158
6968 1.268562
6980 1.194316
7001 1.358173
7061 0.478313
7062 1.375730
7111 0.499085
7118 0.611279
7559 2.261263
7788 0.530212
8243 1.495346
8245 1.039414
8294 2.776412
8295 1.358173
8352 0.854723
8381 1.164353
8387 0.854723
8404 0.522218
8419 1.141787
8455 1.308809
8688 2.194316
8784 0.932204
8785 2.547247
8826 1.063696
8829 0.648479
8893 2.966223
8931 0.266359
9019 1.057143
9025 2.085172
9026 2.039414
9120 6.408972
9132 0.731918
9138 0.673926
9197 1.520900
9242 0.753857
9370 3.068528
9669 0.774596
9767 0.283539
9820 1.925471
9910 2.562293
9974 7.440441
10036 0.736218
10069 1.592256
10085 1.039414
10094 2.085172
10254 1.659203
10335 2.738384
10363 1.577016
10521 1.233234
10528 1.893286
10672 1.998021
10898 1.459631
11047 2.136324
11135 2.582452
11156 3.039414
11271 2.437354
11349 1.283539
11366 4.101949
11375 0.791441
11459 1.659203
11509 2.039414
11523 1.076710
11557 1.893286
