281

5 1.471212
85 1.299051
99 1.090024
186 1.942457
198 1.152923
204 1.315138
404 0.545260
418 1.649141
421 1.998021
457 1.061691
475 1.349218
508 0.774596
552 2.003975
585 1.562293
632 2.970588
689 1.268562
771 1.182082
810 2.085172
827 3.568283
851 2.738384
857 1.158601
872 1.677686
897 0.860437
913 6.236485
917 0.574031
965 0.963867
1074 1.120336
1075 1.863323
1231 1.022381
1296 0.974956
1337 2.194316
1400 1.395961
1456 0.849082
1467 1.863323
1499 1.052642
1532 1.558685
1542 0.814105
1572 1.376656
1636 1.115135
1649 0.881052
1686 1.998021
1694 1.507935
1797 0.702954
1803 1.254084
1818 1.307020
1899 1.548052
1900 1.507935
1951 2.340444
1991 1.066286
2002 1.275986
2005 1.158601
2022 1.717195
2025 2.853261
2033 1.562293
2042 2.698436
2131 2.036450
2141 1.376656
2165 1.617930
2179 1.893286
2189 1.760661
2268 5.324624
2363 2.044762
2405 1.323411
2444 1.577016
2473 1.026577
2552 2.087558
2572 2.652234
2625 2.261263
2851 1.170182
2876 1.893286
3019 4.522526
3050 1.659203
3122 2.295769
3162 1.835294
3164 1.835294
3203 4.521583
3204 2.272648
3243 1.001988
3263 1.760661
3275 0.611279
3295 2.194316
3414 2.219990
3484 2.085172
3605 1.349218
3621 0.899535
3673 1.349218
3683 1.070931
3691 0.742749
3700 1.283539
3741 2.085172
3818 0.704960
3826 1.405946
3841 1.908485
3853 2.738384
3920 2.437354
4043 1.835294
4071 2.036450
4081 2.039414
4200 2.261263
4215 1.497254
4249 1.358173
4333 2.272648
4537 1.109995
4556 2.085172
4573 0.543870
4615 2.966223
4645 1.061691
4708 1.378332
4734 0.619458
4855 2.085172
5023 1.070931
5050 0.945992
5053 1.080373
5064 1.182082
5130 2.194316
5143 0.902694
5178 1.665176
5307 1.030814
5324 0.971228
5352 2.437354
5361 1.925471
5376 1.261263
5382 1.426630
5395 1.035093
5544 7.235861
5569 5.132884
5574 2.437354
5681 1.147320
5701 1.331844
5734 3.373757
5743 0.749380
5795 1.170182
5851 0.846290
5920 1.233234
6060 0.971228
6065 1.358173
6070 2.228247
6117 1.608050
6167 1.109995
6205 1.459631
6274 1.200565
6281 1.206905
6415 0.928824
6436 16.421568
6451 5.124586
6455 1.925471
6456 0.806418
6562 2.340444
6587 0.622774
6624 2.738384
6792 0.519586
6794 3.476768
6828 0.717195
6874 0.500338
6968 1.268562
7009 1.717195
7023 1.483112
7039 1.254084
7046 1.835294
7061 0.478313
7062 0.687865
7111 0.499085
7118 1.222559
7126 13.088320
7143 0.922143
7150 0.978716
7188 1.376656
7350 1.659203
7377 1.275986
7387 1.261263
7607 1.835294
7631 2.261263
7641 1.293434
7646 1.760661
7694 0.776963
7696 2.738384
7704 4.991548
7707 1.066286
7758 0.994091
7783 1.448350
7788 1.060423
7826 1.299051
7859 0.602854
7861 2.090974
7887 0.971228
7891 2.261263
7936 2.663688
7955 1.760661
7972 1.254084
7981 0.925471
7991 1.562293
8007 0.838017
8046 3.659611
8085 1.507935
8157 1.878087
8230 1.808965
8281 1.367316
8343 0.986336
8349 2.194316
8351 2.466468
8377 1.254084
8404 1.044436
8419 1.141787
8444 3.216101
8455 1.308809
8470 1.152923
8472 2.738384
8485 1.115135
8512 0.875061
8520 1.808965
8603 1.784142
8613 1.507935
8620 4.388632
8621 1.283539
8641 1.254084
8761 2.988632
8771 4.602792
8780 1.291226
8826 1.240979
9062 1.075626
9075 1.520900
9115 2.209831
9137 1.448350
9138 0.673926
9328 0.915562
9357 1.376656
9444 0.939044
9531 2.194316
9574 1.696991
9584 1.340444
9593 0.949509
9623 0.994091
9742 2.738384
9767 0.567079
9783 0.869152
9900 1.893286
9919 4.439981
9920 2.340444
9922 3.920466
9926 1.659203
9957 1.437354
10036 0.736218
10043 2.437354
10057 1.299051
10058 2.425779
10100 2.562293
10122 1.893286
10126 1.998021
10133 1.738384
10214 1.925471
10273 2.738384
10309 0.994091
10397 1.692579
10403 1.376656
10423 1.397940
10487 0.596934
10515 1.624441
10677 0.824570
10701 0.786561
10705 3.216101
10736 2.562293
10917 1.608050
10999 1.395961
11096 1.376656
11152 0.893286
11224 2.738384
11242 1.048188
11244 2.340444
11256 1.558685
11257 2.453002
11297 4.388632
11375 5.540086
11376 0.464226
11466 1.109995
11482 1.835294
11503 0.884078
11523 0.538355
11526 7.121560
11547 1.039414
11636 1.164353
11637 1.857649
