334

63 0.945992
101 2.437354
102 2.738384
104 2.136324
141 1.717195
191 1.659203
213 0.840757
304 1.104916
346 0.506660
434 1.808965
467 1.226501
526 1.592256
577 1.291226
594 1.784142
644 1.835294
659 1.784142
697 0.819306
723 1.893286
771 2.364163
791 1.206905
792 2.039414
857 1.158601
863 2.194316
897 0.860437
917 1.148063
930 1.548052
990 1.340444
1109 1.659203
1235 2.261263
1329 5.124586
1378 1.386202
1385 9.433692
1399 2.340444
1436 3.068528
1456 5.943577
1466 4.545402
1506 1.115135
1523 3.659611
1532 1.558685
1592 1.120336
1605 0.893286
1636 1.115135
1643 1.043779
1680 3.039414
1704 1.548052
1721 0.747158
1744 1.426630
1797 0.702954
1859 2.425779
1872 1.914041
1952 1.507935
1977 3.039414
2008 1.548052
2012 2.562293
2046 1.018225
2067 2.522526
2084 0.990196
2085 1.448350
2113 3.039414
2149 1.395961
2151 2.261263
2165 1.617930
2225 1.925471
2226 3.039414
2234 4.680888
2235 2.562293
2248 1.141787
2249 1.760661
2421 0.986336
2431 2.085172
2455 0.851893
2507 1.521797
2515 2.261263
2550 0.801368
2609 1.483112
2627 5.356794
2658 1.696991
2708 1.035093
2752 1.483112
2782 3.039414
2799 2.738384
2983 2.734633
2998 6.078828
3014 0.990196
3095 0.590708
3121 1.568283
3149 2.240672
3156 1.376656
3179 0.772242
3203 1.695594
3204 3.408972
3234 2.437354
3275 1.222559
3285 1.577016
3320 2.194316
3460 1.624441
3495 1.170182
3498 1.459631
3531 0.788994
3567 0.711035
3599 1.158601
3681 1.158601
3691 3.713745
3693 1.437354
3766 1.520900
3770 1.349218
3775 3.039414
3787 4.248494
3804 9.118242
3807 1.386202
3887 1.386202
3911 1.592256
3944 1.784142
4071 1.018225
4081 2.039414
4110 0.971228
4196 1.468125
4205 14.718009
4213 1.254084
4215 0.499085
4217 2.294639
4273 3.617930
4314 2.562293
4413 1.005990
4452 1.483112
4462 1.141787
4520 1.459568
4534 1.182082
4538 1.120336
4617 1.471212
4624 1.268562
4645 2.123381
4663 0.890195
4677 1.619181
4708 0.689166
4734 0.619458
4738 3.435279
4796 1.182082
4852 2.340444
4879 1.717195
4943 0.572546
5112 0.960233
5126 3.039414
5133 1.507935
5143 0.902694
5145 7.992086
5178 0.832588
5188 2.437354
5233 3.039414
5256 1.340444
5278 1.760661
5297 1.331844
5300 2.039414
5314 2.340444
5320 0.909080
5327 1.835294
5329 1.893286
5338 1.416165
5346 1.760661
5394 0.497835
5424 2.738384
5468 1.194316
5529 1.293434
5612 1.677686
5625 1.534264
5632 1.835294
5689 1.676034
5692 1.507714
5730 1.863323
5734 0.562293
5807 1.577016
5818 3.248882
5833 0.998169
5841 1.471212
5851 0.846290
5948 0.863323
5957 1.226501
6058 1.893286
6060 0.971228
6065 1.358173
6070 0.742749
6071 1.238917
6092 2.738384
6153 1.608050
6211 1.226501
6219 1.784142
6257 2.738384
6270 4.522526
6313 2.437354
6346 1.395961
6371 3.568283
6433 3.033523
6459 2.738384
6509 2.426679
6561 1.960233
6568 0.723444
6570 0.998021
6616 1.799070
6750 3.920466
6783 2.194316
6792 1.039172
6812 1.226501
6813 0.786561
6828 0.717195
6862 2.194316
6864 1.308809
6909 0.747158
6956 2.437354
7050 1.164353
7111 0.499085
7120 1.665176
7122 1.677686
7123 2.328706
7148 2.039414
7150 0.978716
7271 2.738384
7295 4.078828
7385 1.539802
7387 1.261263
7389 1.426630
7394 1.426630
7408 2.039414
7411 0.893286
7493 1.608050
7498 1.421868
7501 2.105285
7560 2.738384
7580 2.508169
7595 1.367316
7626 2.136324
7635 1.409921
7686 3.039414
7707 1.066286
7709 0.679579
7715 3.699702
7738 1.066286
7758 0.994091
7775 1.340444
7826 1.299051
7859 2.109988
7861 1.393983
7864 1.170182
7911 1.240074
7939 1.624441
7974 1.562293
8007 0.838017
8071 3.039414
8111 6.210556
8158 2.039414
8183 1.405946
8292 1.120336
8334 1.376656
8404 0.522218
8463 3.840931
8476 1.717195
8482 1.043779
8512 0.875061
8539 1.336693
8589 1.760661
8605 0.738384
8671 1.367316
8676 5.124586
8685 1.624441
8730 2.738384
8767 2.114881
8826 1.950110
8931 0.799078
8959 1.136324
8963 2.738384
9033 1.808965
9034 4.932937
9062 1.075626
9093 5.697054
9095 2.388632
9189 2.896699
9389 2.039414
9461 0.721351
9474 3.039414
9584 1.340444
9596 1.213339
9761 0.835294
9767 2.835393
9865 1.592752
9872 1.141787
9896 2.194316
9936 1.608050
9937 1.863323
9993 1.624441
9998 1.534264
9999 1.194316
10015 1.066286
10058 2.425779
10077 1.323411
10084 3.248882
10129 4.680888
10228 1.213339
10242 1.437354
10301 5.994064
10327 1.416165
10336 3.039414
10337 1.061691
10378 1.366777
10475 0.539727
10487 2.387737
10500 1.426630
10534 1.471212
10619 1.057738
10667 1.624441
10677 1.649141
10715 1.416165
10890 0.465383
11015 1.075626
11063 1.717195
11146 6.511030
11152 2.679858
11252 3.184512
11256 5.455399
11257 2.453002
11258 1.386202
11306 0.589165
11332 2.145395
11333 2.340444
11335 1.043779
11396 0.942504
11423 1.633395
11441 1.386202
11458 3.418891
11464 2.194316
11472 5.880699
11523 0.538355
11536 1.323411
11560 2.340444
11600 0.703770
11620 2.170343
