59

108 0.095865
198 0.094451
300 0.139023
577 0.105781
771 0.096840
857 0.094916
875 0.093539
992 0.094916
1109 0.135927
1523 0.099936
1773 0.170824
1807 0.076092
1859 0.049682
2084 0.081120
2165 0.066273
2225 0.157741
2405 0.108418
2627 0.376153
3203 0.046303
3473 0.062882
3479 0.140678
3911 0.130443
4110 0.079566
4217 0.093992
4624 0.103925
4663 0.145855
4738 0.046905
4943 0.046905
4960 0.255976
4964 0.086605
5278 0.144239
5320 0.074475
5329 0.155104
5689 0.068653
5730 0.152649
6071 0.050748
6433 0.062129
6509 0.099401
6570 0.081761
6864 0.071481
7788 0.043437
7859 0.024694
8111 0.254394
8457 0.097842
8463 0.314661
8589 0.144239
8648 0.148196
8671 0.112015
9034 0.404122
9093 0.233360
9130 0.062882
9643 0.095865
9734 0.135927
9872 0.093539
10437 0.139023
11200 0.103327
11441 0.113562
11600 0.028828
11620 0.088901
