303

5 0.037357
63 0.024020
108 0.029713
138 0.051784
146 0.049774
250 0.065061
345 0.023670
373 0.037063
438 0.041248
455 0.019142
467 0.031143
512 0.070396
526 0.080861
577 0.032787
604 0.037970
644 0.046601
659 0.090605
670 0.077176
771 0.180091
818 0.077176
857 0.088257
866 0.045933
988 0.065061
990 0.034036
992 0.058838
1002 0.033188
1167 0.037063
1239 0.061889
1385 0.266154
1455 0.034259
1456 0.043120
1465 0.070396
1466 0.115416
1484 0.041680
1496 0.057418
1523 0.092924
1539 0.069533
1548 0.138875
1637 0.046601
1659 0.050733
1700 0.045933
1704 0.039308
1722 0.065061
1750 0.090605
1798 0.029863
1807 0.023585
1859 0.107791
1872 0.032401
1875 0.038958
1902 0.025750
1952 0.038289
2028 0.039308
2084 0.075429
2085 0.036776
2092 0.048891
2165 0.041082
2213 0.047313
2248 0.028992
2259 0.010833
2304 0.028185
2363 0.025960
2366 0.043603
2421 0.025045
2446 0.044706
2499 0.033188
2507 0.009660
2539 0.028716
2548 0.052133
2550 0.020348
2627 0.077725
2690 0.049512
2752 0.037659
2926 0.077237
2930 0.077176
2967 0.037063
2996 0.034036
3123 0.055718
3156 0.069912
3171 0.037357
3179 0.019609
3203 0.114811
3204 0.028853
3212 0.069533
3275 0.015522
3287 0.041680
3299 0.044706
3319 0.054245
3417 0.027312
3446 0.052946
3460 0.041248
3479 0.043603
3480 0.104867
3531 0.020034
3546 0.024851
3590 0.055718
3598 0.038958
3601 0.055718
3605 0.034259
3621 0.022841
3626 0.024567
3634 0.037063
3637 0.028853
3661 0.045933
3681 0.088257
3693 0.036497
3787 0.179795
3800 0.077176
3841 0.012115
3899 0.055718
4005 0.027802
4110 0.024661
4147 0.049774
4196 0.018639
4199 0.086179
4205 0.404860
4215 0.012673
4217 0.174795
4266 0.026729
4273 0.045933
4278 0.038958
4413 0.025544
4427 0.123778
4490 0.059428
4560 0.069533
4565 0.069533
4566 0.021005
4613 0.022921
4624 0.032211
4645 0.080875
4663 0.045207
4708 0.017499
4738 0.029076
4879 0.043603
4943 0.014538
4960 0.039669
4964 0.026843
5075 0.045933
5145 0.152200
5178 0.042282
5320 0.023083
5324 0.024661
5338 0.035959
5394 0.025282
5491 0.010282
5678 0.025045
5689 0.021279
5730 0.047313
5732 0.019972
5749 0.049135
5753 0.016511
5758 0.030975
5763 0.044706
5818 0.082495
5833 0.012673
5902 0.034259
5903 0.044706
5945 0.028992
5962 0.034259
6070 0.037720
6071 0.015729
6112 0.025473
6137 0.057418
6160 0.059428
6242 0.039669
6284 0.048891
6308 0.019028
6361 0.038289
6363 0.048891
6371 0.135908
6382 0.089413
6433 0.057770
6509 0.092427
6559 0.025342
6570 0.025342
6711 0.065061
6750 0.149322
6792 0.026386
6814 0.030975
6828 0.018211
6864 0.077544
6941 0.045933
6965 0.029133
6979 0.061889
7008 0.022295
7047 0.030809
7070 0.052946
7123 0.029565
7142 0.059428
7148 0.103569
7188 0.034956
7385 0.058648
7460 0.025143
7493 0.040831
7498 0.009026
7501 0.026729
7580 0.031844
7635 0.017900
7641 0.016421
7643 0.023932
7715 0.125256
7737 0.034487
7738 0.054150
7753 0.050733
7756 0.041680
7760 0.050771
7775 0.034036
7826 0.032985
7859 0.061230
7861 0.035396
7873 0.043603
7946 0.052133
7966 0.040831
7974 0.039669
7976 0.069533
8111 0.052566
8128 0.030015
8150 0.027928
8158 0.051784
8183 0.035700
8234 0.032400
8272 0.022448
8345 0.048891
8404 0.013260
8417 0.046601
8449 0.035446
8463 0.195057
8485 0.028315
8512 0.044439
8539 0.016971
8589 0.044706
8627 0.065061
8671 0.034719
8677 0.034487
8750 0.051784
8767 0.017900
8808 0.043090
8819 0.032985
8826 0.022508
8871 0.030169
8939 0.030809
8971 0.033188
9034 0.062628
9059 0.013775
9093 0.144659
9142 0.038618
9153 0.054245
9268 0.045303
9520 0.038618
9562 0.024948
9584 0.034036
9593 0.048220
9623 0.025242
9653 0.045303
9664 0.050733
9767 0.050397
9774 0.024291
9842 0.048074
10000 0.036776
10015 0.027075
10080 0.038289
10111 0.045933
10129 0.059428
10235 0.035700
10242 0.036497
10276 0.020541
10300 0.077176
10301 0.101467
10337 0.134791
10397 0.021489
10401 0.025960
10412 0.045933
10433 0.026729
10438 0.050733
10487 0.015157
10529 0.065061
10548 0.025242
10668 0.077176
10677 0.041875
10701 0.019972
10821 0.077176
10890 0.023634
10981 0.040043
11015 0.027312
11043 0.050733
11146 0.110218
11152 0.022682
11200 0.032026
11256 0.197889
11257 0.155716
11332 0.036317
11340 0.025045
11349 0.032591
11365 0.048074
11396 0.047864
11405 0.065061
11441 0.035198
11443 0.048041
11456 0.039308
11458 0.108515
11472 0.149322
11502 0.025750
11600 0.026805
11620 0.055109
