59

108 1.170182
198 1.152923
300 1.696991
577 1.291226
771 1.182082
857 1.158601
875 1.141787
1109 1.659203
1523 1.219870
1773 2.085172
1807 0.928824
1859 0.606445
2084 0.990196
2165 0.808965
2225 1.925471
2267 1.247022
2405 1.323411
2627 4.591538
3203 0.565198
3473 0.767573
3479 1.717195
3911 1.592256
4110 0.971228
4217 1.147320
4624 1.268562
4663 1.780390
4738 0.572546
4943 0.572546
4960 3.124586
4964 1.057143
5278 1.760661
5320 0.909080
5329 1.893286
5689 0.838017
5730 1.863323
6071 0.619458
6433 0.758381
6509 1.213339
6570 0.998021
6864 0.872539
7788 0.530212
7859 0.301427
8111 3.105278
8457 1.194316
8463 3.840931
8589 1.760661
8648 1.808965
8671 1.367316
9034 4.932937
9093 2.848527
9130 0.767573
9144 0.925471
9643 1.170182
9734 1.659203
10437 1.696991
11200 1.261263
11441 1.386202
11600 0.351885
11620 1.085172
