117

33 0.103006
71 0.044348
185 0.151053
194 0.036539
204 0.132849
434 0.091367
577 0.065217
771 0.059704
923 0.107901
1235 0.114211
1262 0.103006
1308 0.123105
1378 0.070014
1523 0.061613
1677 0.085711
1773 0.105317
1859 0.030630
1938 0.138309
2095 0.110830
2103 0.114211
2165 0.081718
2225 0.097251
2242 0.153514
2600 0.082907
2627 0.347862
2962 0.074307
2975 0.138309
3060 0.072056
3156 0.069532
3787 0.071527
4129 0.123105
4207 0.107901
4211 0.046079
4234 0.099007
4451 0.044348
4462 0.115338
4624 0.064072
4663 0.044962
4738 0.028918
4740 0.153514
4796 0.059704
4821 0.153514
4901 0.045593
4960 0.078908
4968 0.118210
5060 0.092696
5178 0.084104
5278 0.088927
5320 0.045915
5329 0.095625
5394 0.025144
5491 0.020452
5792 0.049243
5866 0.153514
5981 0.258831
6019 0.107901
6112 0.025334
6240 0.073153
6371 0.090113
6433 0.038304
6461 0.099007
6509 0.061283
6570 0.050408
6579 0.105317
6862 0.110830
6864 0.044070
6909 0.037737
6926 0.138309
7118 0.061749
7411 0.045118
7498 0.017954
7550 0.164093
7589 0.127407
7715 0.124575
7760 0.033663
7854 0.103006
7859 0.030449
7862 0.096998
7911 0.062633
7939 0.082047
8111 0.156840
8463 0.290995
8520 0.182733
8529 0.107711
8583 0.136292
8648 0.091367
8653 0.054567
8667 0.082907
8671 0.069060
8702 0.066842
8724 0.095625
8826 0.017908
8931 0.013453
9034 0.311439
9093 0.335702
9405 0.110830
9500 0.153514
9641 0.114211
9643 0.059103
9679 0.076817
9755 0.077492
9767 0.028642
10309 0.050209
10310 0.153514
10352 0.049054
10437 0.342844
10507 0.051638
10555 0.069060
10651 0.124575
11121 0.090926
11200 0.063703
11256 0.039363
11332 0.036120
11376 0.023447
11458 0.043170
11600 0.017773
11620 0.054809
