147

22 0.071849
23 0.047683
122 0.045833
141 0.080415
173 0.074564
292 0.052221
553 0.036721
598 0.155399
697 0.038368
831 0.038368
992 0.054256
1110 0.105893
1197 0.070026
1250 0.087258
1269 0.043975
1275 0.120934
1289 0.142334
1466 0.085143
1489 0.074564
1523 0.114251
1542 0.038124
1592 0.104929
1611 0.077699
1617 0.060467
1760 0.070616
1835 0.060467
1859 0.085198
1886 0.174516
1974 0.081407
2016 0.085946
2112 0.082450
2130 0.109601
2131 0.047683
2154 0.031736
2220 0.076071
2278 0.114251
2279 0.082450
2463 0.083550
2507 0.017816
2530 0.033586
2690 0.045657
2954 0.087628
2967 0.205060
2975 0.128237
3203 0.132339
3275 0.028626
3479 0.080415
3535 0.094220
3539 0.078565
3661 0.169425
3783 0.068896
4084 0.142334
4179 0.069453
4196 0.034376
4205 0.057436
4251 0.128237
4286 0.082450
4377 0.071223
4623 0.143697
4624 0.356435
4738 0.080436
4796 0.055356
4943 0.026812
5018 0.102758
5063 0.087258
5141 0.076071
5241 0.079469
5345 0.068896
5394 0.023313
5452 0.238407
5529 0.030285
5797 0.049933
5818 0.076071
5833 0.023372
5872 0.142334
5885 0.033107
5926 0.065465
5949 0.043029
6058 0.088661
6112 0.023489
6228 0.100043
6433 0.071029
6570 0.093473
6828 0.033586
6864 0.020430
6874 0.023430
7008 0.041118
7041 0.064468
7082 0.053728
7118 0.028626
7122 0.078565
7385 0.036054
7389 0.066808
7404 0.052711
7498 0.016646
7788 0.049659
7859 0.014116
7862 0.044967
7911 0.058072
8083 0.066594
8104 0.064915
8105 0.142334
8111 0.048473
8150 0.051507
8237 0.054799
8455 0.020430
8470 0.053991
8671 0.064030
8767 0.066026
8931 0.024947
9047 0.038864
9093 0.400183
9130 0.071890
9171 0.074564
9214 0.119990
9326 0.076869
9557 0.079469
9579 0.061587
9642 0.060107
9655 0.109601
9672 0.088661
9761 0.039116
9767 0.053112
9889 0.097647
9933 0.050371
10141 0.073851
10228 0.056820
10261 0.119990
10279 0.094220
10309 0.046553
10352 0.045482
10378 0.192016
10419 0.119990
10507 0.047877
10617 0.087258
10701 0.036834
11121 0.028101
11146 0.050818
11256 0.072992
11295 0.113640
11332 0.066978
11415 0.109601
11423 0.114736
11501 0.117456
11502 0.047490
11523 0.025211
11600 0.049436
