111

63 0.945992
204 1.315138
213 0.840757
308 0.915562
457 4.246762
467 2.453002
512 1.386202
577 1.291226
586 0.747158
754 2.340444
771 1.182082
907 2.562293
1140 1.808965
1155 2.136324
1385 2.096376
1456 0.849082
1466 0.909080
1523 4.879481
1767 1.808965
1787 2.136324
1827 4.874708
1872 1.276027
2085 1.448350
2181 1.738384
2268 1.521321
2304 1.109995
2601 1.507935
2627 6.122050
2638 1.061691
3122 0.765256
3203 0.565198
3410 2.738384
3499 9.047611
3511 2.738384
3573 0.788994
3599 1.158601
3685 4.312062
3887 1.386202
3917 1.206905
4110 0.971228
4205 3.679502
4213 2.508169
4217 1.147320
4249 1.358173
4550 1.291226
4613 0.902694
4734 0.619458
5014 2.562293
5256 1.340444
5320 0.909080
5324 0.971228
5363 2.480147
5491 0.404937
5618 3.039414
5689 0.838017
5719 2.364163
5753 1.300496
5851 0.846290
5920 1.233234
5957 3.679502
6112 0.501595
6466 1.075626
6509 3.640018
6864 0.436270
6942 3.786572
7118 1.222559
7143 1.844286
7282 1.835294
7283 1.608050
7498 0.355467
7501 1.052642
7524 2.136324
7635 0.704960
7643 0.942504
7715 4.932937
7826 1.299051
7859 0.301427
8111 1.035093
8203 1.863323
8404 0.522218
8463 4.801164
8469 2.582452
8529 1.066286
8605 0.738384
8677 1.358173
8761 1.494316
8767 0.704960
8826 0.531848
9034 1.233234
9052 0.843514
9062 2.151253
9093 3.798036
9130 0.767573
9271 1.835294
9747 0.945992
9767 2.835393
9783 0.869152
9863 1.219870
9999 1.194316
10337 1.061691
10705 1.608050
10745 1.659203
10857 2.437354
11013 2.136324
11146 1.085172
11256 6.234742
11257 2.453002
11441 1.386202
11451 0.884078
11456 1.548052
11458 0.854723
