245

22 0.037646
43 0.053841
185 0.036691
194 0.017751
300 0.124915
318 0.020232
388 0.057427
434 0.044386
457 0.026050
508 0.038012
577 0.031682
604 0.036691
771 0.058009
792 0.050040
857 0.028428
859 0.052418
1033 0.050040
1035 0.050040
1037 0.031494
1109 0.040711
1207 0.055484
1269 0.023041
1436 0.037646
1451 0.040276
1456 0.020834
1466 0.022306
1498 0.031308
1523 0.029932
1528 0.052418
1536 0.057427
1548 0.033549
1643 0.025611
1649 0.021618
1670 0.040711
1853 0.041638
1859 0.014880
1872 0.062619
1875 0.037646
1902 0.024883
1908 0.119609
1995 0.028016
2016 0.045032
2017 0.041638
2021 0.035268
2046 0.024984
2095 0.053841
2131 0.024984
2149 0.068504
2165 0.099246
2225 0.094489
2248 0.028016
2475 0.043201
2507 0.028005
2530 0.035195
2572 0.151846
2575 0.023472
2600 0.080553
2609 0.036391
2627 0.394313
2762 0.023066
2907 0.053841
2962 0.036099
3014 0.024296
3123 0.107682
3131 0.037000
3132 0.048098
3134 0.040276
3203 0.083208
3285 0.038695
3360 0.059804
3386 0.030427
3429 0.059804
3473 0.037667
3498 0.035814
3507 0.127962
3573 0.019359
3621 0.022072
3633 0.059863
3634 0.035814
3691 0.018225
3693 0.035268
3765 0.059804
3787 0.034748
3818 0.017297
3887 0.068025
3911 0.078137
4071 0.049968
4110 0.023831
4213 0.061542
4217 0.028151
4315 0.018552
4413 0.024684
4440 0.057427
4520 0.053719
4534 0.029004
4550 0.063365
4566 0.081189
4573 0.013345
4623 0.037646
4624 0.031126
4663 0.021842
4732 0.051163
4734 0.045598
4738 0.098339
4764 0.028289
4901 0.022149
4904 0.036099
4960 0.076667
4964 0.051877
5133 0.037000
5278 0.043201
5307 0.025293
5320 0.022306
5329 0.046455
5363 0.030427
5456 0.055484
5460 0.030598
5625 0.037646
5657 0.069496
5689 0.041124
5708 0.055484
5719 0.029004
5730 0.045720
5749 0.023740
5753 0.031910
5805 0.057427
5851 0.020765
5945 0.028016
5948 0.042366
5957 0.060188
5959 0.059804
6019 0.052418
6070 0.018225
6112 0.012307
6151 0.040276
6194 0.052418
6220 0.034748
6228 0.052418
6433 0.037216
6509 0.029771
6570 0.024488
6662 0.057427
6826 0.110968
6828 0.017598
6858 0.027749
6864 0.042818
6965 0.028151
6969 0.059804
7061 0.011736
7062 0.008439
7080 0.047245
7088 0.059804
7111 0.036738
7118 0.044996
7143 0.022626
7217 0.019540
7283 0.039456
7385 0.075563
7428 0.031874
7501 0.025828
7589 0.030947
7592 0.050040
7664 0.029613
7676 0.057427
7709 0.016675
7715 0.060519
7783 0.071075
7826 0.031874
7885 0.045720
7946 0.025189
8007 0.020562
8111 0.152386
8237 0.028712
8268 0.055484
8292 0.027489
8326 0.031126
8345 0.047245
8457 0.029305
8463 0.376974
8521 0.053841
8529 0.130815
8539 0.016399
8589 0.043201
8629 0.035005
8648 0.133158
8671 0.033549
8685 0.039858
8724 0.139365
8767 0.051892
8777 0.047245
8826 0.004350
8989 0.036099
9034 0.393373
9093 0.139787
9097 0.023041
9130 0.037667
9144 0.022708
9196 0.046455
9270 0.052785
9543 0.045720
9584 0.032890
9690 0.039069
9767 0.013914
9798 0.045720
9998 0.037646
10000 0.035538
10067 0.024984
10125 0.035538
10133 0.042654
10200 0.045720
10235 0.034497
10276 0.019849
10309 0.048783
10327 0.034748
10385 0.043777
10454 0.041165
10509 0.017297
10677 0.040464
10701 0.019300
10705 0.039456
10706 0.053841
10715 0.034748
10813 0.046455
10856 0.047245
10903 0.037984
10981 0.038695
11031 0.035538
11043 0.049025
11045 0.137159
11097 0.051163
11152 0.043836
11200 0.061894
11256 0.114735
11258 0.034013
11267 0.036691
11332 0.017547
11335 0.025611
11357 0.051163
11375 0.019419
11396 0.023126
11451 0.021692
11458 0.062916
11503 0.065077
11600 0.017268
11620 0.026626
