359

22 0.024530
33 0.032607
43 0.035083
123 0.023337
185 0.023908
194 0.011567
300 0.108528
318 0.013183
388 0.037420
434 0.028922
455 0.012053
457 0.016975
467 0.019610
508 0.024769
577 0.041289
604 0.023908
647 0.037420
771 0.037799
792 0.032607
857 0.018524
859 0.034156
866 0.028922
876 0.024751
960 0.017048
990 0.021431
1033 0.032607
1035 0.032607
1037 0.020522
1109 0.026528
1207 0.036154
1269 0.015014
1363 0.035083
1378 0.022163
1436 0.024530
1451 0.026244
1456 0.013575
1466 0.014535
1498 0.040802
1523 0.019504
1528 0.102468
1536 0.037420
1548 0.043722
1649 0.014086
1670 0.026528
1704 0.024751
1744 0.022809
1831 0.012272
1859 0.029088
1872 0.040803
1875 0.024530
1902 0.016214
1908 0.077938
1993 0.029791
1995 0.018255
2016 0.029343
2017 0.027132
2021 0.022981
2046 0.032559
2092 0.061570
2095 0.035083
2103 0.036154
2131 0.016280
2149 0.066957
2165 0.064670
2181 0.027794
2225 0.061570
2248 0.018255
2259 0.006821
2446 0.028150
2473 0.016413
2475 0.028150
2493 0.031945
2507 0.018248
2511 0.033338
2530 0.022933
2539 0.018082
2572 0.141348
2575 0.015295
2600 0.052489
2609 0.023712
2627 0.403758
2651 0.012537
2752 0.023712
2762 0.015030
2916 0.046674
2962 0.023522
3014 0.015831
3080 0.077938
3123 0.035083
3131 0.024109
3132 0.031341
3134 0.026244
3179 0.024694
3203 0.072292
3218 0.024530
3237 0.033338
3275 0.019547
3285 0.025214
3360 0.038969
3386 0.019827
3429 0.038969
3473 0.024544
3498 0.023337
3507 0.055587
3558 0.038593
3565 0.038969
3573 0.012615
3598 0.024530
3605 0.021572
3621 0.014382
3632 0.033338
3633 0.039007
3634 0.023337
3637 0.018168
3691 0.023750
3693 0.022981
3765 0.038969
3787 0.045284
3838 0.040967
3883 0.029343
3887 0.044326
3911 0.050915
3946 0.074839
4005 0.017506
4071 0.016280
4087 0.038969
4110 0.031056
4205 0.019610
4207 0.034156
4213 0.060152
4217 0.036687
4234 0.031341
4235 0.040967
4315 0.012089
4322 0.040967
4413 0.016084
4440 0.037420
4490 0.037420
4520 0.035004
4534 0.037799
4550 0.041289
4552 0.024751
4566 0.052904
4573 0.008696
4624 0.020282
4663 0.014233
4708 0.011019
4732 0.033338
4734 0.029712
4738 0.073232
4764 0.018433
4879 0.027455
4901 0.014432
4904 0.023522
4948 0.036154
4960 0.124892
4964 0.033804
5074 0.031945
5112 0.015352
5133 0.024109
5171 0.053646
5177 0.018899
5270 0.022319
5278 0.028150
5306 0.038969
5307 0.016481
5313 0.040967
5320 0.043604
5323 0.030270
5329 0.030270
5338 0.022642
5363 0.019827
5456 0.036154
5460 0.019938
5516 0.040967
5625 0.024530
5657 0.022642
5689 0.026797
5708 0.036154
5719 0.037799
5730 0.059582
5734 0.017980
5743 0.011981
5749 0.030938
5753 0.010396
5805 0.037420
5818 0.025972
5851 0.013531
5926 0.011175
5945 0.018255
5948 0.041409
5957 0.039219
5959 0.038969
6019 0.068312
6070 0.011875
6097 0.017506
6112 0.016039
6151 0.026244
6167 0.017747
6194 0.034156
6219 0.028525
6228 0.034156
6253 0.035083
6367 0.022479
6371 0.028525
6420 0.040967
6433 0.024250
6461 0.062681
6463 0.023157
6509 0.038798
6570 0.015957
6579 0.033338
6662 0.037420
6826 0.072307
6828 0.011467
6838 0.017912
6842 0.034156
6858 0.018082
6864 0.027901
6876 0.038969
6909 0.023891
6950 0.036154
6960 0.038798
6965 0.018344
6969 0.038969
7052 0.032607
7061 0.007647
7062 0.005499
7080 0.061570
7088 0.038969
7111 0.015959
7118 0.068413
7143 0.014743
7217 0.012733
7283 0.025710
7287 0.033338
7385 0.061547
7428 0.020770
7493 0.051420
7498 0.005683
7501 0.016830
7589 0.020165
7591 0.037420
7592 0.032607
7664 0.019296
7676 0.037420
7709 0.021731
7715 0.039434
7783 0.046313
7826 0.020770
7852 0.040967
7859 0.019277
7885 0.059582
7946 0.016413
8007 0.013398
8083 0.011368
8111 0.148944
8175 0.023157
8237 0.018709
8292 0.017912
8326 0.040564
8345 0.030785
8455 0.006975
8457 0.019095
8463 0.383811
8512 0.027981
8521 0.070166
8529 0.119336
8539 0.021371
8589 0.056300
8621 0.020522
8629 0.022809
8648 0.057844
8653 0.017273
8667 0.026244
8671 0.021861
8685 0.025972
8724 0.121081
8732 0.033338
8767 0.056355
8777 0.030785
8826 0.017007
8869 0.034156
8901 0.036154
8931 0.004259
8974 0.040967
8989 0.023522
9034 0.433779
9092 0.035083
9093 0.212534
9097 0.015014
9130 0.024544
9144 0.014797
9196 0.030270
9270 0.017197
9283 0.029343
9314 0.038969
9354 0.040967
9379 0.023522
9405 0.035083
9584 0.021431
9593 0.015181
9640 0.040967
9690 0.025457
9767 0.040800
9825 0.032607
9871 0.019399
9998 0.049060
10000 0.023157
10015 0.017048
10067 0.032559
10108 0.036154
10125 0.023157
10200 0.029791
10235 0.022479
10275 0.018899
10276 0.025868
10309 0.031788
10327 0.022642
10385 0.028525
10454 0.026823
10509 0.022542
10537 0.024530
10555 0.021861
10677 0.039550
10701 0.037727
10705 0.025710
10706 0.035083
10715 0.022642
10813 0.030270
10856 0.030785
10903 0.024751
10945 0.031945
10956 0.040967
10962 0.029791
10981 0.025214
11031 0.023157
11043 0.031945
11045 0.119165
11097 0.033338
11121 0.019188
11139 0.045619
11146 0.034700
11152 0.042846
11200 0.100827
11256 0.087222
11258 0.022163
11267 0.023908
11279 0.040967
11332 0.034301
11335 0.016688
11357 0.033338
11375 0.012654
11396 0.015069
11451 0.014135
11458 0.054662
11503 0.098944
11600 0.011252
11620 0.034700
