117

98 0.059607
122 0.054712
216 0.083592
259 0.229306
585 0.087335
689 0.070915
897 0.048100
913 0.058105
1074 0.062629
1269 0.052494
1456 0.047465
1466 0.050819
1803 0.070105
1901 0.169908
1981 0.052302
1991 0.059607
2042 0.075424
2176 0.089893
2224 0.064137
2344 0.146129
2486 0.089893
2572 0.049421
2626 0.066080
2627 0.042779
2876 0.105838
3038 0.092752
3121 0.043835
3203 0.157978
3204 0.063522
3381 0.286473
3402 0.147962
3473 0.042909
3567 0.039748
3700 0.071752
3806 0.078037
3841 0.026672
3850 0.042395
4091 0.193716
4215 0.027900
4663 0.049763
5100 0.039185
5307 0.057624
5569 0.114775
5678 0.055138
5681 0.064137
5734 0.031433
5792 0.054502
5826 0.063221
5880 0.046694
6023 0.079166
6035 0.107637
6060 0.054293
6070 0.083042
6112 0.028040
6291 0.045080
6436 0.305998
6456 0.045080
6568 0.040442
6792 0.029046
6796 0.076435
6864 0.024388
6881 0.143237
7050 0.065089
7126 0.215194
7143 0.051549
7215 0.095994
7370 0.116565
7631 0.126408
7635 0.039408
7679 0.107637
7704 0.039862
7709 0.075979
7788 0.029640
7826 0.072619
7847 0.052112
7859 0.033701
7861 0.038963
7981 0.051735
8234 0.071330
8363 0.153080
8398 0.119424
8455 0.024388
8508 0.071752
8529 0.059607
8641 0.070105
8706 0.114007
8767 0.078817
8874 0.073981
8931 0.074450
9022 0.102596
9047 0.092786
9052 0.047154
9115 0.185300
9444 0.052494
9729 0.075424
9747 0.052883
9767 0.031701
9811 0.050819
9919 0.124101
10036 0.041156
10058 0.067803
10195 0.047309
10403 0.076957
10475 0.030172
10619 0.029565
10887 0.070915
11015 0.060129
11242 0.058595
11256 0.043567
11296 0.245332
11376 0.051902
11395 0.286473
11397 0.054502
11503 0.098843
11564 0.089893
11566 0.078595
11637 0.155769
