209

63 0.050638
71 0.047001
186 0.077983
304 0.059145
418 0.022069
421 0.320855
586 0.039994
632 0.026502
751 0.068578
913 0.055639
965 0.025797
1074 0.059970
1259 0.044408
1269 0.025133
1296 0.026094
1400 0.112086
1456 0.022725
1466 0.024331
1542 0.021789
1636 0.059692
1744 0.038183
1797 0.037628
1818 0.034982
1831 0.020544
1852 0.065234
1900 0.121077
1986 0.060252
1991 0.085615
2000 0.026399
2058 0.024076
2131 0.109009
2154 0.018138
2165 0.043303
2248 0.030559
2259 0.011418
2268 0.244303
2405 0.070841
2431 0.055808
2473 0.027476
2497 0.086077
2532 0.032827
2548 0.027476
2550 0.235929
2572 0.023662
2575 0.025604
2680 0.040359
2708 0.027704
2762 0.037741
2770 0.045960
2936 0.048416
3018 0.049871
3122 0.020482
3203 0.090763
3204 0.091239
3268 0.054584
3275 0.016361
3313 0.040359
3322 0.037362
3460 0.043477
3482 0.025895
3484 0.055808
3550 0.037101
3621 0.144453
3691 0.039758
3917 0.096906
3968 0.038470
4043 0.049121
4091 0.018549
4200 0.060521
4420 0.045419
4451 0.023500
4462 0.030559
4561 0.055808
4566 0.022140
4615 0.039695
4866 0.025319
5012 0.022140
5083 0.036111
5100 0.018761
5130 0.058730
5376 0.033757
5394 0.013324
5468 0.063930
5569 0.329708
5719 0.031638
5734 0.015049
5749 0.025895
5758 0.032649
5795 0.031319
5833 0.026715
5900 0.027819
6060 0.025994
6070 0.019879
6071 0.016579
6106 0.043038
6112 0.026850
6117 0.043038
6144 0.033952
6211 0.032827
6213 0.054584
6282 0.049121
6436 0.293009
6603 0.081348
6813 0.021052
6820 0.049871
6864 0.035029
6871 0.040359
6874 0.026782
6909 0.079989
7060 0.024950
7062 0.018410
7111 0.026715
7118 0.032721
7123 0.031163
7126 0.103030
7143 0.024681
7154 0.036845
7215 0.045960
7274 0.055808
7282 0.049121
7377 0.068302
7385 0.020606
7387 0.033757
7501 0.056347
7775 0.035876
7788 0.014191
7856 0.033565
7859 0.032270
7861 0.018655
7864 0.031319
7920 0.055639
7981 0.024770
7987 0.036845
7988 0.052464
8006 0.081348
8007 0.022429
8046 0.032649
8145 0.060521
8157 0.025133
8281 0.036595
8293 0.098241
8377 0.033565
8382 0.027819
8387 0.022876
8404 0.013977
8444 0.172154
8455 0.011676
8457 0.031965
8470 0.061715
8512 0.046841
8621 0.034353
8641 0.033565
8685 0.043477
8761 0.019997
8762 0.038764
8771 0.123191
8826 0.052194
8931 0.007129
8959 0.030413
9047 0.022212
9105 0.028415
9115 0.088717
9116 0.031638
9138 0.036074
9306 0.043038
9444 0.025133
9626 0.051534
9752 0.060521
9767 0.015178
9783 0.023262
9855 0.043933
9871 0.032474
9903 0.042497
9905 0.043038
9919 0.059417
9950 0.035199
10007 0.048416
10029 0.044902
10036 0.059113
10059 0.047123
10100 0.137156
10112 0.060521
10214 0.154602
10276 0.021651
10309 0.026606
10397 0.022650
10423 0.056123
10548 0.026606
10559 0.044408
10591 0.032132
10619 0.028310
10708 0.081348
10746 0.058730
10749 0.060521
10781 0.081348
10856 0.051534
11152 0.023908
11242 0.028054
11256 0.187728
11258 0.037101
11306 0.047306
11357 0.055808
11375 0.127095
11503 0.047324
11550 0.073291
11564 0.043038
11600 0.009418
11637 0.049719
11672 0.046527
