357

22 0.024220
43 0.034639
63 0.014933
123 0.023041
185 0.023605
194 0.011420
300 0.107153
388 0.036946
434 0.028556
455 0.011900
457 0.016760
467 0.038722
508 0.024455
577 0.040766
604 0.023605
647 0.036946
771 0.037320
792 0.032194
857 0.018289
859 0.033723
866 0.028556
876 0.024437
960 0.016832
990 0.021160
1033 0.032194
1035 0.032194
1037 0.020262
1109 0.026192
1207 0.035696
1269 0.014824
1363 0.034639
1436 0.024220
1451 0.025912
1456 0.013403
1466 0.014351
1498 0.040285
1523 0.057770
1528 0.101170
1536 0.036946
1548 0.043168
1649 0.013908
1670 0.026192
1704 0.024437
1744 0.022520
1831 0.012117
1859 0.028720
1872 0.040286
1875 0.024220
1902 0.016008
1908 0.076951
1993 0.029414
1995 0.018024
2016 0.028972
2017 0.026788
2021 0.022690
2042 0.021298
2046 0.032147
2092 0.060790
2095 0.034639
2131 0.016073
2149 0.066109
2165 0.063851
2181 0.027442
2225 0.060790
2248 0.018024
2259 0.006735
2268 0.012008
2446 0.027793
2473 0.016205
2475 0.027793
2493 0.031540
2507 0.018017
2511 0.032916
2518 0.013016
2530 0.022643
2539 0.017853
2572 0.167470
2575 0.015101
2600 0.051824
2609 0.023412
2627 0.410725
2651 0.012378
2752 0.023412
2762 0.022260
2916 0.046083
2962 0.023224
3014 0.015631
3080 0.076951
3123 0.034639
3131 0.023804
3132 0.030944
3134 0.025912
3179 0.024381
3203 0.071377
3218 0.024220
3237 0.032916
3275 0.019299
3285 0.024894
3360 0.038475
3386 0.019576
3429 0.038475
3473 0.024233
3498 0.023041
3507 0.054883
3558 0.038104
3565 0.038475
3573 0.012455
3605 0.021298
3618 0.027793
3621 0.014200
3632 0.032916
3633 0.038513
3634 0.023041
3637 0.017938
3681 0.018289
3691 0.023450
3693 0.022690
3765 0.038475
3787 0.044710
3838 0.040448
3883 0.028972
3887 0.043764
3911 0.050270
3946 0.073891
4005 0.017284
4071 0.016073
4087 0.038475
4110 0.030663
4205 0.019361
4213 0.059390
4217 0.054334
4234 0.030944
4235 0.040448
4315 0.011936
4322 0.040448
4413 0.015880
4440 0.036946
4490 0.036946
4520 0.034561
4534 0.037320
4550 0.040766
4552 0.024437
4566 0.052234
4573 0.008585
4624 0.020025
4663 0.014052
4708 0.010879
4732 0.032916
4734 0.029336
4738 0.072305
4764 0.018200
4796 0.018660
4879 0.027107
4901 0.014250
4904 0.023224
4948 0.035696
4960 0.123310
4964 0.033376
5074 0.031540
5112 0.015158
5133 0.023804
5171 0.052967
5177 0.018660
5256 0.021160
5270 0.022036
5278 0.027793
5306 0.038475
5307 0.016272
5313 0.040448
5320 0.028701
5323 0.029887
5329 0.029887
5338 0.022355
5363 0.019576
5456 0.035696
5460 0.019685
5516 0.040448
5625 0.024220
5657 0.022355
5689 0.026457
5708 0.035696
5719 0.037320
5730 0.058828
5734 0.017752
5743 0.011830
5749 0.030546
5753 0.010265
5805 0.036946
5818 0.025643
5851 0.013359
5926 0.011034
5945 0.018024
5948 0.040885
5957 0.038722
5959 0.038475
6019 0.067447
6070 0.011725
6097 0.017284
6112 0.015836
6151 0.025912
6167 0.017522
6194 0.033723
6219 0.028164
6228 0.033723
6253 0.034639
6302 0.035696
6367 0.022194
6371 0.028164
6420 0.040448
6433 0.023943
6461 0.061888
6463 0.022863
6509 0.057460
6570 0.015755
6662 0.036946
6828 0.011321
6838 0.017685
6842 0.033723
6858 0.017853
6864 0.027547
6876 0.038475
6909 0.023589
6950 0.035696
6960 0.038307
6965 0.018111
6969 0.038475
7052 0.032194
7061 0.007551
7062 0.005429
7080 0.060790
7088 0.038475
7111 0.015757
7118 0.067547
7143 0.014557
7188 0.021732
7217 0.012571
7283 0.025384
7287 0.032916
7385 0.060767
7428 0.020507
7493 0.050769
7498 0.005611
7501 0.016617
7589 0.019910
7591 0.036946
7592 0.032194
7664 0.019052
7676 0.036946
7709 0.021455
7715 0.038935
7783 0.045727
7826 0.020507
7852 0.040448
7859 0.019033
7885 0.058828
7946 0.016205
8007 0.013229
8083 0.011224
8111 0.147058
8175 0.022863
8237 0.018472
8292 0.017685
8326 0.020025
8345 0.030395
8455 0.006887
8457 0.018853
8463 0.378950
8512 0.027627
8521 0.069278
8529 0.117825
8539 0.021101
8589 0.055587
8621 0.020262
8629 0.022520
8648 0.057112
8653 0.017055
8667 0.025912
8671 0.021584
8685 0.025643
8724 0.119548
8732 0.032916
8767 0.044513
8777 0.030395
8826 0.016791
8869 0.033723
8901 0.035696
8931 0.004205
8974 0.040448
8989 0.023224
9034 0.447753
9092 0.034639
9093 0.179865
9097 0.014824
9130 0.024233
9144 0.014609
9196 0.029887
9270 0.016980
9314 0.038475
9354 0.040448
9584 0.021160
9593 0.014989
9690 0.025135
9767 0.035807
9825 0.032194
9871 0.019153
9998 0.048439
10000 0.022863
10015 0.016832
10067 0.032147
10108 0.035696
10125 0.022863
10200 0.029414
10235 0.022194
10275 0.018660
10276 0.025540
10309 0.031385
10327 0.022355
10385 0.028164
10454 0.026484
10509 0.011128
10537 0.024220
10555 0.021584
10677 0.039049
10701 0.024833
10705 0.025384
10706 0.034639
10715 0.022355
10813 0.029887
10856 0.030395
10903 0.024437
10945 0.031540
10956 0.040448
10962 0.029414
11031 0.022863
11043 0.031540
11045 0.117656
11097 0.032916
11121 0.018945
11139 0.045041
11146 0.034261
11152 0.042304
11200 0.099550
11256 0.098420
11258 0.043764
11267 0.023605
11279 0.040448
11332 0.033867
11335 0.016477
11357 0.032916
11375 0.012493
11396 0.014878
11441 0.021882
11451 0.013956
11458 0.053970
11503 0.097691
11600 0.011110
11620 0.034261
