353

22 0.024109
43 0.034480
63 0.014865
123 0.022936
185 0.023497
194 0.011368
300 0.106663
388 0.036777
434 0.028425
455 0.011846
457 0.016683
467 0.038545
508 0.024343
577 0.040579
604 0.023497
647 0.036777
771 0.037149
792 0.032046
857 0.018206
859 0.033569
866 0.028425
876 0.024325
960 0.016755
990 0.021063
1033 0.032046
1035 0.032046
1037 0.020169
1109 0.026072
1207 0.035532
1269 0.014756
1363 0.034480
1436 0.024109
1451 0.025793
1456 0.013342
1466 0.014285
1498 0.040100
1523 0.057505
1528 0.100707
1536 0.036777
1548 0.042971
1649 0.013844
1670 0.026072
1704 0.024325
1744 0.022417
1831 0.012061
1859 0.028588
1872 0.040102
1875 0.024109
1902 0.015935
1908 0.076599
1993 0.029279
1995 0.017941
2016 0.028839
2017 0.026666
2021 0.022586
2042 0.021201
2046 0.032000
2092 0.060512
2095 0.034480
2131 0.016000
2149 0.065806
2165 0.063558
2181 0.027316
2225 0.060512
2248 0.017941
2259 0.006704
2268 0.011953
2446 0.027666
2473 0.016131
2475 0.027666
2493 0.031396
2507 0.017935
2511 0.032765
2518 0.012957
2530 0.022539
2539 0.017771
2572 0.166703
2575 0.015032
2600 0.051587
2609 0.023305
2627 0.408845
2651 0.012322
2752 0.023305
2762 0.022158
2916 0.045872
2962 0.023118
3014 0.015559
3080 0.076599
3123 0.034480
3131 0.023695
3132 0.030802
3134 0.025793
3179 0.024269
3203 0.079931
3237 0.032765
3275 0.019211
3285 0.024780
3360 0.038299
3386 0.019486
3429 0.038299
3473 0.024122
3498 0.022936
3507 0.054632
3558 0.037929
3565 0.038299
3573 0.012398
3605 0.021201
3618 0.027666
3621 0.014135
3632 0.032765
3633 0.038337
3634 0.022936
3637 0.017856
3681 0.018206
3691 0.023342
3693 0.022586
3765 0.038299
3787 0.044506
3838 0.040263
3883 0.028839
3887 0.043564
3911 0.050040
3946 0.073553
4005 0.017205
4071 0.016000
4087 0.038299
4110 0.030523
4213 0.059118
4217 0.054085
4234 0.030802
4235 0.040263
4315 0.011881
4322 0.040263
4413 0.015808
4440 0.036777
4490 0.036777
4520 0.034402
4534 0.037149
4550 0.040579
4552 0.024325
4566 0.051994
4573 0.008546
4624 0.019934
4663 0.013988
4708 0.010829
4732 0.032765
4734 0.029202
4738 0.071974
4764 0.018116
4796 0.018575
4879 0.026983
4901 0.014184
4904 0.023118
4948 0.035532
4960 0.122745
4964 0.033223
5074 0.031396
5112 0.015089
5133 0.023695
5171 0.052725
5177 0.018575
5256 0.021063
5270 0.021935
5278 0.027666
5306 0.038299
5307 0.016198
5313 0.040263
5320 0.028570
5323 0.029750
5329 0.029750
5338 0.022253
5363 0.019486
5456 0.035532
5460 0.019595
5516 0.040263
5625 0.024109
5657 0.022253
5689 0.026336
5708 0.035532
5719 0.037149
5730 0.058559
5734 0.017671
5743 0.011775
5749 0.030407
5753 0.010218
5805 0.036777
5818 0.025526
5851 0.013298
5926 0.010983
5945 0.017941
5948 0.027132
5957 0.038545
5959 0.038299
6019 0.067138
6070 0.011671
6097 0.017205
6112 0.015764
6151 0.025793
6167 0.017442
6194 0.033569
6228 0.033569
6253 0.034480
6302 0.035532
6367 0.022092
6371 0.028035
6420 0.040263
6433 0.023834
6461 0.061604
6463 0.022759
6509 0.057197
6570 0.015682
6662 0.036777
6828 0.011270
6838 0.017604
6842 0.033569
6858 0.017771
6864 0.027421
6876 0.038299
6909 0.023481
6950 0.035532
6960 0.038132
6965 0.018028
6969 0.038299
7052 0.032046
7061 0.007516
7062 0.005404
7080 0.060512
7088 0.038299
7111 0.015685
7118 0.067237
7143 0.014490
7188 0.021632
7217 0.012514
7283 0.025268
7287 0.032765
7385 0.060489
7428 0.020413
7493 0.050536
7498 0.005586
7501 0.016541
7589 0.019819
7591 0.036777
7592 0.032046
7664 0.018965
7676 0.036777
7709 0.021357
7715 0.038757
7783 0.045517
7826 0.020413
7852 0.040263
7859 0.018946
7885 0.058559
7946 0.016131
8007 0.013168
8083 0.011173
8111 0.146384
8175 0.022759
8237 0.018388
8292 0.017604
8326 0.019934
8345 0.030256
8455 0.006855
8457 0.018767
8463 0.377215
8512 0.027501
8521 0.068961
8529 0.117286
8539 0.010502
8589 0.055332
8629 0.022417
8648 0.056850
8653 0.016976
8667 0.025793
8671 0.021485
8685 0.025526
8724 0.119000
8732 0.032765
8767 0.033232
8777 0.030256
8826 0.016714
8869 0.033569
8901 0.035532
8931 0.004185
8974 0.040263
8989 0.023118
9034 0.465082
9092 0.034480
9093 0.164121
9097 0.014756
9130 0.024122
9144 0.014542
9196 0.029750
9270 0.016902
9314 0.038299
9354 0.040263
9584 0.021063
9593 0.014920
9690 0.025020
9767 0.035643
9825 0.032046
9871 0.019066
9998 0.048217
10000 0.022759
10015 0.016755
10067 0.032000
10108 0.035532
10125 0.022759
10200 0.029279
10235 0.022092
10275 0.018575
10276 0.025423
10309 0.031241
10327 0.022253
10385 0.028035
10454 0.026362
10509 0.011077
10537 0.024109
10555 0.021485
10677 0.038871
10701 0.024719
10705 0.025268
10706 0.034480
10715 0.022253
10813 0.029750
10856 0.030256
10903 0.024325
10945 0.031396
10956 0.040263
10962 0.029279
11031 0.022759
11043 0.031396
11045 0.117117
11097 0.032765
11121 0.018859
11139 0.044835
11146 0.034104
11152 0.042110
11200 0.099094
11256 0.097970
11258 0.043564
11267 0.023497
11279 0.040263
11332 0.033712
11335 0.016401
11357 0.032765
11375 0.012436
11396 0.014810
11441 0.021782
11451 0.013892
11458 0.053723
11503 0.111136
11600 0.011059
11620 0.034104
