402

22 0.028277
63 0.017435
71 0.016183
108 0.021567
185 0.055119
200 0.034341
237 0.050469
300 0.062552
404 0.010049
458 0.013770
467 0.067814
522 0.040442
577 0.071393
604 0.027560
605 0.050469
685 0.041676
697 0.015100
748 0.041676
757 0.032039
791 0.022244
831 0.015100
857 0.021353
870 0.035487
897 0.015858
952 0.050469
957 0.050469
990 0.049409
1010 0.050469
1032 0.032449
1037 0.023656
1109 0.030580
1152 0.034894
1177 0.038430
1231 0.018843
1243 0.041676
1308 0.044921
1321 0.038430
1385 0.019318
1399 0.043135
1405 0.041676
1436 0.056554
1456 0.031298
1466 0.117282
1467 0.034341
1498 0.047033
1523 0.022483
1528 0.078746
1530 0.050469
1548 0.025200
1629 0.047224
1633 0.095767
1634 0.047224
1637 0.033825
1670 0.030580
1694 0.055583
1700 0.033340
1704 0.028531
1721 0.027541
1859 0.100592
1896 0.024866
1974 0.032039
1993 0.034341
1995 0.147304
1997 0.027334
2048 0.033825
2084 0.036499
2086 0.026100
2092 0.035487
2095 0.040442
2103 0.041676
2112 0.064899
2122 0.040442
2146 0.030253
2149 0.077184
2165 0.029819
2213 0.034341
2225 0.141948
2235 0.047224
2253 0.043135
2259 0.007863
2280 0.094447
2298 0.035487
2304 0.020457
2446 0.064899
2475 0.032449
2493 0.036824
2499 0.024089
2511 0.038430
2530 0.013218
2572 0.048881
2600 0.060506
2627 0.267973
2651 0.014452
2690 0.035937
2729 0.050469
2747 0.050469
2748 0.047224
2752 0.027334
2762 0.008663
2763 0.013935
2768 0.018615
2818 0.030253
2928 0.047224
2962 0.027115
2971 0.050469
2980 0.036824
2983 0.025200
2995 0.027560
3027 0.035487
3040 0.030920
3095 0.021774
3122 0.014104
3131 0.027792
3134 0.090758
3150 0.021676
3156 0.025372
3171 0.027115
3172 0.041676
3177 0.021353
3179 0.042698
3188 0.034341
3203 0.041667
3255 0.025200
3275 0.011266
3309 0.089842
3417 0.019824
3449 0.032039
3455 0.043796
3466 0.030253
3473 0.028293
3478 0.050469
3479 0.031648
3498 0.026901
3539 0.061840
3599 0.021353
3626 0.017832
3631 0.141671
3633 0.022483
3673 0.024866
3683 0.019738
3693 0.026491
3787 0.026100
3883 0.033825
3885 0.047312
3911 0.088037
3958 0.050469
4110 0.035800
4188 0.094447
4196 0.013529
4199 0.281484
4205 0.045209
4211 0.033628
4213 0.069339
4217 0.063436
4219 0.034341
4234 0.072255
4315 0.013935
4413 0.055622
4503 0.030580
4514 0.037587
4534 0.021786
4542 0.026100
4566 0.030492
4585 0.050469
4624 0.023380
4629 0.050469
4643 0.039373
4645 0.039134
4663 0.049220
4708 0.012701
4729 0.022127
4761 0.094447
4796 0.043572
4805 0.043135
4827 0.043135
4858 0.029346
4875 0.028031
4879 0.031648
4943 0.010552
4960 0.057587
4968 0.043135
5067 0.021459
5074 0.036824
5112 0.053092
5133 0.027792
5143 0.016637
5171 0.061840
5178 0.046034
5208 0.044921
5227 0.023798
5241 0.031276
5256 0.024705
5262 0.044921
5264 0.050469
5278 0.032449
5320 0.067018
5323 0.034894
5329 0.069787
5338 0.026100
5369 0.036128
5437 0.043135
5452 0.031276
5455 0.044921
5537 0.050469
5608 0.047224
5625 0.028277
5657 0.026100
5689 0.030890
5708 0.041676
5730 0.171707
5734 0.031090
5753 0.023968
5818 0.059878
5845 0.040442
5851 0.015597
5926 0.012882
5945 0.021043
5948 0.031823
5949 0.016934
5950 0.041676
5981 0.047224
6005 0.039373
6019 0.039373
6060 0.017900
6063 0.033340
6070 0.082134
6071 0.045667
6097 0.020180
6110 0.037587
6112 0.009245
6167 0.020457
6206 0.043135
6217 0.022244
6219 0.032882
6253 0.040442
6361 0.027792
6367 0.025912
6401 0.031276
6431 0.041676
6433 0.125794
6445 0.027334
6461 0.072255
6504 0.016073
6509 0.022362
6541 0.029065
6570 0.073575
6745 0.050469
6780 0.038430
6792 0.019152
6816 0.036076
6828 0.013218
6842 0.078746
6860 0.023113
6862 0.040442
6864 0.032162
6874 0.009221
6965 0.021145
7060 0.017181
7061 0.035262
7070 0.038430
7082 0.021145
7096 0.047224
7118 0.022532
7123 0.021459
7159 0.050469
7182 0.024546
7208 0.033825
7221 0.047224
7385 0.042568
7393 0.037587
7439 0.030253
7460 0.018250
7493 0.029637
7501 0.038801
7515 0.025912
7530 0.018394
7643 0.017371
7693 0.041676
7702 0.050469
7709 0.012525
7738 0.019652
7758 0.018321
7760 0.012284
7826 0.023942
7859 0.027777
7861 0.064229
7876 0.057062
7915 0.019237
7998 0.044921
8009 0.029637
8111 0.152616
8150 0.040543
8236 0.038430
8292 0.041296
8327 0.038430
8334 0.025372
8368 0.036824
8404 0.009625
8407 0.026693
8449 0.051456
8455 0.016081
8463 0.300855
8512 0.016128
8520 0.033340
8529 0.039304
8574 0.044921
8583 0.049733
8589 0.064899
8648 0.133359
8653 0.019912
8667 0.030253
8671 0.025200
8694 0.035487
8724 0.139575
8725 0.033825
8732 0.038430
8767 0.012993
8771 0.028277
8803 0.094447
8826 0.029406
8901 0.041676
8956 0.019912
9034 0.227288
9047 0.015295
9092 0.040442
9093 0.402493
9094 0.083351
9130 0.042440
9132 0.013489
9144 0.017057
9146 0.028793
9189 0.026693
9270 0.019824
9366 0.024705
9383 0.028277
9510 0.036824
9528 0.037587
9593 0.017500
9634 0.022983
9642 0.070968
9643 0.043133
9682 0.040442
9767 0.010451
9773 0.043135
9871 0.022362
9908 0.028793
9919 0.020457
9933 0.019824
9944 0.021786
9955 0.035487
10058 0.044708
10064 0.050469
10067 0.018766
10075 0.043135
10106 0.056017
10118 0.031648
10119 0.047224
10125 0.026693
10276 0.014909
10301 0.036824
10309 0.128249
10337 0.019567
10352 0.017900
10385 0.065764
10433 0.019400
10487 0.022003
10507 0.037685
10515 0.029939
10530 0.021459
10618 0.040442
10619 0.009747
10621 0.020745
10677 0.015197
10715 0.026100
10765 0.050469
10797 0.039373
10808 0.047224
10809 0.047224
10887 0.023380
10928 0.047224
10968 0.050469
11007 0.050469
11033 0.041676
11045 0.068683
11123 0.047224
11139 0.026293
11146 0.040000
11152 0.115244
11200 0.046491
11256 0.071817
11257 0.090419
11390 0.047224
11441 0.025548
11451 0.016294
11458 0.031505
11472 0.036128
11502 0.018690
11503 0.081469
11574 0.050469
11600 0.032427
11620 0.020000
11658 0.047224
