417

22 1.534264
63 0.945992
71 0.878046
185 2.990692
187 1.893286
194 0.723444
200 1.863323
237 2.738384
300 3.393983
404 0.545260
467 3.679502
522 2.194316
577 2.582452
595 1.808965
604 1.495346
605 2.738384
685 2.261263
748 2.261263
791 1.206905
831 0.819306
857 1.158601
870 1.925471
897 0.860437
952 2.738384
957 2.738384
965 0.963867
990 2.680888
1010 2.738384
1032 1.760661
1037 1.283539
1105 2.562293
1109 1.659203
1152 1.893286
1177 2.085172
1231 1.022381
1243 2.261263
1308 2.437354
1378 1.386202
1385 2.096376
1399 2.340444
1405 2.261263
1436 3.068528
1456 1.698165
1466 6.363562
1467 1.863323
1498 1.275986
1523 6.099351
1528 4.272648
1530 2.738384
1548 1.367316
1629 2.562293
1633 5.196206
1634 2.562293
1636 1.115135
1637 1.835294
1670 1.659203
1694 3.015870
1700 1.808965
1704 1.548052
1721 1.494316
1785 1.760661
1859 5.458003
1872 0.638014
1974 1.738384
1993 1.863323
1995 7.992509
1997 1.483112
2008 1.548052
2042 1.349218
2048 1.835294
2086 1.416165
2092 3.850942
2095 2.194316
2103 4.522526
2112 3.521321
2122 2.194316
2149 4.187884
2165 2.426896
2213 1.863323
2225 7.701883
2235 2.562293
2253 2.340444
2259 0.426630
2280 5.124586
2298 1.925471
2304 1.109995
2446 1.760661
2475 1.760661
2493 1.998021
2499 1.307020
2507 0.380449
2511 2.085172
2518 0.824570
2530 0.717195
2541 2.136324
2572 2.652234
2600 3.282948
2601 1.507935
2627 13.774613
2651 0.784142
2690 0.974956
2729 2.738384
2748 5.124586
2752 1.483112
2762 0.470040
2768 1.010030
2818 1.641474
2928 2.562293
2962 1.471212
2971 2.738384
2980 1.998021
2983 1.367316
2995 1.495346
3027 1.925471
3037 1.738384
3040 1.677686
3095 0.590708
3121 0.784142
3122 0.765256
3131 1.507935
3134 4.924422
3171 1.471212
3172 2.261263
3177 1.158601
3179 2.316727
3188 1.863323
3203 3.391187
3255 1.367316
3275 0.611279
3296 2.340444
3309 4.874708
3313 1.507935
3417 1.075626
3449 1.738384
3455 2.376312
3466 1.641474
3473 1.535145
3478 2.738384
3479 1.717195
3539 3.355373
3599 1.158601
3631 7.686879
3633 1.219870
3673 1.349218
3683 1.070931
3693 1.437354
3787 1.416165
3818 0.704960
3841 0.477121
3883 1.835294
3885 1.283539
3911 4.776768
3958 2.738384
4110 1.942457
4188 5.124586
4199 18.666906
4205 2.453002
4211 0.912309
4213 3.762253
4217 5.736598
4219 1.863323
4234 3.920466
4315 0.756113
4413 3.017971
4503 1.659203
4512 2.562293
4514 2.039414
4534 1.182082
4542 1.416165
4566 0.827227
4585 2.738384
4624 1.268562
4629 2.738384
4643 2.136324
4645 2.123381
4663 2.670585
4729 1.200565
4738 0.572546
4761 5.124586
4796 1.182082
4805 2.340444
4827 2.340444
4858 1.592256
4875 1.520900
4879 1.717195
4943 0.572546
4960 4.686879
4968 2.340444
5067 1.164353
5074 1.998021
5112 3.840931
5133 1.507935
5171 3.355373
5178 2.497765
5227 1.291226
5241 1.696991
5256 1.340444
5262 2.437354
5264 2.738384
5278 1.760661
5307 1.030814
5320 3.636321
5323 1.893286
5324 0.971228
5329 3.786572
5338 1.416165
5369 1.960233
5437 2.340444
5452 1.696991
5455 2.437354
5491 0.404937
5537 2.738384
5608 2.562293
5625 1.534264
5657 1.416165
5689 1.676034
5708 2.261263
5730 7.453291
5734 1.124586
5757 1.960233
5762 1.483112
5792 1.949912
5818 1.624441
5845 2.194316
5851 0.846290
5920 1.233234
5945 1.141787
5948 1.726646
5950 2.261263
5981 2.562293
6005 2.136324
6019 2.136324
6060 0.971228
6063 1.808965
6070 3.713745
6071 1.858375
6097 1.094931
6110 2.039414
6112 0.501595
6151 3.282948
6167 1.109995
6206 2.340444
6217 1.206905
6219 1.784142
6227 1.158601
6253 2.194316
6361 1.507935
6367 1.405946
6371 1.784142
6401 1.696991
6431 2.261263
6433 6.825427
6445 1.483112
6461 3.920466
6463 2.896699
6509 2.426679
6541 1.577016
6570 3.992086
6579 2.085172
6745 2.738384
6779 1.592256
6780 2.085172
6792 1.039172
6816 1.957433
6821 2.437354
6842 4.272648
6860 1.254084
6862 2.194316
6864 1.745079
6874 0.500338
6909 0.747158
6965 1.147320
7043 1.760661
7061 1.913251
7070 2.085172
7082 1.147320
7096 2.562293
7118 1.222559
7159 2.738384
7182 1.331844
7208 1.835294
7221 2.562293
7385 1.539802
7393 2.039414
7439 1.641474
7493 1.608050
7501 2.105285
7515 1.405946
7530 0.998021
7643 0.942504
7664 2.413810
7693 2.261263
7702 2.738384
7709 0.679579
7738 1.066286
7760 0.666502
7766 2.194316
7788 1.060423
7859 2.109988
7861 1.393983
7876 3.096105
7915 1.043779
7918 1.548052
7998 2.437354
8009 1.608050
8083 0.711035
8111 7.245649
8150 2.199790
8236 2.085172
8292 2.240672
8327 2.085172
8404 1.566655
8407 2.896699
8449 2.791923
8455 0.872539
8463 14.403493
8482 1.043779
8512 0.875061
8520 1.808965
8529 2.132573
8574 2.437354
8583 2.698436
8589 1.760661
8648 7.235861
8653 1.080373
8667 1.641474
8671 1.367316
8694 1.925471
8724 7.573144
8725 1.835294
8732 2.085172
8767 0.704960
8771 1.534264
8803 5.124586
8826 1.418262
8901 2.261263
8956 1.080373
9034 8.632639
9047 0.829899
9062 1.075626
9092 4.388632
9093 21.838707
9094 4.522526
9104 0.893286
9130 2.302718
9132 0.731918
9144 0.925471
9146 1.562293
9189 1.448350
9270 1.075626
9366 1.340444
9383 1.534264
9510 1.998021
9528 2.039414
9634 1.247022
9642 3.850618
9643 2.340365
9767 1.134157
9773 2.340444
9871 1.213339
9908 1.562293
9933 1.075626
9944 1.182082
9955 1.925471
10058 2.425779
10064 2.738384
10067 1.018225
10075 2.340444
10119 2.562293
10276 0.808965
10301 1.998021
10309 6.958638
10337 1.061691
10352 0.971228
10385 3.568283
10433 1.052642
10487 1.790803
10507 2.044762
10515 1.624441
10530 1.164353
10618 2.194316
10619 0.528869
10621 1.125600
10644 1.863323
10677 0.824570
10715 1.416165
10765 2.738384
10808 2.562293
10809 2.562293
10887 1.268562
10928 2.562293
10968 2.738384
11007 2.738384
11033 2.261263
11045 3.726646
11123 2.562293
11139 1.426630
11146 3.255515
11152 4.466430
11200 2.522526
11256 3.117371
11257 6.132504
11332 0.715132
11375 0.791441
11376 0.464226
11441 1.386202
11451 0.884078
11458 2.564168
11466 1.109995
11472 1.960233
11502 1.014108
11503 5.304468
11556 2.562293
11574 2.738384
11600 2.463196
11620 1.085172
11658 2.562293
