217

63 0.945992
185 1.495346
194 2.170331
345 0.932204
401 1.608050
467 1.226501
602 1.459631
637 2.551972
647 2.340444
792 2.039414
798 1.307020
857 1.158601
875 2.283574
917 0.574031
994 1.448350
1109 3.318406
1239 4.874708
1381 3.039414
1456 0.849082
1465 1.386202
1466 0.909080
1507 2.716346
1517 3.039414
1523 2.439740
1526 4.680888
1586 3.039414
1636 2.230270
1666 0.753857
1674 2.738384
1703 3.039414
1746 2.194316
1803 1.254084
2042 1.349218
2051 2.562293
2149 1.395961
2230 1.426630
2259 0.426630
2304 1.109995
2343 1.893286
2446 3.521321
2504 1.275986
2526 7.021332
2530 0.717195
2539 1.130929
2552 2.087558
2572 4.420390
2600 4.924422
2627 6.122050
2736 2.340444
2762 1.880161
2768 1.010030
2927 1.624441
3108 3.039414
3134 1.641474
3135 3.039414
3156 1.376656
3203 1.695594
3320 2.194316
3349 1.738384
3366 1.367316
3466 1.641474
3546 0.978716
3679 1.507935
3694 1.240074
3911 1.592256
4047 2.136324
4051 2.340444
4075 2.039414
4091 1.386122
4199 3.393983
4204 2.194316
4213 7.524506
4217 8.031237
4297 1.784142
4339 2.562293
4427 4.874708
4534 1.182082
4560 2.738384
4565 8.215152
4566 2.481680
4615 1.483112
4645 1.061691
4659 6.078828
4663 0.890195
4664 2.562293
4724 1.696991
4745 1.893286
4778 2.738384
4784 1.677686
4796 1.182082
4855 2.085172
4933 2.562293
4945 1.925471
4960 4.686879
4964 1.057143
4968 4.680888
5178 0.832588
5227 1.291226
5256 1.340444
5257 3.039414
5297 1.331844
5307 1.030814
5320 2.727241
5367 2.562293
5394 0.497835
5491 0.404937
5529 0.646717
5681 1.147320
5712 1.935064
5714 1.426630
5745 3.039414
5762 1.483112
5774 2.085172
5821 0.918840
5841 2.942425
5903 1.760661
5947 1.247022
5948 0.863323
6151 1.641474
6167 1.109995
6196 6.078828
6242 1.562293
6265 3.039414
6272 1.696991
6274 1.200565
6401 3.393983
6416 2.738384
6445 1.483112
6460 6.078828
6509 3.640018
6579 6.255515
6587 0.622774
6792 0.519586
6816 0.978716
6864 1.308809
6874 0.500338
6965 4.589278
7008 1.756092
7061 0.478313
7085 2.085172
7095 1.835294
7125 2.832330
7126 0.769901
7501 9.473781
7589 1.261263
7635 0.704960
7643 0.942504
7664 1.206905
7715 4.932937
7738 2.132573
7788 0.530212
7873 1.717195
7946 1.026577
8111 3.105278
8128 1.182082
8274 6.078828
8419 1.141787
8443 3.039414
8463 5.761397
8499 0.796376
8539 0.668346
8550 1.659203
8583 1.349218
8605 1.476768
8767 0.704960
8788 6.078828
8826 0.531848
8866 4.170343
8874 1.323411
8971 1.307020
9034 1.233234
9047 0.829899
9062 1.075626
9093 0.949509
9110 1.247022
9132 0.731918
9144 0.925471
9167 3.039414
9328 0.915562
9638 3.039414
9734 1.659203
9767 1.417696
9768 4.874708
9865 1.592752
10058 0.606445
10192 2.136324
10195 0.846290
10242 2.874708
10309 4.970456
10602 2.340444
10617 1.863323
10677 0.824570
10805 2.194316
10829 3.039414
10887 2.537124
11000 2.340444
11033 2.261263
11123 10.249171
11140 2.738384
11152 1.786572
11162 1.254084
11191 3.039414
11200 3.783789
11256 1.558685
11257 1.226501
11332 1.430263
11375 0.791441
11376 0.928453
11396 2.827512
11443 0.945992
11458 1.709445
11501 1.254084
11502 1.014108
11503 6.188547
11523 1.076710
11600 0.351885
11625 1.104916
