248

141 0.059605
148 0.038887
185 0.051904
194 0.050222
213 0.058366
318 0.028621
345 0.032357
404 0.056779
467 0.085145
531 0.031893
585 0.054228
600 0.033712
633 0.041892
665 0.021967
771 0.123092
806 0.095569
875 0.039632
883 0.052791
1195 0.062790
1313 0.076166
1333 0.028169
1385 0.218299
1387 0.037667
1456 0.058944
1466 0.031555
1506 0.038707
1523 0.127027
1542 0.028258
1548 0.047460
1634 0.088938
1636 0.038707
1637 0.127408
1649 0.030582
1666 0.026167
1803 0.043530
1831 0.026643
1835 0.044819
1859 0.021050
1872 0.066437
1874 0.054739
1952 0.104682
2009 0.072377
2028 0.053734
2048 0.063704
2071 0.033712
2076 0.100546
2084 0.103111
2092 0.066834
2131 0.035343
2154 0.023523
2156 0.056385
2165 0.056159
2171 0.061928
2259 0.014809
2268 0.026403
2278 0.042342
2318 0.063704
2421 0.034236
2451 0.076166
2504 0.044290
2507 0.026411
2518 0.028621
2532 0.042572
2550 0.027816
2572 0.030687
2576 0.029668
2627 0.106250
2644 0.074153
2652 0.060340
2653 0.104682
2720 0.036538
2752 0.102959
2851 0.040618
2926 0.052791
2996 0.046527
3121 0.027218
3122 0.026562
3203 0.117710
3204 0.078885
3243 0.034779
3275 0.021218
3379 0.105500
3432 0.051067
3437 0.049891
3573 0.027386
3661 0.062790
3683 0.037173
3787 0.098312
3818 0.024470
4110 0.033712
4115 0.190101
4148 0.033972
4176 0.061113
4199 0.235614
4205 0.298007
4213 0.087060
4215 0.034647
4217 0.039824
4273 0.062790
4413 0.034918
4500 0.081238
4524 0.095051
4534 0.041031
4566 0.057427
4624 0.044032
4634 0.070789
4645 0.036852
4708 0.023921
4734 0.021502
4738 0.139114
4755 0.081238
4765 0.095051
4778 0.095051
4796 0.041031
4879 0.059605
5018 0.076166
5112 0.033330
5320 0.063109
5338 0.049156
5395 0.035929
5420 0.105500
5452 0.058903
5468 0.041455
5531 0.063704
5625 0.053255
5689 0.029088
5717 0.095051
5732 0.027302
5734 0.039035
5735 0.052341
5818 0.056385
5833 0.034647
5880 0.028993
5900 0.036079
5922 0.105500
5947 0.043285
5949 0.031893
6070 0.103125
6071 0.021502
6097 0.038006
6269 0.095051
6284 0.066834
6361 0.052341
6380 0.032715
6505 0.045936
6509 0.042116
6616 0.031223
6702 0.095051
6750 0.068041
6783 0.076166
6792 0.018035
6816 0.033972
6864 0.060573
6909 0.025934
6931 0.125580
6980 0.041455
7018 0.066834
7060 0.064715
7061 0.033205
7119 0.127408
7124 0.054228
7126 0.026724
7148 0.070789
7150 0.033972
7188 0.047784
7385 0.053447
7411 0.031006
7416 0.066834
7501 0.146151
7641 0.022448
7709 0.070766
7715 0.042806
7760 0.046269
7815 0.081238
7859 0.041851
7861 0.024193
7862 0.033330
8009 0.055816
8111 0.179643
8148 0.074153
8158 0.070789
8293 0.063704
8353 0.053734
8404 0.036253
8407 0.050273
8449 0.096909
8463 0.199981
8470 0.040019
8485 0.038707
8512 0.030374
8529 0.037011
8532 0.065717
8583 0.046832
8671 0.047460
8732 0.072377
8767 0.024470
8819 0.045091
8826 0.012307
9034 0.128419
9065 0.031780
9093 0.164790
9237 0.074153
9428 0.105500
9619 0.061113
9662 0.058233
9682 0.076166
9767 0.029525
9932 0.105500
10010 0.036852
10044 0.105500
10063 0.047460
10195 0.058750
10200 0.064677
10242 0.049891
10266 0.095051
10309 0.034505
10337 0.036852
10396 0.035200
10399 0.084602
10422 0.316499
10487 0.020720
10617 0.064677
10619 0.018357
10761 0.078490
10903 0.053734
10950 0.078490
10960 0.105500
11121 0.020829
11146 0.075334
11152 0.062013
11202 0.088938
11256 0.162308
11257 0.042572
11287 0.072460
11295 0.042116
11332 0.049645
11375 0.027471
11423 0.085044
11428 0.095051
11432 0.105500
11441 0.048116
11451 0.030687
11458 0.089004
11466 0.038528
11503 0.030687
11521 0.037336
11600 0.048856
11621 0.088938
