150

63 0.945992
71 0.878046
74 0.942504
148 1.120336
292 1.115135
297 1.182082
457 1.061691
458 0.747158
467 1.226501
512 1.386202
577 5.164904
600 0.971228
723 1.893286
874 2.738384
917 1.148063
965 0.963867
1456 2.547247
1466 0.909080
1523 10.978832
1532 0.779343
1548 1.367316
1636 1.115135
1757 1.893286
1760 1.507935
1807 0.928824
1872 0.638014
1989 1.459631
1994 1.090024
2062 1.331844
2064 1.206905
2067 1.261263
2118 1.893286
2131 1.018225
2264 1.437354
2268 0.760661
2304 1.109995
2530 0.717195
2541 4.272648
2572 0.884078
2627 2.295769
2763 0.756113
2768 1.010030
3037 1.738384
3121 1.568283
3156 1.376656
3177 1.158601
3179 0.772242
3202 2.562293
3203 1.130396
3204 1.136324
3466 1.641474
3567 0.711035
3605 1.349218
3778 1.863323
3917 1.206905
3952 1.136324
4063 1.094931
4071 1.018225
4199 1.696991
4213 1.254084
4217 3.441959
4413 1.005990
4550 1.291226
4603 2.738384
4677 0.539727
4734 0.619458
4738 0.572546
4793 1.471212
4796 5.910408
4830 2.853261
4956 1.760661
5018 2.194316
5112 1.920466
5143 0.902694
5256 1.340444
5320 0.909080
5345 1.471212
5363 1.240074
5687 2.340444
5689 3.352068
5749 0.967532
5757 5.880699
5758 1.219870
5957 2.453002
6063 1.808965
6071 0.619458
6112 0.501595
6151 1.641474
6281 1.206905
6346 2.791923
6433 0.758381
6509 1.213339
6541 1.577016
6816 1.957433
6874 1.000676
7043 1.760661
7060 1.864408
7118 0.611279
7143 0.922143
7210 2.340444
7498 1.066401
7643 0.942504
7709 0.679579
7715 7.399405
7766 2.194316
7862 0.960233
7947 1.592256
7948 1.376656
7985 3.726646
8241 2.036450
8402 1.925471
8404 0.522218
8463 1.920466
8469 1.291226
8470 1.152923
8677 2.716346
8826 1.063696
8931 0.266359
9046 2.738384
9093 2.848527
9104 0.893286
9132 0.731918
9323 1.835294
9366 1.340444
9562 0.982509
9623 0.994091
9767 0.283539
10058 1.212890
10062 1.960233
10127 2.340444
10275 1.182082
10352 0.971228
10378 0.683388
10405 1.835294
10487 0.596934
10509 0.704960
10677 0.824570
10705 1.608050
10711 1.268562
11063 1.717195
11152 0.893286
11256 0.779343
11257 7.359005
11306 1.178330
11366 1.367316
11375 1.582882
11376 0.464226
11441 1.386202
11456 1.548052
11503 0.884078
