341

71 0.016591
109 0.023302
122 0.018493
138 0.038534
157 0.025662
194 0.013669
213 0.015886
345 0.017614
346 0.009573
404 0.010303
458 0.014117
467 0.046349
526 0.030085
577 0.024398
586 0.014117
600 0.036702
607 0.051741
659 0.033711
771 0.044671
772 0.051741
802 0.031350
806 0.026012
883 0.028737
990 0.025327
1001 0.092107
1037 0.024252
1269 0.017743
1278 0.023969
1284 0.040827
1313 0.041461
1385 0.356496
1436 0.028990
1456 0.048130
1466 0.051531
1480 0.046053
1482 0.048414
1506 0.021070
1523 0.046099
1532 0.014726
1548 0.077506
1633 0.049091
1636 0.021070
1652 0.029250
1704 0.029250
1767 0.034180
1773 0.039399
1808 0.042726
1859 0.103128
1872 0.060276
1875 0.028990
1886 0.035207
1939 0.026565
1967 0.035773
1986 0.021268
1995 0.043148
1997 0.028023
2046 0.019239
2048 0.034678
2062 0.025165
2082 0.029797
2084 0.018710
2085 0.027366
2092 0.036381
2115 0.017424
2122 0.041461
2149 0.026376
2195 0.038534
2248 0.064722
2259 0.008061
2304 0.020973
2363 0.038635
2412 0.048414
2418 0.048414
2451 0.082923
2504 0.024110
2506 0.032446
2507 0.021566
2518 0.015580
2552 0.019722
2565 0.026758
2572 0.033409
2600 0.031015
2609 0.028023
2627 0.072297
2644 0.040366
2752 0.028023
2762 0.017763
2797 0.038534
2806 0.019558
2818 0.031015
2916 0.027579
2926 0.057474
3027 0.036381
3060 0.026956
3125 0.032064
3134 0.031015
3150 0.044444
3171 0.027798
3203 0.053397
3204 0.064412
3243 0.037865
3386 0.023431
3466 0.124062
3473 0.014503
3482 0.018281
3485 0.028254
3521 0.023696
3546 0.018493
3550 0.026192
3573 0.014908
3599 0.043783
3605 0.025493
3606 0.035773
3621 0.033993
3626 0.018281
3633 0.023049
3661 0.034180
3683 0.020235
3693 0.027159
3732 0.035207
3787 0.160549
3818 0.013320
3869 0.026758
3984 0.050011
4034 0.048414
4054 0.048414
4071 0.019239
4110 0.036702
4196 0.013870
4199 0.032064
4203 0.048414
4205 0.393967
4207 0.040366
4217 0.065035
4273 0.034180
4331 0.032446
4413 0.038016
4500 0.044222
4529 0.024696
4566 0.015630
4614 0.026956
4624 0.023969
4643 0.040366
4645 0.020060
4663 0.016820
4677 0.020396
4729 0.022684
4738 0.032455
4780 0.037038
4793 0.027798
4901 0.034113
4943 0.010818
4948 0.042726
4960 0.029519
5064 0.022335
5075 0.034180
5112 0.018143
5147 0.048414
5238 0.048414
5256 0.025327
5289 0.037038
5307 0.019477
5320 0.034354
5338 0.026758
5394 0.009407
5438 0.048414
5452 0.032064
5491 0.007651
5496 0.036985
5533 0.044222
5620 0.026012
5684 0.048414
5719 0.022335
5732 0.029724
5735 0.028492
5753 0.012286
5792 0.036843
5818 0.061387
5833 0.028290
5948 0.016312
6070 0.014034
6151 0.031015
6154 0.036381
6219 0.067422
6284 0.036381
6302 0.042726
6317 0.013282
6433 0.014329
6510 0.042726
6605 0.027579
6750 0.259268
6779 0.030085
6783 0.082923
6792 0.058905
6817 0.046053
6828 0.013551
6860 0.047391
6864 0.008243
6874 0.009454
6909 0.042352
6931 0.034180
6979 0.046053
7003 0.048414
7111 0.009430
7156 0.046053
7182 0.025165
7188 0.104047
7263 0.029797
7369 0.023831
7385 0.043642
7416 0.036381
7501 0.159116
7530 0.018857
7589 0.023831
7643 0.017808
7664 0.068413
7673 0.033267
7694 0.014681
7715 0.116509
7737 0.025662
7738 0.020147
7775 0.050655
7854 0.038534
7859 0.045563
7861 0.026339
7862 0.054430
7867 0.028254
7884 0.035773
7939 0.030694
7973 0.032064
8061 0.067422
8083 0.013435
8111 0.176021
8128 0.022335
8146 0.061387
8150 0.020782
8158 0.038534
8227 0.015431
8293 0.104033
8315 0.030384
8327 0.039399
8334 0.026012
8349 0.041461
8353 0.029250
8377 0.023696
8410 0.024696
8425 0.034180
8449 0.026376
8463 0.163291
8583 0.025493
8648 0.034180
8671 0.025835
8724 0.071547
8767 0.039960
8826 0.043546
8914 0.044222
8930 0.019805
8939 0.068778
8954 0.036381
9034 0.069905
9052 0.015938
9059 0.010250
9093 0.089704
9095 0.022566
9099 0.024849
9107 0.024398
9132 0.013829
9268 0.033711
9270 0.020324
9291 0.046053
9357 0.052023
9405 0.041461
9436 0.038534
9520 0.028737
9543 0.035207
9619 0.033267
9664 0.075505
9665 0.048414
9722 0.040366
9734 0.031350
9747 0.017874
9767 0.053574
9774 0.018075
9830 0.046053
9950 0.024849
9951 0.027579
9998 0.028990
10000 0.027366
10018 0.028023
10058 0.034376
10094 0.078798
10195 0.015991
10242 0.027159
10249 0.018212
10275 0.044671
10276 0.015285
10296 0.037752
10301 0.037752
10337 0.040121
10396 0.019161
10397 0.015991
10430 0.038534
10458 0.024545
10487 0.022558
10509 0.026640
10619 0.019986
10677 0.031160
10705 0.060768
10751 0.046053
10769 0.035773
10892 0.023175
10898 0.027579
11093 0.046053
11119 0.031350
11146 0.061512
11152 0.033757
11200 0.023831
11256 0.338688
11257 0.185396
11287 0.019722
11306 0.011132
11325 0.039399
11332 0.013512
11359 0.035207
11375 0.029908
11376 0.008771
11397 0.018422
11423 0.030863
11441 0.026192
11443 0.053623
11451 0.033409
11458 0.048450
11466 0.041946
11502 0.019161
11503 0.083523
11505 0.026956
11521 0.020324
11532 0.012320
11536 0.025006
11600 0.026595
11620 0.020504
