341

71 0.016398
109 0.023032
122 0.018279
138 0.038088
157 0.025365
194 0.013511
213 0.015702
345 0.017410
346 0.009462
404 0.010183
458 0.013954
467 0.045812
526 0.029737
577 0.024115
586 0.013954
600 0.036278
607 0.051142
659 0.033321
771 0.044153
772 0.051142
802 0.030987
806 0.025711
883 0.028404
990 0.025034
1001 0.091041
1037 0.023972
1269 0.017538
1278 0.023692
1284 0.040354
1313 0.040981
1385 0.352369
1436 0.028654
1456 0.047573
1466 0.050934
1480 0.045520
1482 0.047854
1506 0.020826
1523 0.045565
1532 0.014555
1548 0.076608
1633 0.048522
1636 0.020826
1652 0.028912
1704 0.028912
1767 0.033784
1773 0.038943
1808 0.042232
1859 0.101934
1872 0.071494
1875 0.028654
1886 0.034800
1939 0.026258
1967 0.035359
1986 0.021022
1995 0.042648
1997 0.027699
2046 0.019016
2048 0.034276
2062 0.024874
2082 0.029453
2084 0.018493
2085 0.027050
2092 0.035960
2115 0.017222
2122 0.040981
2149 0.026071
2195 0.038088
2248 0.063972
2259 0.007968
2304 0.020730
2363 0.038188
2412 0.047854
2418 0.047854
2451 0.081963
2504 0.023830
2506 0.032070
2507 0.021316
2518 0.015400
2552 0.019494
2565 0.026448
2572 0.033022
2600 0.030656
2609 0.027699
2627 0.071460
2644 0.039898
2752 0.027699
2762 0.017557
2797 0.038088
2806 0.019331
2818 0.030656
2916 0.027260
2926 0.056809
3027 0.035960
3060 0.026644
3125 0.031693
3134 0.030656
3150 0.043930
3171 0.027477
3203 0.052778
3204 0.063666
3243 0.037426
3386 0.023160
3466 0.122625
3473 0.014335
3482 0.018070
3485 0.027927
3521 0.023421
3546 0.018279
3550 0.025889
3573 0.014735
3599 0.043276
3605 0.025198
3606 0.035359
3621 0.033600
3626 0.018070
3633 0.022782
3661 0.101353
3683 0.020001
3693 0.026844
3732 0.034800
3787 0.185139
3818 0.013166
3869 0.026448
3984 0.049432
4034 0.047854
4054 0.047854
4071 0.019016
4110 0.036278
4196 0.013709
4199 0.031693
4203 0.047854
4205 0.389406
4207 0.039898
4217 0.064282
4273 0.033784
4331 0.032070
4413 0.037576
4500 0.043710
4529 0.024410
4566 0.015449
4614 0.026644
4624 0.023692
4643 0.039898
4645 0.019828
4663 0.016625
4677 0.020160
4729 0.022422
4738 0.032079
4780 0.036610
4793 0.027477
4901 0.033718
4943 0.010693
4948 0.042232
4960 0.029178
5064 0.022077
5075 0.033784
5112 0.017933
5147 0.047854
5238 0.047854
5256 0.025034
5289 0.036610
5307 0.019252
5320 0.033956
5338 0.026448
5394 0.009298
5438 0.047854
5452 0.031693
5491 0.007563
5496 0.036557
5533 0.043710
5620 0.025711
5684 0.047854
5719 0.022077
5732 0.029380
5735 0.028162
5753 0.012144
5792 0.036417
5818 0.060676
5833 0.037284
5948 0.016124
6070 0.013872
6151 0.030656
6154 0.035960
6219 0.066642
6284 0.035960
6302 0.042232
6317 0.013128
6361 0.028162
6433 0.014164
6510 0.042232
6605 0.027260
6750 0.256267
6779 0.029737
6783 0.081963
6792 0.058223
6817 0.045520
6828 0.013394
6860 0.046843
6864 0.016296
6874 0.009344
6909 0.041862
6931 0.033784
6979 0.045520
7003 0.047854
7148 0.038088
7156 0.045520
7182 0.024874
7188 0.102842
7263 0.029453
7369 0.023555
7385 0.043136
7416 0.035960
7501 0.157274
7530 0.018639
7589 0.023555
7643 0.017602
7664 0.067621
7673 0.032882
7694 0.014511
7715 0.115160
7737 0.025365
7738 0.019914
7775 0.050069
7854 0.038088
7859 0.045036
7861 0.039051
7862 0.053800
7867 0.027927
7884 0.035359
7939 0.030338
7973 0.031693
8061 0.066642
8083 0.013279
8111 0.193315
8128 0.022077
8146 0.060676
8150 0.020542
8158 0.038088
8227 0.015253
8293 0.102828
8315 0.030032
8327 0.038943
8334 0.025711
8349 0.040981
8353 0.028912
8377 0.023421
8410 0.024410
8425 0.033784
8449 0.026071
8463 0.161401
8583 0.025198
8648 0.033784
8671 0.025536
8724 0.070718
8767 0.039498
8826 0.043042
8914 0.043710
8930 0.019576
8939 0.067981
8954 0.035960
9034 0.069096
9052 0.015754
9059 0.010131
9093 0.088666
9095 0.022305
9099 0.024562
9107 0.024115
9132 0.013669
9268 0.033321
9270 0.020089
9291 0.045520
9357 0.051421
9405 0.040981
9436 0.038088
9520 0.028404
9543 0.034800
9619 0.032882
9664 0.074630
9665 0.047854
9722 0.039898
9734 0.030987
9747 0.017667
9767 0.052954
9774 0.017866
9830 0.045520
9950 0.024562
9951 0.027260
9998 0.028654
10000 0.027050
10018 0.027699
10058 0.033978
10094 0.077886
10195 0.015805
10242 0.026844
10249 0.018001
10275 0.044153
10276 0.015108
10296 0.037315
10301 0.037315
10337 0.039656
10396 0.018940
10430 0.038088
10458 0.024261
10487 0.022297
10509 0.026332
10619 0.019754
10677 0.030800
10705 0.060064
10751 0.045520
10769 0.035359
10892 0.022906
10898 0.027260
11093 0.045520
11119 0.030987
11146 0.060800
11152 0.033366
11200 0.023555
11256 0.334767
11257 0.183250
11287 0.019494
11306 0.011003
11325 0.038943
11332 0.013356
11359 0.034800
11375 0.029562
11376 0.008670
11397 0.018208
11423 0.030505
11441 0.025889
11443 0.053002
11451 0.033022
11458 0.047889
11466 0.041461
11502 0.018940
11503 0.082556
11505 0.026644
11521 0.020089
11532 0.012177
11536 0.024716
11600 0.026287
11620 0.020267
