177

99 0.040736
186 0.036297
194 0.027036
217 0.030232
318 0.092447
404 0.040755
536 0.033854
600 0.036297
632 0.037005
665 0.023652
668 0.120191
695 0.066677
723 0.070755
771 0.044176
895 0.031627
913 0.194224
929 0.102338
961 0.082005
985 0.159676
1075 0.069636
1132 0.023652
1215 0.077927
1269 0.035094
1278 0.094817
1333 0.060656
1455 0.050423
1532 0.029125
1583 0.082005
1609 0.041675
1649 0.032926
1807 0.069424
1947 0.041293
1949 0.062698
2165 0.090697
2259 0.015944
2444 0.176808
2507 0.014218
2539 0.042265
2618 0.087028
2625 0.084507
2633 0.122759
2638 0.039677
2651 0.029305
2762 0.017566
2837 0.102338
2906 0.068588
2942 0.113588
3010 0.117872
3095 0.066227
3163 0.068588
3164 0.137176
3181 0.087467
3203 0.021122
3204 0.042466
3264 0.100189
3531 0.029486
3691 0.027758
3715 0.057338
3717 0.074670
3841 0.017831
3887 0.051805
3917 0.045104
3926 0.036861
3992 0.073257
4063 0.040920
4317 0.046867
4333 0.042466
4462 0.042671
4529 0.097691
4536 0.074670
4584 0.084507
4708 0.025755
4901 0.033735
4943 0.064191
5067 0.043514
5073 0.095757
5324 0.036297
5345 0.164945
5468 0.044634
5491 0.030266
5569 0.038365
5681 0.042877
5795 0.043732
5833 0.037303
5947 0.046603
6060 0.072593
6064 0.113588
6070 0.027758
6097 0.040920
6144 0.047408
6211 0.045836
6281 0.225521
6436 0.306851
6657 0.054982
6796 0.051099
6874 0.018699
6875 0.164011
6878 0.095372
6968 0.047408
7020 0.102338
7023 0.055426
7062 0.038560
7111 0.018652
7126 0.172635
7127 0.087467
7150 0.036576
7200 0.091088
7215 0.064175
7360 0.113588
7479 0.091088
7498 0.013284
7607 0.068588
7705 0.070755
7707 0.119547
7714 0.262400
7738 0.039849
7788 0.019815
7859 0.011265
7861 0.026048
7911 0.046344
7925 0.056839
7936 0.049773
7981 0.103759
8128 0.088353
8157 0.035094
8252 0.113588
8253 0.084507
8343 0.036861
8404 0.019516
8449 0.052170
8455 0.097825
8462 0.045836
8629 0.053316
8761 0.055845
8762 0.054127
8826 0.006625
9115 0.206463
9116 0.044176
9134 0.113588
9328 0.034216
9351 0.051099
9353 0.095757
9444 0.035094
9452 0.054549
9568 0.039849
9688 0.098298
9725 0.181378
9761 0.031216
9767 0.084771
9782 0.102338
9860 0.066677
9865 0.029762
9919 0.124447
10031 0.084507
10058 0.022664
10133 0.064966
10147 0.057853
10187 0.069636
10215 0.061345
10255 0.139271
10276 0.241860
10403 0.051448
10415 0.062007
10423 0.026122
10510 0.064175
10711 0.142225
10772 0.084507
10918 0.113588
10999 0.052170
11031 0.108255
11152 0.033384
11242 0.039173
11297 0.082005
11349 0.047968
11600 0.026301
11636 0.087028
11637 0.069424
