78

90 0.150140
111 0.052060
455 0.048360
630 0.213116
665 0.040599
917 0.073648
1106 0.062304
1132 0.040599
1237 0.251498
1807 0.059584
1940 0.111336
2041 0.130828
2067 0.080910
2312 0.194979
2519 0.084366
2690 0.062543
2720 0.067527
2805 0.092206
2950 0.089551
3423 0.059369
3450 0.111517
3455 0.076220
3482 0.062067
3487 0.156356
3492 0.044460
3860 0.156356
4071 0.065319
4211 0.058525
4215 0.032016
4520 0.046816
4573 0.034889
4663 0.057106
4738 0.036729
5135 0.038093
5143 0.115816
5151 0.140765
5297 0.256313
5468 0.076615
5529 0.041487
5582 0.194979
5753 0.041713
6070 0.047647
6331 0.116045
6406 0.242909
6587 0.039951
6812 0.314720
6874 0.096290
7039 0.080450
7062 0.088253
7120 0.213642
7143 0.059155
7497 0.060462
7641 0.041487
7818 0.112946
7989 0.067241
8455 0.027987
8819 0.083334
8920 0.069925
8931 0.017087
9097 0.060240
9568 0.068402
9592 0.068700
9625 0.083334
9783 0.055756
9872 0.073246
10017 0.059584
10054 0.125749
10092 0.341455
10195 0.054289
10279 0.064534
10326 0.093905
10352 0.062304
10507 0.065586
11025 0.087434
11096 0.088313
11121 0.038495
11600 0.022573
11605 0.126864
