99

23 1.018225
26 1.070931
74 0.942504
111 0.811527
175 1.226501
586 0.747158
665 0.632874
1002 1.307020
1007 4.399579
1090 1.641474
1093 1.405946
1106 0.971228
1132 1.898622
1237 1.960233
1929 5.164904
1940 2.314065
1950 1.534264
2052 1.367316
2053 1.548052
2091 1.219870
2154 1.355373
2185 1.182082
2550 0.801368
2576 0.854723
2585 1.471212
2696 0.683388
2711 1.562293
3048 1.254084
3121 0.784142
3236 0.974956
3423 0.925471
3464 1.426630
3492 0.693061
3573 0.788994
3611 1.972671
3691 0.742749
4196 0.734063
4458 1.043779
4663 0.890195
4669 1.696991
4677 0.539727
4708 0.689166
4769 1.152923
5083 1.349218
5135 1.187620
5346 1.760661
5491 0.404937
5521 1.307020
5624 4.399579
5892 1.340444
5926 0.698970
6060 0.971228
6106 1.608050
6174 1.863323
6215 1.520900
6380 0.942504
6421 0.590708
6434 1.863323
6508 1.925471
6806 1.355373
6960 1.213339
7061 0.478313
7062 0.343932
7165 2.230270
7497 0.942504
7694 2.330889
7745 0.806418
8227 0.816698
8338 0.953054
8440 1.386202
8455 0.436270
8498 1.340444
8499 1.592752
8539 1.336693
8728 1.233234
8826 0.531848
8829 0.648479
8920 1.090024
8931 0.266359
9052 0.843514
9132 0.731918
9242 2.261570
9248 2.136324
9461 0.721351
9568 1.066286
9618 0.960233
9767 0.567079
10092 0.887126
10309 0.994091
10326 0.731918
10677 0.824570
10890 0.930766
11025 0.681479
11258 1.386202
11306 0.589165
11375 0.791441
11451 0.884078
11605 1.318406
11606 1.864408
