390

43 2.194316
71 0.878046
109 1.233234
122 0.978716
138 2.039414
148 1.120336
157 1.358173
194 0.723444
213 0.840757
346 1.013319
404 0.545260
405 2.738384
458 2.241474
467 2.453002
526 1.592256
577 1.291226
586 1.494316
595 1.808965
600 1.942457
604 1.495346
659 3.568283
671 1.784142
754 2.340444
771 2.364163
802 1.659203
806 1.376656
883 1.520900
897 0.860437
990 1.340444
1001 4.874708
1037 1.283539
1269 1.878087
1278 1.268562
1284 2.160745
1313 2.194316
1385 27.252889
1436 1.534264
1456 4.245412
1466 1.818161
1480 2.437354
1506 1.115135
1523 2.439740
1532 1.558685
1539 2.738384
1548 2.734633
1574 1.760661
1605 0.893286
1633 2.598103
1636 2.230270
1652 1.548052
1704 3.096105
1767 1.808965
1773 2.085172
1796 1.459631
1807 0.928824
1808 2.261263
1831 0.767573
1859 3.638669
1869 3.039414
1872 3.828081
1875 1.534264
1939 1.405946
1967 1.893286
1986 1.125600
1995 2.283574
1997 1.483112
2024 1.022381
2046 1.018225
2048 1.835294
2062 1.331844
2071 0.971228
2082 1.577016
2084 0.990196
2085 1.448350
2092 1.925471
2122 2.194316
2149 1.395961
2154 0.677686
2189 1.760661
2248 3.425361
2259 0.426630
2268 0.760661
2304 1.109995
2363 2.044762
2412 2.562293
2418 2.562293
2451 6.582948
2504 1.275986
2506 3.434390
2507 1.141348
2518 0.824570
2552 1.043779
2565 1.416165
2572 1.768156
2600 1.641474
2609 1.483112
2627 3.826281
2644 2.136324
2690 0.974956
2752 1.483112
2762 1.880161
2797 2.039414
2806 1.035093
2881 1.624441
2916 1.459631
2926 3.041800
2996 1.340444
3060 1.426630
3091 3.039414
3095 0.590708
3122 0.765256
3125 1.696991
3134 1.641474
3150 2.352183
3156 1.376656
3171 1.471212
3203 3.391187
3204 4.545297
3243 2.003975
3275 0.611279
3370 1.109995
3386 1.240074
3466 4.924422
3473 2.302718
3482 0.967532
3485 1.495346
3521 1.254084
3546 0.978716
3550 1.386202
3567 0.711035
3573 0.788994
3582 2.085172
3598 1.534264
3599 2.317201
3605 1.349218
3606 1.893286
3621 1.799070
3626 0.967532
3661 3.617930
3683 1.070931
3691 2.228247
3693 1.437354
3732 1.863323
3787 15.577813
3818 0.704960
3984 2.646822
4034 2.562293
4054 2.562293
4071 1.018225
4110 1.942457
4196 0.734063
4199 1.696991
4203 2.562293
4205 23.303514
4207 2.136324
4213 1.254084
4217 4.589278
4273 3.617930
4319 2.136324
4413 2.011981
4500 2.340444
4526 1.641474
4614 1.426630
4623 1.534264
4624 1.268562
4643 2.136324
4645 1.061691
4663 0.890195
4677 1.079454
4687 1.835294
4729 1.200565
4734 0.619458
4738 1.717639
4780 1.960233
4844 2.085172
4901 0.902694
4943 0.572546
4960 1.562293
5050 0.945992
5064 1.182082
5075 1.808965
5112 0.960233
5147 2.562293
5227 1.291226
5238 2.562293
5256 1.340444
5289 1.960233
5307 1.030814
5320 1.818161
5327 1.835294
5338 1.416165
5394 0.497835
5438 2.562293
5452 1.696991
5491 0.404937
5496 1.957433
5533 2.340444
5635 2.261263
5684 2.562293
5692 0.753857
5719 1.182082
5732 0.786561
5753 0.650248
5792 1.949912
5818 3.248882
5833 1.497254
5948 0.863323
5990 2.738384
6070 0.742749
6112 0.501595
6123 3.434390
6151 1.641474
6154 1.925471
6219 1.784142
6284 1.925471
6302 2.261263
6317 1.405909
6361 1.507935
6379 1.998021
6433 0.758381
6510 2.261263
6605 1.459631
6616 1.799070
6750 11.761397
6779 3.184512
6783 4.388632
6792 1.039172
6817 2.437354
6828 0.717195
6860 3.762253
6864 0.872539
6874 1.000676
6878 2.551972
6909 2.241474
6931 1.808965
6979 2.437354
7003 2.562293
7008 0.878046
7148 2.039414
7156 2.437354
7182 1.331844
7188 4.129969
7217 0.796376
7263 3.154032
7369 1.261263
7385 2.309704
7411 0.893286
7416 1.925471
7501 6.315854
7530 0.998021
7583 1.659203
7589 1.261263
7641 0.646717
7643 0.942504
7664 3.620716
7673 1.760661
7694 0.776963
7715 3.699702
7737 1.358173
7775 2.680888
7826 1.299051
7854 2.039414
7859 2.411414
7861 2.090974
7862 2.880699
7867 1.495346
7884 1.893286
7894 2.340444
7922 1.835294
7939 1.624441
8061 3.568283
8111 12.421113
8128 1.182082
8146 3.248882
8158 2.039414
8227 0.816698
8293 11.011765
8327 2.085172
8334 1.376656
8349 2.194316
8353 1.548052
8377 1.254084
8381 1.164353
8404 1.044436
8425 1.808965
8449 1.395961
8452 1.738384
8455 0.872539
8463 7.681863
8512 1.750123
8583 1.349218
8648 1.808965
8671 1.367316
8724 3.786572
8767 0.704960
8826 1.950110
8914 2.340444
8930 1.048188
8954 1.925471
9034 3.699702
9052 2.530543
9059 0.542484
9093 4.747545
9095 1.194316
9099 1.315138
9107 1.291226
9132 0.731918
9137 1.448350
9268 1.784142
9270 1.075626
9291 2.437354
9357 2.753313
9405 2.194316
9429 2.136324
9461 0.721351
9476 3.039414
9520 1.520900
9543 1.863323
9619 1.760661
9665 2.562293
9667 1.158601
9722 2.136324
9734 1.659203
9747 0.945992
9767 3.402471
9774 0.956629
9784 3.039414
9830 2.437354
9865 0.796376
9950 1.315138
9951 1.459631
10000 1.448350
10018 1.483112
10058 2.425779
10094 2.085172
10195 0.846290
10200 1.863323
10242 1.437354
10249 0.963867
10275 2.364163
10276 0.808965
10279 1.005990
10301 1.998021
10337 3.185072
10352 0.971228
10396 1.014108
10423 0.698970
10430 4.078828
10433 1.052642
10458 1.299051
10487 1.790803
10509 1.409921
10619 1.057738
10677 3.298281
10705 3.216101
10711 1.268562
10752 3.039414
10769 3.786572
10793 3.039414
10892 1.226501
10932 2.437354
11093 2.437354
11112 1.863323
11146 3.255515
11152 2.679858
11200 1.261263
11256 17.145540
11257 8.585505
11287 1.043779
11306 0.589165
11325 2.085172
11332 0.715132
11359 1.863323
11375 2.374323
11376 0.464226
11397 0.974956
11423 1.633395
11441 1.386202
11443 2.837977
11451 1.768156
11458 2.564168
11466 3.329986
11502 1.014108
11503 5.304468
11521 1.075626
11526 0.890195
11532 0.652024
11536 1.323411
11600 1.055655
11620 1.085172
