202

23 0.060715
63 0.056408
71 0.026178
103 0.145478
120 0.271853
194 0.021569
308 0.027297
318 0.024584
346 0.060423
364 0.081643
404 0.032513
447 0.035983
458 0.044552
552 0.029873
586 0.044552
602 0.043518
630 0.033016
634 0.036768
637 0.152170
717 0.471925
814 0.090618
831 0.024427
917 0.017114
992 0.034543
1193 0.090618
1269 0.027997
1296 0.029068
1364 0.045344
1387 0.032354
1390 0.038968
1391 0.069779
1400 0.041620
1542 0.097088
1617 0.076994
1649 0.026268
1666 0.022476
1807 0.083077
1831 0.022885
2058 0.026819
2062 0.119124
2115 0.054986
2174 0.084927
2220 0.048431
2268 0.158750
2272 0.065422
2524 0.062502
2548 0.030607
2576 0.076449
2638 0.063307
2915 0.048431
2950 0.041620
3027 0.057406
3029 0.045344
3095 0.017612
3166 0.048939
3174 0.326571
3219 0.065422
3275 0.018225
3322 0.041620
3377 0.044958
3417 0.032069
3418 0.090618
3423 0.165553
3473 0.022885
3482 0.028846
3531 0.047047
3535 0.029993
3573 0.070570
3621 0.026819
3683 0.031929
3818 0.021018
3969 0.145336
4063 0.032645
4071 0.030358
4148 0.058359
4211 0.027200
4258 0.050595
4451 0.052357
4520 0.021758
4534 0.035243
4538 0.066804
4542 0.126666
4677 0.016092
4901 0.053826
4969 0.034042
4987 0.047472
5012 0.049326
5036 0.046579
5067 0.034714
5081 0.030733
5100 0.020899
5345 0.043863
5363 0.110916
5389 0.058443
5394 0.029685
5468 0.071215
5472 0.069779
5496 0.029180
5529 0.019281
5719 0.105729
5795 0.104664
5821 0.027395
5833 0.044639
5867 0.053933
6060 0.086869
6220 0.042222
6283 0.032069
6320 0.362471
6421 0.017612
6559 0.059511
6587 0.018568
6616 0.053638
6627 0.204249
6864 0.013007
6874 0.014917
6922 0.069779
7023 0.044218
7061 0.014261
7078 0.063693
7082 0.034206
7111 0.029760
7124 0.046579
7139 0.090618
7340 0.054718
7368 0.032210
7377 0.038043
7443 0.090618
7498 0.021196
7530 0.029755
7631 0.067418
7635 0.021018
7668 0.048939
7735 0.404447
7859 0.008987
7864 0.069776
7878 0.055554
7919 0.098936
7929 0.362756
7956 0.453089
7959 0.058443
7969 0.065422
7971 0.181378
7989 0.062502
8007 0.049970
8128 0.035243
8230 0.053933
8237 0.034888
8239 0.053193
8245 0.030989
8301 0.076393
8377 0.037390
8529 0.031791
8532 0.056447
8784 0.027793
8785 0.177203
8826 0.036999
8931 0.047648
8962 0.090618
9051 0.134236
9059 0.016174
9103 0.059569
9104 0.026633
9130 0.022885
9132 0.021822
9137 0.043181
9207 0.090618
9366 0.039964
9579 0.078420
9618 0.028629
9646 0.036370
9668 0.051197
9669 0.023094
9747 0.056408
9748 0.053193
9963 0.051829
9977 0.048939
10015 0.031791
10059 0.052493
10092 0.026449
10195 0.050463
10254 0.049468
10279 0.059986
10331 0.209971
10352 0.028956
10475 0.064366
10485 0.090618
10487 0.017797
10492 0.090618
10521 0.110304
10563 0.082657
10621 0.234912
10718 0.051197
10739 0.081643
10827 0.051197
10871 0.145336
10892 0.036567
11121 0.071564
11153 0.042854
11287 0.031119
11386 0.040226
11532 0.019440
11566 0.083834
