172

23 0.043378
122 0.041695
194 0.030820
243 0.099706
345 0.039713
346 0.043169
477 0.069929
522 0.093481
553 0.033406
725 0.103835
781 0.070684
865 0.134366
899 0.091010
922 0.099706
998 0.129483
1385 0.089309
1401 0.116659
1436 0.065362
1456 0.072344
1498 0.054359
1573 0.076007
1574 0.075007
1643 0.044466
1689 0.122467
1831 0.032700
1859 0.051671
1966 0.070684
2053 0.065949
2067 0.053732
2084 0.084368
2154 0.028870
2202 0.129483
2203 0.129483
2248 0.048642
2297 0.258967
2304 0.047287
2366 0.073155
2518 0.035128
2522 0.109157
2548 0.043734
2626 0.050358
2627 0.195606
2708 0.044096
2767 0.109157
2768 0.043029
2777 0.091010
2954 0.039858
3171 0.062676
3203 0.072235
3275 0.026041
3432 0.062676
3473 0.032700
3495 0.049851
3510 0.083509
3595 0.116659
3598 0.065362
3637 0.048409
3770 0.057479
3787 0.120661
3917 0.051416
3930 0.080657
4110 0.082751
4148 0.041695
4205 0.156752
4217 0.048877
4256 0.109157
4280 0.207670
4362 0.116499
4462 0.048642
4624 0.054043
4663 0.113771
4738 0.121957
4760 0.258967
5103 0.129483
5178 0.035469
5384 0.088831
5468 0.050880
5496 0.041695
5625 0.065362
5792 0.041535
5826 0.048179
5851 0.036053
5880 0.035585
5919 0.069204
5948 0.110336
6070 0.063284
6071 0.079169
6112 0.021369
6151 0.139858
6176 0.258967
6181 0.099706
6227 0.049358
6303 0.129483
6509 0.051690
6587 0.026531
6779 0.135665
6794 0.074058
6864 0.055757
6874 0.042630
7045 0.088831
7061 0.020377
7062 0.014652
7109 0.080657
7148 0.086882
7188 0.117295
7498 0.045430
7635 0.030032
7643 0.040152
7707 0.045425
7758 0.042350
7859 0.025682
7883 0.082028
7898 0.129483
7900 0.129483
7906 0.088831
7919 0.070684
7920 0.044281
7925 0.064793
7966 0.068505
8007 0.035701
8111 0.088193
8183 0.059895
8293 0.234558
8404 0.022247
8455 0.018586
8457 0.050880
8463 0.286351
8482 0.044466
8489 0.063704
8494 0.055008
8705 0.129483
8761 0.031830
8764 0.065949
8767 0.030032
8826 0.007552
8931 0.022695
9034 0.367763
9093 0.242703
9095 0.050880
9130 0.032700
9189 0.061702
9270 0.045823
9346 0.091010
9381 0.047952
9436 0.086882
9455 0.069204
9668 0.073155
9679 0.064793
9707 0.116659
9767 0.024158
9998 0.065362
10088 0.129585
10200 0.079380
10437 0.072294
10475 0.022993
10530 0.049603
10563 0.059054
10581 0.059054
10828 0.088831
10847 0.129483
11121 0.051129
11256 0.132804
11257 0.104501
11332 0.060931
11423 0.069585
11441 0.059054
11458 0.036412
11503 0.037663
11523 0.022935
11532 0.111109
11600 0.044972
11620 0.092460
