193

108 0.036712
141 0.053873
148 0.035148
179 0.039798
297 0.037085
318 0.025869
404 0.034213
418 0.051738
455 0.023651
458 0.023440
459 0.095355
467 0.076958
577 0.405094
586 0.046881
604 0.093826
700 0.076467
754 0.220279
771 0.074170
917 0.018009
927 0.076467
1035 0.063982
1140 0.170257
1155 0.067022
1456 0.106552
1466 0.028520
1523 0.459249
1548 0.042897
1574 0.055237
1636 0.244894
1767 0.056752
1787 0.067022
1807 0.029140
1815 0.095355
1835 0.040509
1872 0.020016
1967 0.059398
1979 0.051498
2008 0.048567
2011 0.073426
2046 0.031945
2115 0.028930
2131 0.031945
2146 0.051498
2149 0.043795
2165 0.025379
2176 0.050449
2224 0.035995
2248 0.035821
2259 0.013385
2268 0.047728
2304 0.034824
2507 0.023872
2518 0.103476
2530 0.067501
2627 0.120041
2633 0.034351
2665 0.095355
2690 0.030587
2762 0.014746
2842 0.137684
3203 0.070927
3255 0.042897
3351 0.034351
3383 0.115157
3410 0.085911
3465 0.054538
3495 0.073424
3499 0.094616
3621 0.028221
3917 0.075728
4148 0.030705
4213 0.039344
4217 0.107984
4219 0.058458
4437 0.046156
4468 0.171822
4538 0.035148
4552 0.048567
4708 0.086484
4732 0.065418
4734 0.019434
4796 0.037085
4960 0.049013
5135 0.018629
5178 0.026121
5256 0.126160
5320 0.028520
5363 0.038905
5394 0.046855
5460 0.039123
5491 0.012704
5529 0.020289
5620 0.043190
5689 0.078873
5692 0.023651
5758 0.076541
5833 0.015658
5946 0.068842
5957 0.076958
6151 0.051498
6227 0.036349
6272 0.053239
6466 0.033745
6509 0.114198
6666 0.073426
6826 0.141884
6864 0.013687
6909 0.023440
7061 0.030012
7085 0.065418
7111 0.015658
7118 0.038355
7123 0.036529
7129 0.076467
7143 0.086791
7188 0.129569
7282 0.057578
7283 0.050449
7387 0.039569
7498 0.044608
7501 0.066049
7530 0.031311
7642 0.095355
7709 0.042641
7715 0.193450
7738 0.066905
7758 0.031187
7904 0.040031
7929 0.047715
7972 0.039344
8007 0.026291
8009 0.050449
8083 0.022307
8111 0.129895
8150 0.034507
8157 0.029460
8345 0.060407
8356 0.060407
8377 0.039344
8404 0.016383
8419 0.035821
8449 0.043795
8452 0.054538
8463 0.180751
8482 0.032746
8494 0.040509
8512 0.027453
8555 0.055974
8589 0.055237
8605 0.023165
8677 0.042610
8761 0.023440
8763 0.134045
8767 0.110583
8826 0.050057
8931 0.016713
8982 0.058458
9034 0.116070
9062 0.033745
9080 0.055974
9093 0.148944
9351 0.042897
9562 0.030824
9568 0.033452
9618 0.060250
9669 0.024301
9767 0.026686
9770 0.032075
9889 0.065418
10077 0.041519
10147 0.048567
10378 0.021440
10403 0.043190
10505 0.047308
10677 0.077607
10718 0.053873
10856 0.060407
10890 0.014600
10892 0.038479
10903 0.048567
10981 0.098951
11152 0.028025
11256 0.097801
11257 0.076958
11306 0.018484
11375 0.099319
11441 0.130467
11443 0.029678
11456 0.048567
11458 0.053630
11475 0.045793
11503 0.055472
11573 0.160773
