194

98 1.066286
194 0.723444
404 1.090519
462 2.039414
467 1.226501
512 1.386202
577 19.368391
600 0.971228
602 1.459631
637 1.275986
647 2.340444
771 1.182082
874 2.738384
1063 2.085172
1184 2.194316
1231 1.022381
1456 2.547247
1466 1.818161
1523 13.418572
1548 1.367316
1636 1.115135
1756 1.925471
1797 0.702954
1872 0.638014
1979 1.641474
1989 1.459631
2011 2.340444
2012 5.124586
2042 1.349218
2062 1.331844
2064 1.206905
2112 1.760661
2118 1.893286
2131 1.018225
2304 2.219990
2518 1.649141
2530 0.717195
2541 2.136324
2627 0.765256
2633 1.094931
2720 1.052642
2762 1.880161
2842 2.194316
2903 3.039414
2954 0.935610
2983 1.367316
3014 0.990196
3037 1.738384
3121 0.784142
3177 1.158601
3179 0.772242
3203 4.521583
3204 1.136324
3255 1.367316
3275 1.222559
3366 1.367316
3466 1.641474
3567 1.422069
3582 2.085172
3605 1.349218
3681 1.158601
3885 1.283539
3917 2.413810
4091 1.386122
4179 1.483112
4199 1.696991
4211 0.912309
4213 1.254084
4217 2.294639
4223 2.562293
4413 1.005990
4520 0.729784
4529 1.307020
4603 2.738384
4614 1.426630
4645 1.061691
4677 1.079454
4708 0.689166
4738 0.572546
4793 1.471212
4904 1.471212
5018 2.194316
5112 0.960233
5135 0.593810
5234 1.835294
5256 1.340444
5307 1.030814
5320 0.909080
5448 2.194316
5491 0.404937
5532 0.887126
5632 1.835294
5689 1.676034
5757 1.960233
5758 1.219870
5792 1.949912
5926 0.698970
5945 1.141787
5948 0.863323
5957 3.679502
6063 1.808965
6112 0.501595
6433 0.758381
6465 2.437354
6509 6.066697
6541 3.154032
6813 0.786561
6816 0.978716
6833 1.960233
6864 0.436270
6874 1.000676
6909 0.747158
7032 1.386202
7043 1.760661
7061 0.478313
7123 2.328706
7188 1.376656
7208 1.835294
7444 2.194316
7502 1.960233
7510 2.738384
7530 0.998021
7641 0.646717
7643 1.885008
7664 2.413810
7673 1.760661
7694 0.776963
7709 1.359157
7713 1.416165
7715 2.466468
7758 0.994091
7760 1.333004
7766 2.194316
7801 3.184512
7929 1.520900
8111 1.035093
8157 0.939044
8255 2.194316
8377 1.254084
8404 1.044436
8463 1.920466
8470 1.152923
8512 0.875061
8677 1.358173
8686 2.085172
8826 2.304676
8831 2.437354
8866 2.085172
8931 0.266359
8982 1.863323
9034 2.466468
9062 1.075626
9093 3.798036
9103 1.998021
9130 0.767573
9132 0.731918
9283 1.835294
9313 1.998021
9366 2.680888
9381 1.125600
9465 5.476768
9623 0.994091
9634 2.494045
9642 1.283539
9667 1.158601
9691 2.562293
9747 0.945992
9767 1.134157
9933 1.075626
9970 3.039414
9971 1.448350
9994 1.998021
10058 1.819334
10082 1.254084
10251 1.182082
10309 2.982273
10378 2.050165
10509 0.704960
10562 1.863323
10677 1.649141
10711 1.268562
10892 1.226501
11015 1.075626
11121 1.200163
11256 2.338028
11257 8.585505
11306 0.589165
11325 4.170343
11375 1.582882
11376 0.464226
11441 2.772403
11443 1.891985
11456 1.548052
11503 1.768156
