63

7 5.396872
111 0.811527
346 0.506660
630 2.214771
866 1.808965
1106 0.971228
1592 1.120336
1940 1.735549
2417 1.717195
2696 0.683388
2768 1.010030
3095 0.590708
3122 1.530513
3179 0.772242
3415 1.386202
3450 1.738384
3492 1.386122
3546 1.957433
4315 0.756113
4613 0.902694
4832 1.548052
4943 0.572546
5081 1.030814
5135 0.593810
5241 1.696991
5320 1.818161
5333 1.998021
5394 0.497835
5740 1.268562
5892 1.340444
6430 2.437354
6587 1.868321
6874 1.501014
7154 1.376656
7253 2.562293
7497 0.942504
7641 1.293434
7745 1.612836
8309 3.039414
8338 0.953054
8437 3.039414
8455 0.436270
8826 0.177283
8893 1.483112
8931 0.266359
9035 2.039414
9461 0.721351
9592 2.141862
10023 2.562293
10092 1.774252
10228 2.426679
10279 1.005990
10326 0.731918
10487 0.596934
10507 1.022381
10509 0.704960
11025 2.044438
11328 1.152923
11376 0.464226
11401 4.078828
11534 1.696991
11605 0.659203
11606 0.932204
