151

20 4.449335
175 1.226501
176 1.358173
398 1.376656
455 0.753857
477 1.641474
865 1.577016
917 0.574031
1466 0.909080
1487 0.838017
1592 1.120336
1613 5.293643
1649 0.881052
1652 3.096105
1804 1.323411
1902 5.070541
1989 1.459631
2149 1.395961
2259 0.853261
2263 1.405946
2363 2.044762
2507 1.141348
2518 1.649141
2572 0.884078
2626 1.182082
2690 0.974956
2763 0.756113
2804 1.164353
2816 2.136324
3012 6.078828
3203 2.260791
3211 1.717195
3255 1.367316
3449 1.738384
3634 1.459631
3685 1.437354
3818 0.704960
3828 2.085172
3850 0.758381
3944 1.784142
3988 7.042642
4079 10.217414
4091 0.693061
4211 0.912309
4215 0.499085
4340 1.459631
4451 0.878046
4520 0.729784
4532 1.863323
4566 0.827227
4613 0.902694
4663 0.890195
4943 0.572546
5199 6.659220
5200 1.659203
5491 0.404937
5689 0.838017
5705 15.197071
5734 1.686879
5743 0.749380
5749 0.967532
5920 1.233234
6167 2.219990
6211 1.226501
6421 3.544247
6530 2.562293
6587 0.622774
6596 1.760661
6635 1.233234
6652 1.717195
6653 1.960233
6792 1.558758
6864 1.308809
6907 2.194316
6935 2.738384
7022 3.039414
7050 2.328706
7082 1.147320
7123 1.164353
7125 1.416165
7182 1.331844
7273 2.340444
7274 2.085172
7385 1.539802
7393 2.039414
7460 1.980392
7498 0.710934
7664 1.206905
7709 0.679579
7715 2.466468
7775 1.340444
7788 1.060423
7859 0.904280
7861 0.696991
7915 1.043779
8083 0.711035
8157 0.939044
8281 1.367316
8287 3.521321
8351 1.233234
8455 0.436270
8457 1.194316
8499 0.796376
8605 0.738384
8646 1.863323
8653 1.080373
8761 0.747158
8767 0.704960
8808 1.696991
8826 0.531848
9255 1.405946
9366 2.680888
9370 1.534264
9538 1.052642
9564 2.562293
9568 1.066286
9579 1.315138
9593 0.949509
9677 1.268562
9723 5.776412
9747 0.945992
9767 0.283539
9788 1.608050
9928 2.194316
9950 1.315138
10078 2.437354
10239 3.039414
10279 1.005990
10378 0.683388
10397 0.846290
10475 1.079454
10487 1.193869
10619 1.057738
10700 1.835294
10714 2.194316
10799 2.562293
10891 1.677686
10933 1.808965
11139 1.426630
11150 1.022381
11152 2.679858
11194 1.014108
11396 0.942504
11437 1.213339
11501 1.254084
11503 0.884078
11523 0.538355
11532 0.652024
11536 1.323411
11547 1.039414
11600 0.351885
