85

63 0.068811
71 0.063868
103 0.088732
198 0.083863
269 0.177291
306 0.221085
476 0.129777
913 0.302425
917 0.041755
1333 0.236120
1364 0.110629
1378 0.100831
1466 0.066126
1542 0.059217
1649 0.064087
1721 0.054348
1750 0.129777
1831 0.055833
1835 0.187846
1859 0.044112
2165 0.058844
2363 0.074367
2572 0.064307
2618 0.084694
2626 0.085984
2633 0.079645
2768 0.073469
3179 0.056172
3203 0.082224
3681 0.084276
3841 0.069411
3928 0.104552
3931 0.221085
5050 0.137622
5111 0.137716
5324 0.070646
5734 0.040901
6071 0.045059
6112 0.036486
6421 0.042968
6436 0.199082
6587 0.045300
7041 0.100137
7046 0.133498
7126 0.056002
7377 0.278443
7498 0.103426
7704 0.103738
7859 0.043851
7981 0.201954
8083 0.051720
8192 0.140057
8455 0.063468
8485 0.081114
8498 0.097503
8512 0.063651
8605 0.053710
8613 0.109686
8642 0.131583
8826 0.012895
8931 0.038750
9116 0.085984
9381 0.081875
9444 0.068305
9655 0.170242
9668 0.124908
9747 0.068811
9767 0.020624
9873 0.100137
9903 0.057748
9933 0.078240
10185 0.067808
10251 0.085984
10352 0.070646
10397 0.061559
10475 0.039259
10509 0.051278
10619 0.038470
10711 0.092274
10762 0.199188
10890 0.033852
11184 0.177291
11306 0.085711
11503 0.064307
11637 0.202686
