199

68 1.520900
148 1.120336
195 2.261263
199 1.349218
304 1.104916
308 0.915562
345 1.864408
346 1.013319
352 1.331844
404 0.545260
604 1.495346
689 1.268562
739 1.893286
798 1.307020
897 0.860437
950 6.565896
1168 2.437354
1302 3.393983
1385 1.048188
1387 4.340686
1464 1.459631
1574 1.760661
1613 1.323411
1636 1.115135
1660 4.388632
1666 0.753857
1700 1.808965
1716 1.659203
1730 3.096105
1731 2.039414
1767 3.617930
1797 0.702954
1798 1.176091
1859 4.245114
1872 0.638014
1902 1.014108
1952 1.507935
1988 2.039414
2002 2.551972
2084 0.990196
2131 1.018225
2185 1.182082
2259 0.426630
2498 2.194316
2499 1.307020
2507 0.760899
2627 0.765256
2638 1.061691
2690 0.974956
2801 1.200565
2996 1.340444
3017 1.835294
3095 0.590708
3144 1.592256
3203 0.565198
3233 1.548052
3236 0.974956
3245 2.194316
3439 1.960233
3495 1.170182
3578 1.835294
3700 1.283539
3770 1.349218
3787 1.416165
3841 0.477121
4091 0.693061
4110 0.971228
4181 6.083601
4205 2.453002
4215 0.499085
4315 1.512226
4447 4.345049
4514 4.078828
4566 0.827227
4624 1.268562
4627 1.784142
4738 2.290186
4833 1.677686
4964 1.057143
5100 0.700958
5141 1.624441
5171 1.677686
5178 1.665176
5243 1.483112
5291 2.194316
5307 1.030814
5324 0.971228
5376 1.261263
5494 1.738384
5532 0.887126
5556 2.136324
5712 0.967532
5734 1.686879
5743 1.498759
5758 1.219870
5792 0.974956
5826 1.130929
6112 0.501595
6167 1.109995
6291 1.612836
6308 0.749380
6362 3.920466
6452 1.659203
6587 0.622774
6613 2.340444
6740 1.808965
6792 1.039172
6837 1.240074
6864 0.872539
6931 1.808965
6965 1.147320
6971 1.808965
7061 0.478313
7062 0.343932
7111 0.499085
7118 0.611279
7188 1.376656
7217 0.796376
7263 1.577016
7264 1.641474
7297 1.534264
7300 1.960233
7641 1.293434
7859 3.918548
7861 0.696991
7887 0.971228
7981 0.925471
8048 1.188156
8083 0.711035
8111 1.035093
8194 2.437354
8227 1.633395
8293 3.670588
8382 2.078828
8383 1.426630
8404 1.044436
8434 2.136324
8441 2.194316
8463 0.960233
8489 1.495346
8508 1.283539
8581 1.760661
8583 1.349218
8605 0.738384
8725 1.835294
8784 0.932204
8785 0.849082
8826 1.418262
8827 1.696991
8879 1.659203
8919 0.760661
8931 0.266359
9019 1.057143
9052 0.843514
9059 0.542484
9065 0.915562
9093 0.949509
9104 1.786572
9137 1.448350
9313 1.998021
9380 1.136324
9538 1.052642
9593 2.848527
9767 0.567079
9783 0.869152
9865 0.796376
9944 1.182082
10024 2.261263
10030 3.068528
10036 0.736218
10080 1.507935
10094 2.085172
10118 1.717195
10423 1.397940
10556 3.546245
10619 0.528869
10639 2.240672
10747 1.960233
10770 1.960233
10786 2.437354
10823 2.261263
10861 2.085172
10879 1.960233
10890 0.465383
11160 15.588617
11162 1.254084
11166 2.039414
11210 4.245412
11228 1.141787
11289 2.340444
11325 2.085172
11375 0.791441
11376 1.392679
11423 2.450093
11443 0.945992
11503 0.884078
11600 1.407541
11623 2.340444
11659 2.194316
