53

111 0.096311
268 0.147994
455 0.089466
483 0.148832
485 0.141008
508 0.091928
744 0.178959
1132 0.075108
1929 0.306481
1940 0.137315
2137 0.206308
2259 0.050632
2576 0.202874
2651 0.093060
3136 0.170583
3185 0.192786
3249 0.260417
3492 0.082251
3841 0.056624
4359 0.254192
4613 0.107130
5177 0.140287
5333 0.237122
5491 0.048057
5605 0.221136
5734 0.066732
6291 0.095704
6380 0.111855
6587 0.073910
7062 0.040817
7099 0.289261
7497 0.111855
7641 0.076751
7745 0.095704
8057 0.221136
8338 0.113107
8352 0.101437
8829 0.076960
8920 0.129362
8931 0.031611
9052 0.200213
9767 0.033650
9942 0.164512
10326 0.086863
10596 0.141739
10646 0.143997
10677 0.097858
10890 0.055231
11025 0.080877
11210 0.201535
11376 0.055094
11451 0.104921
11606 0.110632
