192

7 0.058941
26 0.023392
30 0.191718
64 0.031161
74 0.102934
79 0.020142
111 0.017726
122 0.064133
188 0.048942
206 0.040700
216 0.032662
268 0.054476
281 0.051121
308 0.019998
346 0.077467
404 0.011910
418 0.036022
455 0.016466
458 0.032640
552 0.087544
593 0.034779
603 0.047930
630 0.241882
632 0.043257
665 0.069118
685 0.049392
831 0.017896
866 0.039513
895 0.036970
897 0.018794
917 0.025077
1007 0.048049
1132 0.069118
1135 0.056072
1355 0.049392
1364 0.033220
1461 0.041354
1499 0.022992
1532 0.017023
1831 0.050297
1940 0.126363
2058 0.019648
2071 0.021214
2186 0.140496
2230 0.031161
2259 0.009319
2319 0.061865
2366 0.037508
2419 0.045546
2613 0.045546
2696 0.029854
2702 0.041354
2801 0.026223
2804 0.025432
2996 0.029279
3056 0.037067
3122 0.033430
3236 0.021296
3275 0.013352
3423 0.020215
3464 0.031161
3473 0.016766
3492 0.060553
3546 0.042755
3573 0.017234
3613 0.021973
3621 0.019648
3693 0.031396
3758 0.025820
3813 0.098784
3889 0.044546
4215 0.021803
4315 0.016515
4562 0.034446
4615 0.032395
4617 0.032135
4663 0.019444
4670 0.035482
4677 0.011789
4834 0.023091
4904 0.064270
4943 0.012506
4964 0.023091
5012 0.090344
5042 0.034125
5084 0.034446
5096 0.037067
5135 0.090792
5143 0.039434
5168 0.053005
5241 0.148267
5334 0.053238
5457 0.031636
5491 0.008845
5605 0.122099
5624 0.048049
5678 0.043088
5753 0.014203
5797 0.023290
5833 0.010901
5857 0.073413
6112 0.010956
6418 0.127529
6430 0.053238
6433 0.016565
6457 0.032662
6587 0.013603
6780 0.045546
6806 0.014802
6813 0.017181
6837 0.027086
6864 0.009529
6874 0.010929
6909 0.016320
6960 0.026502
6975 0.030710
7062 0.127710
7111 0.010901
7120 0.018186
7131 0.063271
7143 0.020142
7154 0.030070
7165 0.024357
7217 0.017395
7253 0.055967
7387 0.027549
7398 0.049392
7497 0.041173
7498 0.007764
7515 0.030710
7641 0.056504
7668 0.107562
7745 0.035229
7948 0.030070
7989 0.068685
8083 0.031062
8245 0.022704
8330 0.059813
8338 0.020817
8352 0.018669
8382 0.022704
8440 0.030278
8455 0.019059
8500 0.066389
8513 0.034446
8537 0.035854
8539 0.029197
8826 0.085191
8829 0.014164
8920 0.023809
9075 0.033220
9097 0.041022
9107 0.056407
9189 0.031636
9242 0.016466
9333 0.031161
9370 0.033512
9393 0.133638
9625 0.028375
9767 0.012386
9865 0.017395
9971 0.031636
10015 0.023290
10017 0.040576
10023 0.111934
10036 0.016081
10058 0.013246
10092 0.213148
10222 0.032135
10228 0.026502
10326 0.047961
10378 0.014927
10401 0.044663
10423 0.045802
10475 0.011789
10487 0.013039
10589 0.028726
10619 0.011552
10637 0.085633
10646 0.053005
10661 0.032937
10890 0.010165
10985 0.044546
11122 0.095859
11210 0.018546
11328 0.075549
11332 0.015620
11349 0.028036
11523 0.011759
11600 0.007686
11605 0.057595
11606 0.081447
