207

68 0.050867
148 0.037470
195 0.075628
199 0.045125
304 0.036954
308 0.030621
345 0.062355
346 0.033890
352 0.044544
404 0.018236
440 0.085696
604 0.050012
689 0.042427
739 0.063321
798 0.043713
897 0.028777
950 0.219596
1168 0.081517
1302 0.113512
1385 0.035057
1387 0.145174
1444 0.048817
1464 0.048817
1574 0.058885
1613 0.044261
1636 0.037296
1660 0.146778
1666 0.025213
1700 0.060501
1716 0.055492
1730 0.103549
1731 0.068208
1767 0.121002
1797 0.023510
1798 0.039334
1859 0.121695
1872 0.021338
1902 0.033917
1952 0.050433
1988 0.068208
2002 0.085351
2084 0.033117
2131 0.068109
2185 0.039535
2259 0.014269
2344 0.043713
2498 0.073389
2499 0.043713
2507 0.025448
2627 0.025594
2638 0.035508
2690 0.032607
2756 0.052743
2801 0.040153
2996 0.044831
3017 0.061381
3095 0.019756
3144 0.053253
3203 0.018903
3233 0.051775
3236 0.032607
3245 0.073389
3439 0.065560
3495 0.039137
3578 0.061381
3700 0.042928
3770 0.045125
3787 0.047364
3841 0.015957
4091 0.023179
4110 0.032483
4181 0.203466
4205 0.082041
4215 0.016692
4315 0.050576
4447 0.145320
4514 0.136416
4566 0.027667
4624 0.042427
4627 0.059671
4738 0.076595
4833 0.056110
4964 0.035356
5100 0.023444
5141 0.054329
5171 0.056110
5178 0.055692
5222 0.054899
5243 0.049603
5291 0.073389
5307 0.034476
5324 0.032483
5376 0.042183
5494 0.058140
5532 0.029670
5556 0.071449
5712 0.032359
5734 0.056418
5743 0.025063
5758 0.040799
5792 0.032607
5826 0.037824
6112 0.016776
6167 0.037124
6291 0.053941
6308 0.025063
6362 0.131120
6452 0.055492
6587 0.020829
6613 0.078276
6740 0.060501
6792 0.034755
6837 0.041474
6864 0.029182
6931 0.060501
6965 0.038372
6971 0.060501
7062 0.011503
7111 0.016692
7118 0.020444
7188 0.046042
7217 0.026635
7263 0.052743
7264 0.054899
7297 0.051313
7300 0.065560
7641 0.043259
7764 0.101653
7859 0.141137
7861 0.046622
7887 0.032483
7981 0.030952
8048 0.039738
8083 0.023781
8111 0.034619
8194 0.081517
8227 0.054629
8293 0.122763
8382 0.069526
8383 0.047714
8404 0.034931
8434 0.071449
8441 0.073389
8463 0.032115
8489 0.050012
8508 0.042928
8581 0.058885
8583 0.045125
8605 0.024695
8725 0.061381
8784 0.031178
8785 0.028398
8826 0.053363
8827 0.056756
8879 0.055492
8919 0.025440
8931 0.008908
9019 0.035356
9052 0.028211
9059 0.018143
9065 0.030621
9093 0.031756
9104 0.059752
9130 0.025671
9137 0.048440
9313 0.066824
9322 0.055492
9380 0.038004
9538 0.035206
9593 0.095269
9669 0.025906
9767 0.018966
9783 0.029069
9865 0.026635
9944 0.039535
10024 0.075628
10030 0.102627
10036 0.024623
10080 0.050433
10094 0.069739
10118 0.057432
10423 0.046754
10556 0.118604
10619 0.035376
10639 0.074939
10677 0.027578
10747 0.065560
10770 0.065560
10786 0.081517
10823 0.075628
10861 0.069739
10879 0.065560
10890 0.015565
11160 0.521361
11162 0.041943
11166 0.068208
11210 0.141988
11228 0.038187
11289 0.078276
11325 0.069739
11376 0.046578
11423 0.081943
11443 0.031639
11503 0.029568
11600 0.047075
11623 0.078276
11659 0.073389
