132

26 1.070931
65 1.534264
103 1.219870
123 2.919261
161 2.261263
198 1.152923
305 8.157656
308 0.915562
318 0.824570
334 1.367316
377 2.136324
404 0.545260
424 1.358173
508 0.774596
586 1.494316
597 2.039414
604 1.495346
921 1.548052
1112 0.765256
1306 4.522526
1311 3.039414
1721 4.482948
1796 1.459631
1807 0.928824
1831 0.767573
1859 0.606445
1956 1.738384
1991 1.066286
1995 2.283574
2166 1.507935
2455 1.703787
2638 1.061691
2639 2.340444
2648 2.738384
2667 1.376656
2708 1.035093
2718 1.275986
2768 1.010030
2824 1.158601
2922 1.213339
2950 1.395961
2995 1.495346
2996 2.680888
3095 0.590708
3101 2.562293
3218 1.534264
3423 0.925471
3432 1.471212
3482 0.967532
3492 0.693061
3500 1.608050
3573 0.788994
3688 2.136324
3850 0.758381
3938 1.233234
3951 0.704960
4091 1.386122
4148 0.978716
4215 0.499085
4348 3.039414
4769 2.305847
4857 2.085172
4938 1.367316
5053 1.080373
5054 3.850942
5135 0.593810
5143 2.708081
5178 0.832588
5182 2.340444
5496 0.978716
5513 2.085172
5529 0.646717
5601 7.794309
5607 9.118242
5732 0.786561
5795 1.170182
5826 1.130929
5851 0.846290
5938 2.261263
6070 0.742749
6291 2.419254
6308 0.749380
6421 2.953539
6456 0.806418
6627 1.141787
6792 0.519586
6796 19.142428
6802 2.011981
6975 1.405946
7001 1.358173
7023 2.966223
7061 0.478313
7062 0.343932
7111 0.499085
7120 0.832588
7788 1.060423
7859 0.602854
7887 0.971228
7987 1.376656
8048 1.188156
8081 3.039414
8271 1.850942
8294 0.925471
8295 1.358173
8455 1.745079
8499 1.592752
8655 2.437354
8784 1.864408
8785 7.641742
8826 1.418262
8931 0.799078
9242 0.753857
9279 1.367316
9351 1.367316
9370 1.534264
9538 2.105285
9618 1.920466
9667 1.158601
9725 4.853357
9974 11.160662
10010 1.061691
10069 1.592256
10092 0.887126
10378 0.683388
10423 0.698970
10487 1.790803
10501 1.471212
10561 2.716346
11114 15.197071
11135 1.291226
11228 1.141787
11382 1.893286
