119

7 0.059454
30 0.096693
111 0.071520
127 0.063337
194 0.031879
345 0.041078
346 0.133957
423 0.054644
447 0.053183
630 0.146392
632 0.043633
665 0.027888
678 0.061513
697 0.036103
921 0.068215
1007 0.048467
1090 0.072332
1106 0.042797
1132 0.083663
1176 0.103132
1456 0.037415
1532 0.103026
1605 0.118089
1796 0.064319
1831 0.033823
1872 0.028114
1940 0.152955
2071 0.042797
2091 0.053754
2179 0.083428
2417 0.075669
2593 0.112908
2696 0.030114
2762 0.041425
2843 0.064829
3386 0.054644
3492 0.122160
3546 0.086255
3633 0.053754
3813 0.099643
3841 0.021024
4071 0.044868
4315 0.033318
4458 0.045994
4520 0.032158
4729 0.105806
4734 0.027297
4866 0.041685
5012 0.036452
5025 0.037048
5053 0.047607
5081 0.090846
5135 0.026166
5143 0.079555
5168 0.160398
5241 0.074778
5294 0.153205
5491 0.017844
5624 0.048467
5651 0.115904
5857 0.049368
6415 0.040929
6421 0.078089
6587 0.054885
6792 0.022896
6813 0.034660
6874 0.022048
6992 0.066448
7008 0.038691
7062 0.015155
7120 0.073376
7165 0.049139
7253 0.112908
7411 0.039363
7498 0.015664
7532 0.111156
7641 0.056996
7646 0.077584
7668 0.072332
7745 0.035535
7989 0.046189
8083 0.062664
8240 0.067608
8338 0.083993
8348 0.067608
8419 0.100626
8455 0.019224
8728 0.054343
8734 0.096693
8826 0.054684
8829 0.028575
8919 0.033519
8931 0.011737
9038 0.107403
9059 0.023905
9133 0.073113
9138 0.029697
9145 0.080873
9351 0.120502
9592 0.377527
9625 0.057243
9783 0.076599
9865 0.035093
10017 0.040929
10023 0.112908
10092 0.195457
10228 0.160398
10254 0.073113
10325 0.045423
10396 0.044687
10509 0.031064
10565 0.059067
11025 0.060059
11328 0.050804
11332 0.031512
11376 0.020456
11600 0.015506
11605 0.116192
11606 0.205389
