206

98 0.028559
108 0.062683
157 0.036377
188 0.060013
194 0.019376
198 0.030879
199 0.108411
213 0.045037
216 0.040051
346 0.013570
373 0.117282
404 0.014604
418 0.022085
420 0.047786
477 0.043965
583 0.181806
584 0.049906
633 0.032325
693 0.043508
828 0.052502
917 0.015375
997 0.057218
1112 0.020496
1302 0.045452
1605 0.047851
1613 0.035446
1716 0.044439
1797 0.018828
1859 0.081214
1872 0.034177
1973 0.045452
2002 0.102526
2064 0.032325
2085 0.038792
2110 0.047786
2154 0.036302
2159 0.058772
2213 0.049906
2259 0.057133
2524 0.056148
2572 0.023679
2588 0.081406
2720 0.084581
2769 0.059735
2801 0.032155
2806 0.055447
2818 0.043965
2983 0.036622
3001 0.162813
3095 0.031643
3132 0.105004
3149 0.030007
3177 0.062063
3179 0.041367
3274 0.040735
3275 0.016372
3285 0.042238
3317 0.065281
3384 0.036137
3437 0.038497
3455 0.031823
3473 0.061675
3739 0.137255
3850 0.020312
3871 0.055848
3885 0.034378
3888 0.057218
3903 0.146687
3951 0.018881
3984 0.035446
4204 0.117543
4437 0.039404
4447 0.077584
4451 0.023517
4462 0.030581
4466 0.054623
4532 0.049906
4566 0.022156
4573 0.101967
4589 0.073344
4649 0.081406
4771 0.041462
4831 0.052502
4834 0.028314
4866 0.025337
4894 0.109246
4901 0.024177
4916 0.033977
5001 0.060565
5067 0.031186
5100 0.018774
5143 0.024177
5178 0.044599
5326 0.081406
5376 0.033781
5397 0.052502
5529 0.017321
5683 0.040388
5712 0.025914
5734 0.030120
5743 0.020071
5758 0.098017
5807 0.042238
5833 0.013367
5851 0.022667
5855 0.098311
5869 0.056387
5949 0.024610
6070 0.019893
6071 0.033183
6112 0.013435
6118 0.130562
6121 0.081406
6168 0.040735
6291 0.064796
6433 0.020312
6456 0.021599
6504 0.046716
6792 0.013916
6823 0.041844
6828 0.019209
6874 0.026802
6888 0.065281
6905 0.073344
6962 0.160777
7062 0.018423
7111 0.013367
7118 0.016372
7135 0.111697
7241 0.081406
7264 0.043965
7296 0.199626
7385 0.020621
7439 0.131894
7498 0.028562
7515 0.075313
7533 0.054623
7635 0.018881
7694 0.020810
7707 0.057118
7709 0.018202
7760 0.017851
7788 0.014201
7856 0.033589
7859 0.104953
7899 0.023760
7915 0.027956
7989 0.028074
8007 0.022445
8046 0.032672
8083 0.019044
8179 0.068627
8241 0.027272
8315 0.043069
8334 0.073744
8358 0.052502
8382 0.083518
8383 0.038210
8387 0.022893
8402 0.051571
8404 0.027974
8441 0.058772
8445 0.042646
8455 0.023370
8470 0.030879
8476 0.045993
8489 0.040051
8559 0.041844
8563 0.078188
8605 0.019777
8608 0.058772
8767 0.018881
8931 0.092743
8959 0.030435
9065 0.049044
9133 0.088879
9328 0.049044
9688 0.035224
9767 0.030377
9811 0.024348
9812 0.162813
9892 0.081406
9951 0.039094
10010 0.056872
10030 0.041093
10147 0.082925
10378 0.036607
10475 0.014456
10556 0.158302
10596 0.031988
10619 0.014165
10639 0.150033
10867 0.048451
10890 0.037394
11016 0.065281
11160 0.661072
11161 0.074255
11210 0.136449
11233 0.068351
11306 0.015780
11332 0.057461
11503 0.023679
11526 0.023843
11545 0.244219
11547 0.027839
11600 0.028274
