187

20 2.966223
148 1.120336
176 1.358173
194 0.723444
252 1.608050
455 0.753857
531 0.918840
536 0.905875
549 1.459631
630 0.553693
668 1.608050
798 1.307020
831 1.638612
895 0.846290
937 2.136324
1295 1.219870
1487 0.838017
1548 1.367316
1721 1.494316
1764 1.608050
1797 1.405909
1818 2.614041
1902 7.098758
1986 1.125600
1991 1.066286
1995 1.141787
2115 0.922143
2149 1.395961
2150 2.039414
2154 0.677686
2259 0.853261
2363 1.022381
2507 0.760899
2550 0.801368
2552 1.043779
2633 1.094931
2690 0.974956
2762 0.470040
2763 0.756113
2769 1.115135
2805 1.437354
2817 3.318406
2857 2.340444
2890 3.039414
2904 1.960233
3028 1.863323
3095 0.590708
3121 0.784142
3192 3.039414
3203 1.695594
3384 1.349218
3385 1.784142
3394 1.507935
3567 0.711035
3632 2.085172
3754 1.863323
3760 2.966223
3818 2.114881
3841 2.385606
3904 1.507935
3928 1.437354
3992 1.960233
4079 14.596305
4126 1.717195
4215 0.998169
4315 0.756113
4340 13.136675
4451 0.878046
4520 0.729784
4566 1.654453
4663 0.890195
4677 1.079454
4708 0.689166
4835 2.039414
4839 3.039414
4901 0.902694
4969 1.141787
5025 0.840757
5053 1.080373
5199 9.322908
5324 1.942457
5363 1.240074
5386 1.696991
5491 0.809874
5529 0.646717
5678 0.986336
5689 0.838017
5706 1.577016
5732 0.786561
5734 1.686879
5749 0.967532
5808 2.562293
5880 0.835294
5902 1.349218
5925 3.248882
6060 0.971228
6063 1.808965
6211 1.226501
6224 3.039414
6282 1.835294
6291 3.225672
6308 0.749380
6315 1.275986
6317 0.702954
6415 0.928824
6568 2.170331
6587 0.622774
6631 1.386202
6725 2.551972
6792 1.039172
6851 5.476768
6965 1.147320
6968 1.268562
7008 0.878046
7061 0.478313
7062 0.343932
7120 0.832588
7123 1.164353
7126 1.539802
7143 0.922143
7178 4.686879
7263 1.577016
7385 0.769901
7460 0.990196
7498 0.355467
7641 0.646717
7704 0.713078
7713 2.832330
7788 1.060423
7847 0.932204
7855 1.483112
7859 0.904280
7861 0.696991
7974 1.562293
7981 4.627354
8242 2.738384
8272 0.884078
8287 5.281982
8326 1.268562
8343 0.986336
8345 1.925471
8381 1.164353
8382 1.039414
8455 0.436270
8512 0.875061
8529 1.066286
8539 0.668346
8653 1.080373
8761 0.747158
8777 1.925471
8826 1.595545
8930 1.048188
8931 0.532719
9031 0.884078
9055 2.738384
9059 1.084969
9144 0.925471
9162 1.808965
9378 1.386202
9538 2.105285
9593 0.949509
9596 1.213339
9621 2.562293
9719 1.717195
9770 1.022381
9903 1.587803
9986 2.261263
10058 2.425779
10077 1.323411
10125 1.448350
10147 1.548052
10195 2.538869
10534 1.471212
10715 1.416165
10753 2.340444
10779 1.608050
10857 2.437354
11015 2.151253
11079 1.659203
11177 1.507935
11376 0.464226
11396 0.942504
11411 1.677686
11440 1.784142
11466 1.109995
11586 6.078828
11600 0.703770
