246

74 4.712521
83 1.548052
122 1.957433
148 1.120336
157 1.358173
186 0.971228
194 1.446888
217 1.617930
218 1.608050
292 1.115135
308 0.915562
345 0.932204
346 5.066597
430 5.476768
496 2.738384
536 0.905875
583 1.696991
633 1.206905
651 3.068528
665 1.265748
866 1.808965
895 0.846290
897 0.860437
917 1.148063
950 1.641474
1141 2.646822
1315 2.437354
1353 7.021332
1448 7.686879
1494 1.562293
1496 2.261263
1542 1.628210
1571 2.738384
1611 1.659203
1613 1.323411
1666 0.753857
1721 0.747158
1730 1.548052
1859 3.638669
1879 2.194316
1880 1.395961
1887 3.216101
1920 2.340444
1994 1.090024
1995 1.141787
2002 1.275986
2024 1.022381
2025 1.426630
2052 1.367316
2115 0.922143
2154 0.677686
2185 1.182082
2234 2.340444
2304 3.329986
2305 2.261263
2388 2.136324
2421 0.986336
2518 0.824570
2536 1.367316
2576 0.854723
2769 1.115135
2772 1.349218
2809 1.520900
2848 2.437354
2950 1.395961
3054 1.331844
3082 1.717195
3095 2.362831
3128 1.577016
3156 1.376656
3179 2.316727
3275 0.611279
3423 0.925471
3439 5.880699
3482 0.967532
3620 1.863323
3682 3.786572
3691 0.742749
3841 0.954243
3852 1.717195
3900 2.085172
3978 2.437354
4181 1.520900
4215 1.497254
4413 1.005990
4447 5.793398
4462 1.141787
4514 2.039414
4520 0.729784
4538 1.120336
4573 0.543870
4617 1.471212
4618 1.998021
4663 1.780390
4673 2.340444
4677 1.619181
4747 3.827958
4833 1.677686
4963 1.893286
4979 2.738384
5012 0.827227
5081 1.030814
5112 0.960233
5135 0.593810
5178 0.832588
5284 1.760661
5331 13.478295
5532 3.548503
5612 1.677686
5613 1.960233
5668 7.312062
5716 2.039414
5732 0.786561
5734 0.562293
5753 1.300496
5869 1.052642
5885 0.706976
5924 2.437354
5926 0.698970
5948 0.863323
6112 0.501595
6272 1.696991
6286 2.340444
6348 3.068528
6362 1.960233
6380 0.942504
6415 0.928824
6433 1.516762
6504 1.744194
6631 1.386202
6648 1.998021
6659 2.085172
6671 1.677686
6740 1.808965
6792 0.519586
6816 1.957433
6828 0.717195
6838 1.120336
6858 1.130929
6965 1.147320
7008 0.878046
7044 1.893286
7061 0.956625
7062 1.031797
7118 0.611279
7120 1.665176
7217 0.796376
7263 1.577016
7300 3.920466
7312 2.562293
7450 1.376656
7497 4.712521
7532 1.261263
7595 1.367316
7679 1.925471
7749 1.925471
7758 0.994091
7760 1.999506
7786 8.777264
7856 1.254084
7859 1.507134
7899 1.774252
7920 3.118242
7952 1.998021
7989 1.048188
8044 4.449335
8050 2.136324
8070 1.624441
8227 0.816698
8235 2.437354
8272 2.652234
8294 2.776412
8295 2.716346
8376 2.136324
8402 1.925471
8404 5.744400
8418 2.738384
8441 2.194316
8455 0.872539
8489 1.495346
8539 0.668346
8545 1.507935
8581 3.521321
8653 1.080373
8761 0.747158
8764 3.096105
8767 0.704960
8826 1.063696
8879 1.659203
8919 0.760661
8931 0.266359
9031 4.420390
9059 0.542484
9062 1.075626
9065 0.915562
9080 1.784142
9093 0.949509
9097 0.939044
9104 1.786572
9133 4.977609
9138 0.673926
9142 1.520900
9286 1.960233
9321 1.998021
9324 1.998021
9326 3.282948
9351 1.367316
9380 3.408972
9402 1.784142
9440 2.738384
9452 1.459631
9593 0.949509
9594 1.495346
9632 1.395961
9642 1.283539
9767 0.567079
9862 2.562293
9865 1.592752
10085 2.078828
10096 1.483112
10185 0.932204
10195 2.538869
10249 2.891601
10352 0.971228
10454 1.677686
10475 1.079454
10487 0.596934
10530 3.493059
10646 1.213339
10701 0.786561
10747 3.920466
10890 1.396149
10932 2.437354
11015 1.075626
11121 0.600081
11160 19.485771
11161 11.089613
11210 4.245412
11329 2.738384
11330 2.261263
11376 0.928453
11442 2.194316
11480 1.760661
11484 2.437354
11523 1.076710
11600 1.407541
