57

63 0.210221
71 0.097561
455 0.083762
594 0.198238
857 0.128733
895 0.094032
897 0.095604
1004 0.213941
1037 0.142615
1231 0.113598
1333 0.090170
1487 0.093113
1797 0.078106
1818 0.145224
2363 0.113598
2572 0.196462
2618 0.129373
2633 0.121659
3014 0.110022
3056 0.188555
3144 0.176917
3203 0.062800
3204 0.252516
3367 0.198238
3841 0.106027
4283 0.222002
4734 0.068829
4764 0.128103
5025 0.093417
5569 0.114064
5681 0.127480
6301 0.243813
6436 0.202735
6535 0.178672
7126 0.085545
7377 0.141776
7498 0.078993
7704 0.079231
7981 0.102830
8157 0.208676
8761 0.083018
9059 0.060276
9065 0.101729
9444 0.104338
9480 0.180493
9587 0.143470
9688 0.146126
9761 0.092810
9873 0.152962
9900 0.210365
9903 0.088211
9957 0.159706
10251 0.131342
10397 0.188064
10423 0.077663
10619 0.058763
11242 0.116465
