211

68 1.520900
98 2.132573
109 2.466468
194 0.723444
259 1.367316
346 2.026639
420 1.784142
449 4.874708
553 0.784142
583 3.393983
586 0.747158
604 1.495346
897 1.720874
934 1.808965
965 0.963867
1168 2.437354
1302 1.696991
1385 1.048188
1387 4.340686
1466 0.909080
1487 0.838017
1506 1.115135
1542 0.814105
1700 1.808965
1716 1.659203
1730 3.096105
1731 2.039414
1797 0.702954
1798 1.176091
1822 1.483112
1859 7.277338
1988 2.039414
1994 2.180048
2067 1.261263
2075 2.738384
2089 2.738384
2185 1.182082
2244 2.811891
2248 1.141787
2259 1.279891
2344 1.307020
2364 4.078828
2419 2.085172
2499 1.307020
2626 1.182082
2806 1.035093
2892 1.520900
2927 1.624441
2954 0.935610
2996 1.340444
3029 1.520900
3102 1.608050
3131 1.507935
3149 2.240672
3150 2.352183
3179 0.772242
3203 2.825989
3262 2.261263
3275 0.611279
3465 1.738384
3470 1.784142
3479 1.717195
3495 1.170182
3578 1.835294
3598 1.534264
3694 1.240074
3787 1.416165
3807 1.386202
3826 1.405946
3871 2.085172
3884 1.863323
4005 1.094931
4063 1.094931
4090 2.738384
4110 0.971228
4163 5.281982
4205 1.226501
4213 1.254084
4215 0.499085
4319 4.272648
4447 1.448350
4613 0.902694
4624 1.268562
4677 0.539727
4708 1.378332
4729 1.200565
4738 0.572546
4877 2.261263
4901 0.902694
4980 2.085172
5079 2.261263
5101 1.808965
5242 1.233234
5243 1.483112
5291 2.194316
5327 1.835294
5394 0.497835
5494 1.738384
5529 1.293434
5555 3.996043
5556 2.136324
5712 0.967532
5734 3.936050
5735 1.507935
5740 1.268562
5743 1.498759
5797 1.066286
5830 2.738384
5926 1.397940
6023 1.416165
6071 1.238917
6076 2.437354
6112 1.003190
6168 1.520900
6291 2.419254
6452 1.659203
6456 0.806418
6504 0.872097
6608 2.340444
6613 2.340444
6792 1.039172
6864 0.872539
6965 1.147320
6968 1.268562
6980 1.194316
7111 0.499085
7118 2.445117
7132 2.562293
7188 1.376656
7296 1.863323
7305 1.677686
7498 1.066401
7501 2.105285
7635 0.704960
7694 0.776963
7758 0.994091
7826 2.598103
7838 2.738384
7847 0.932204
7859 3.918548
7862 0.960233
7887 0.971228
7904 1.275986
7918 1.548052
7919 1.659203
7967 2.194316
8044 1.483112
8048 1.188156
8083 0.711035
8345 1.925471
8372 1.784142
8383 1.426630
8404 0.522218
8407 1.448350
8608 2.194316
8671 1.367316
8761 0.747158
8784 0.932204
8785 0.849082
8819 1.299051
8826 2.304676
8827 1.696991
9019 1.057143
9047 0.829899
9052 0.843514
9059 0.542484
9093 1.899018
9138 0.673926
9313 3.996043
9473 1.483112
9522 1.507935
9593 4.747545
9644 5.476768
9669 0.774596
9719 1.717195
9761 0.835294
9767 2.268314
9907 1.520900
9933 1.075626
10000 1.448350
10024 2.261263
10030 3.068528
10058 0.606445
10080 1.507935
10195 3.385158
10378 0.683388
10423 1.397940
10556 3.546245
10639 3.361008
10702 2.738384
10818 1.299051
10879 3.920466
10890 2.792297
10951 2.738384
11121 1.200163
11146 1.085172
11160 9.093360
11161 1.386202
11210 2.547247
11228 1.141787
11256 0.779343
11306 0.589165
11375 1.582882
11376 0.464226
11423 0.816698
11443 0.945992
11532 3.260121
11536 1.323411
11600 1.759426
11623 2.340444
11659 2.194316
