230

68 0.041348
98 0.057977
109 0.033527
194 0.019668
259 0.037172
346 0.055097
420 0.048504
449 0.132526
553 0.021318
583 0.092270
586 0.020313
604 0.040653
866 0.049179
897 0.046784
917 0.015606
934 0.049179
965 0.026204
1168 0.066263
1302 0.092270
1333 0.022062
1336 0.043717
1385 0.056993
1387 0.118007
1466 0.024715
1487 0.022783
1506 0.030316
1542 0.022133
1700 0.049179
1716 0.045108
1730 0.126258
1731 0.055444
1797 0.019111
1798 0.031974
1822 0.040320
1859 0.214331
1886 0.050657
1988 0.055444
1994 0.059268
2067 0.034289
2075 0.074447
2089 0.074447
2185 0.032136
2244 0.076445
2248 0.031041
2259 0.046394
2344 0.035533
2364 0.110889
2419 0.056688
2499 0.035533
2552 0.028377
2626 0.032136
2762 0.012779
2806 0.028140
2892 0.041348
2927 0.044163
2954 0.025436
2996 0.036442
3029 0.041348
3102 0.043717
3131 0.081991
3149 0.060916
3150 0.127895
3179 0.020994
3203 0.076828
3262 0.122951
3275 0.016618
3465 0.047260
3470 0.097009
3479 0.046684
3495 0.031813
3512 0.074447
3533 0.037686
3578 0.049895
3598 0.041711
3694 0.033713
3787 0.038500
3807 0.037686
3826 0.038223
3871 0.056688
3884 0.050657
4005 0.029767
4063 0.029767
4090 0.074447
4110 0.052808
4163 0.191464
4186 0.050657
4205 0.066688
4213 0.034094
4215 0.013568
4319 0.116158
4447 0.039375
4613 0.024541
4624 0.034488
4677 0.014673
4708 0.037472
4729 0.065278
4738 0.015565
4877 0.061476
4901 0.024541
4980 0.056688
5031 0.082631
5079 0.061476
5101 0.049179
5182 0.063628
5242 0.033527
5243 0.040320
5279 0.082631
5291 0.059655
5327 0.099790
5394 0.013534
5494 0.047260
5529 0.035164
5555 0.108638
5556 0.058079
5712 0.026304
5734 0.107007
5735 0.040995
5740 0.034488
5743 0.040746
5797 0.028988
5830 0.074447
5926 0.038005
6023 0.038500
6071 0.033682
6076 0.066263
6112 0.027273
6139 0.074447
6168 0.041348
6291 0.065771
6452 0.045108
6456 0.021924
6504 0.023709
6608 0.063628
6613 0.063628
6792 0.028251
6864 0.023721
6965 0.031191
6968 0.034488
6980 0.032469
7111 0.013568
7118 0.066474
7132 0.139319
7188 0.037426
7296 0.050657
7305 0.045610
7340 0.049895
7498 0.028992
7501 0.057235
7635 0.019165
7694 0.021123
7758 0.027026
7826 0.070633
7838 0.074447
7847 0.025343
7859 0.114726
7862 0.026105
7887 0.026404
7904 0.034689
7918 0.042086
7919 0.045108
7967 0.059655
8044 0.040320
8048 0.032302
8083 0.019330
8345 0.052347
8372 0.048504
8383 0.038785
8404 0.014197
8407 0.039375
8491 0.045108
8608 0.059655
8671 0.037172
8761 0.020313
8784 0.025343
8785 0.023083
8819 0.035316
8826 0.062656
8827 0.046135
8930 0.028496
9019 0.057480
9047 0.022562
9052 0.022932
9059 0.014748
9093 0.051627
9138 0.018322
9313 0.108638
9461 0.019611
9473 0.040320
9522 0.040995
9593 0.154882
9644 0.148893
9667 0.031498
9669 0.021058
9761 0.022709
9767 0.061667
9907 0.041348
9933 0.029242
10000 0.039375
10024 0.061476
10030 0.083422
10058 0.032974
10080 0.040995
10195 0.092030
10378 0.018579
10423 0.038005
10556 0.128546
10639 0.091374
10702 0.074447
10818 0.035316
10879 0.106583
10890 0.075912
10951 0.074447
11121 0.032628
11146 0.029502
11160 0.247215
11161 0.037686
11210 0.069250
11228 0.031041
11256 0.021187
11298 0.032136
11306 0.016017
11375 0.043033
11376 0.012621
11423 0.022203
11443 0.025718
11532 0.106357
11536 0.035979
11600 0.047832
11623 0.063628
11659 0.059655
