81

79 0.052715
97 0.051969
122 0.111899
346 0.028964
479 0.069362
552 0.057280
583 0.097011
586 0.085424
1094 0.114219
1141 0.075654
1258 0.070890
1302 0.097011
1400 0.079802
1465 0.079244
1542 0.046539
1796 0.083442
1859 0.069336
1952 0.086203
2046 0.232832
2058 0.154269
2174 0.054280
2185 0.067575
2267 0.071288
2569 0.095907
2851 0.066895
3122 0.043747
3149 0.064045
3165 0.175416
3495 0.066895
3567 0.040647
3621 0.051423
3884 0.106519
4310 0.116891
4534 0.067575
4677 0.030854
4708 0.039397
4771 0.176993
5719 0.067575
5751 0.108232
5988 0.112059
6466 0.061489
6587 0.071203
6627 0.130543
7062 0.098307
7111 0.028531
7118 0.034945
7296 0.106519
7388 0.088496
7735 0.493495
7760 0.076203
7859 0.086157
7899 0.152141
8048 0.271689
8196 0.074717
8387 0.097722
8414 0.110072
8452 0.099377
8455 0.024940
8784 0.106581
8785 0.097078
8826 0.050673
8931 0.015227
9051 0.128693
9059 0.031012
9105 0.060693
9132 0.041841
9568 0.121911
9646 0.069735
9767 0.016209
10096 0.084784
10378 0.039067
10521 0.070499
10596 0.068275
10619 0.030233
10621 0.193039
10818 0.148524
11015 0.061489
11228 0.065272
11287 0.059669
11375 0.090487
11600 0.040232
