124

36 1.323411
71 1.756092
79 0.922143
186 0.971228
297 1.182082
308 0.915562
318 0.824570
346 0.506660
552 1.001988
586 0.747158
606 1.960233
665 0.632874
985 2.136324
1141 1.323411
1302 1.696991
1390 1.307020
1465 1.386202
1542 0.814105
1614 2.085172
1666 1.507714
1822 4.449335
1859 0.606445
1872 1.276027
1952 1.507935
1991 6.397718
2005 1.158601
2052 2.734633
2058 0.899535
2071 0.971228
2136 2.562293
2268 1.521321
2553 6.078828
2576 0.854723
2638 1.061691
2680 1.507935
2708 1.035093
2720 1.052642
2762 0.470040
2804 1.164353
2851 1.170182
2948 1.331844
3095 0.590708
3165 1.534264
3351 1.094931
3377 3.015870
3482 2.902596
3535 1.005990
3543 3.039414
3546 0.978716
3567 0.711035
3743 2.738384
3850 0.758381
4071 1.018225
4112 3.039414
4215 1.996339
4310 1.022381
4315 0.756113
4534 1.182082
4771 1.548052
4849 1.395961
4896 1.893286
5012 0.827227
5023 1.070931
5093 4.272648
5100 0.700958
5468 1.194316
5719 1.182082
5751 1.893286
5857 1.120336
5915 3.039414
6165 1.808965
6220 5.664659
6291 2.419254
6308 1.498759
6627 1.141787
6806 0.677686
6874 1.000676
7039 2.508169
7061 0.478313
7062 0.687865
7445 1.925471
7641 2.586869
7735 14.798810
7859 0.602854
7899 1.774252
7936 1.331844
7972 1.254084
8048 1.188156
8083 0.711035
8196 1.307020
8266 2.136324
8271 0.925471
8343 0.986336
8387 1.709445
8414 1.925471
8445 1.592256
8455 0.436270
8469 2.582452
8529 1.066286
8552 1.331844
8785 2.547247
8826 0.531848
8931 0.799078
9051 3.376801
9253 2.194316
9537 1.760661
9584 1.340444
9623 0.994091
9767 0.283539
9770 1.022381
9951 1.459631
9974 1.240074
10258 1.416165
10329 1.641474
10331 3.521321
10521 3.699702
10619 0.528869
10621 2.251201
10677 0.824570
11015 1.075626
11228 1.141787
11375 2.374323
11523 0.538355
11639 2.562293
