37

194 0.089732
200 0.231117
258 0.151306
449 0.302317
612 0.195605
1252 0.252958
1298 0.231117
1666 0.093504
1721 0.092674
2344 0.324232
2638 0.131687
3121 0.097261
3770 0.167350
3975 0.146619
3976 0.464022
4215 0.061904
4677 0.133890
5143 0.111965
6076 0.302317
6456 0.100024
6587 0.077246
6874 0.124119
6998 0.258634
7439 0.203600
7537 0.309348
7540 0.166262
7709 0.252874
7859 0.037387
8764 0.192012
8826 0.021989
8939 0.150496
9104 0.110799
9584 0.166262
10030 0.190302
10475 0.066945
10556 0.146619
11332 0.088701
