317

23 0.046331
36 0.120435
71 0.019976
103 0.027753
109 0.028057
173 0.036225
185 0.034020
199 0.061392
308 0.041660
418 0.037519
420 0.040591
458 0.016998
477 0.037345
583 0.038608
585 0.035543
604 0.034020
660 0.038169
684 0.043074
757 0.079099
838 0.042392
839 0.031986
875 0.025977
934 0.082311
965 0.021929
997 0.097206
1191 0.069149
1212 0.062300
1278 0.028861
1302 0.038608
1307 0.041754
1387 0.098754
1626 0.069149
1649 0.040089
1660 0.049922
1697 0.062300
1721 0.033997
1730 0.035219
1732 0.069149
1750 0.040591
1756 0.043806
1771 0.069149
1796 0.033208
1797 0.015993
1823 0.062300
1831 0.017463
1835 0.029376
1859 0.096580
1894 0.069149
2005 0.079077
2017 0.038608
2042 0.030696
2058 0.020465
2064 0.027458
2084 0.022528
2115 0.020979
2149 0.031759
2154 0.030836
2259 0.106768
2313 0.030900
2405 0.030109
2416 0.124601
2481 0.138298
2504 0.058059
2507 0.008656
2548 0.023355
2667 0.031320
2720 0.071845
2769 0.025370
2806 0.047098
2954 0.042572
3026 0.048603
3095 0.013439
3132 0.044597
3149 0.076466
3150 0.133785
3151 0.089194
3171 0.033471
3264 0.060992
3289 0.030496
3293 0.043806
3328 0.049922
3337 0.048603
3349 0.039550
3351 0.024911
3374 0.079868
3417 0.048943
3435 0.055452
3437 0.065402
3442 0.106494
3473 0.017463
3480 0.031320
3485 0.034020
3493 0.080113
3533 0.031537
3535 0.022887
3592 0.038608
3613 0.045774
3626 0.044024
3637 0.025852
3770 0.030696
3841 0.021710
3850 0.051761
3884 0.042392
3895 0.207447
3904 0.034307
3938 0.084171
3952 0.077557
4163 0.120169
4196 0.066802
4215 0.079482
4266 0.023948
4317 0.057063
4319 0.048603
4333 0.051705
4377 0.034602
4447 0.131804
4452 0.033742
4491 0.124601
4550 0.029376
4573 0.012373
4613 0.020537
4638 0.045457
4708 0.031358
4830 0.032457
4841 0.038608
4867 0.058294
4875 0.034602
4901 0.020537
4903 0.035219
4908 0.040591
4916 0.028861
4943 0.013026
4954 0.096657
4987 0.072450
4990 0.062300
5012 0.018820
5013 0.058294
5083 0.030696
5100 0.015947
5101 0.082311
5133 0.068613
5307 0.023452
5394 0.045305
5401 0.055452
5452 0.077216
5468 0.027172
5496 0.066800
5529 0.014713
5531 0.041754
5723 0.037748
5734 0.038378
5740 0.086582
5743 0.051147
5758 0.027753
5792 0.044362
5809 0.048603
5833 0.045418
5880 0.019004
5885 0.016084
5920 0.028057
5947 0.028371
6071 0.028186
6112 0.079882
6129 0.089194
6168 0.069203
6180 0.049922
6221 0.069149
6240 0.032951
6291 0.018347
6331 0.041155
6452 0.037748
6457 0.034020
6504 0.019841
6570 0.068117
6587 0.028337
6616 0.020465
6631 0.031537
6792 0.011821
6799 0.030900
6828 0.048950
6837 0.028213
6853 0.044597
6864 0.019851
6874 0.011383
6893 0.046398
6909 0.016998
6962 0.027314
6965 0.052205
7008 0.019976
7047 0.027604
7055 0.138298
7061 0.010882
7072 0.031986
7082 0.026102
7095 0.041754
7111 0.022709
7118 0.027814
7276 0.062300
7288 0.039550
7299 0.099845
7369 0.028695
7370 0.047439
7389 0.032457
7414 0.373802
7498 0.040436
7594 0.034307
7636 0.046398
7641 0.029427
7661 0.048603
7668 0.037345
7709 0.046383
7758 0.045233
7788 0.012063
7790 0.069149
7818 0.040056
7847 0.021208
7859 0.041146
7874 0.029030
7908 0.044597
7911 0.028213
7915 0.071240
7920 0.023647
7936 0.030300
7939 0.036957
7946 0.046711
7989 0.023847
8085 0.034307
8206 0.055452
8240 0.034906
8241 0.023165
8245 0.023647
8299 0.069149
8334 0.062640
8352 0.019446
8382 0.047295
8383 0.032457
8455 0.009925
8503 0.048603
8511 0.043074
8512 0.019908
8550 0.037748
8581 0.040056
8605 0.016799
8761 0.016998
8826 0.004033
8833 0.062300
8931 0.054539
8971 0.089207
9099 0.089761
9132 0.016652
9138 0.030665
9264 0.059841
9333 0.032457
9357 0.062640
9381 0.025608
9452 0.033208
9522 0.034307
9531 0.049922
9568 0.024259
9593 0.064806
9634 0.056741
9643 0.026623
9761 0.038007
9767 0.019352
9783 0.059322
9839 0.069149
9872 0.025977
9905 0.036584
9950 0.059841
9951 0.066415
9971 0.032951
9983 0.069149
9989 0.055452
9999 0.027172
10000 0.032951
10007 0.041155
10058 0.013797
10147 0.070439
10229 0.124601
10258 0.032219
10290 0.043806
10309 0.022616
10352 0.044192
10378 0.124381
10475 0.024558
10500 0.032457
10505 0.034307
10556 0.161360
10558 0.031537
10565 0.060992
10604 0.032951
10619 0.012032
10661 0.034307
10671 0.069149
10701 0.017895
10810 0.043074
10856 0.043806
10879 0.044597
10890 0.031763
10892 0.139519
11002 0.058294
11003 0.032701
11016 0.055452
11121 0.040957
11160 0.561534
11161 0.220760
11210 0.077269
11306 0.013404
11335 0.047494
11396 0.064328
11458 0.019446
11501 0.028531
11523 0.061240
11532 0.059336
11536 0.030109
11600 0.072051
11625 0.075413
