188

59 3.039414
74 0.942504
98 1.066286
125 3.039414
147 2.261263
173 1.592256
187 1.893286
346 1.519979
492 2.738384
584 1.863323
600 0.971228
658 2.738384
895 0.846290
897 0.860437
916 1.808965
917 0.574031
1167 1.459631
1336 1.608050
1366 4.388632
1370 1.109995
1387 1.085172
1487 0.838017
1602 2.738384
1649 0.881052
1716 1.659203
1730 3.096105
1797 0.702954
1803 2.508169
1859 2.425779
1989 1.459631
2000 0.986336
2002 2.551972
2046 1.018225
2073 1.376656
2154 0.677686
2259 1.279891
2267 1.247022
2277 3.039414
2278 1.219870
2348 0.956629
2532 1.226501
2539 2.261858
2545 2.562293
2626 1.182082
2704 2.039414
2762 0.470040
2825 2.136324
2851 1.170182
2901 2.340444
3095 0.590708
3149 2.240672
3164 1.835294
3274 1.520900
3275 0.611279
3332 2.340444
3384 1.349218
3415 1.386202
3423 0.925471
3445 1.677686
3470 1.784142
3495 1.170182
3531 0.788994
3573 0.788994
3593 1.998021
3715 1.534264
3818 0.704960
3850 1.516762
3926 0.986336
3928 4.312062
3933 3.039414
3951 0.704960
3968 1.437354
4215 1.497254
4267 1.577016
4318 1.835294
4331 1.717195
4447 5.793398
4535 2.085172
4561 2.085172
4573 0.543870
4677 0.539727
4770 2.522526
4788 2.437354
4901 0.902694
4903 1.548052
4994 1.863323
5100 0.700958
5101 1.808965
5133 3.015870
5137 1.835294
5178 2.497765
5188 2.437354
5217 1.299051
5255 3.039414
5320 0.909080
5651 1.315138
5689 0.838017
5712 1.935064
5734 1.686879
5758 2.439740
5807 1.577016
5809 2.136324
5833 0.499085
5885 0.706976
5920 1.233234
5926 1.397940
5948 0.863323
6168 3.041800
6249 2.340444
6336 1.925471
6433 1.516762
6452 1.659203
6575 3.039414
6792 0.519586
6828 0.717195
6864 0.872539
6878 1.275986
6931 1.808965
6965 1.147320
7118 0.611279
7146 1.835294
7295 2.039414
7385 1.539802
7388 1.548052
7411 1.786572
7498 0.710934
7526 2.039414
7530 0.998021
7638 3.039414
7709 3.397893
7788 1.060423
7859 0.301427
7862 1.920466
7904 1.275986
7936 2.663688
7938 2.194316
7974 1.562293
7978 1.099895
7992 2.194316
8007 0.838017
8150 1.099895
8179 2.562293
8334 1.376656
8383 1.426630
8396 4.824151
8404 0.522218
8419 1.141787
8441 2.194316
8459 4.170343
8494 1.291226
8511 3.786572
8539 0.668346
8550 1.659203
8583 1.349218
8605 2.215152
8729 1.738384
8761 0.747158
8826 0.177283
8827 3.393983
9062 1.075626
9533 2.194316
9593 1.899018
9594 1.495346
9596 1.213339
9618 1.920466
9739 2.437354
9820 1.925471
9919 1.109995
9950 1.315138
9963 1.738384
10062 1.960233
10185 0.932204
10195 1.692579
10423 1.397940
10509 0.704960
10596 1.194316
10619 0.528869
10639 2.240672
10892 1.226501
11160 6.495257
11161 6.931008
11193 1.548052
11210 2.547247
11306 0.589165
11439 2.085172
11600 0.351885
11620 1.085172
11627 1.738384
