293

68 1.520900
71 0.878046
77 1.893286
83 1.548052
97 0.909080
98 1.066286
122 0.978716
198 1.152923
199 2.698436
213 0.840757
217 0.808965
223 2.261263
308 0.915562
318 0.824570
334 2.734633
345 0.932204
346 1.519979
397 1.925471
404 0.545260
407 1.998021
418 0.824570
441 1.998021
452 7.136566
531 1.837680
583 3.393983
586 0.747158
665 0.632874
684 1.893286
689 1.268562
691 4.078828
693 1.624441
722 2.437354
917 0.574031
997 2.136324
1033 2.039414
1237 1.960233
1258 2.480147
1278 1.268562
1296 0.974956
1302 3.393983
1494 1.562293
1498 1.275986
1574 1.760661
1731 2.039414
1745 3.039414
1835 1.291226
1859 12.128897
1872 0.638014
1920 2.340444
1988 2.039414
1989 1.459631
2002 2.551972
2011 2.340444
2057 1.659203
2058 0.899535
2084 0.990196
2134 1.562293
2141 1.376656
2154 0.677686
2185 1.182082
2267 1.247022
2304 1.109995
2405 1.323411
2421 0.986336
2507 0.760899
2548 2.053154
2567 2.562293
2651 0.784142
2950 2.791923
2954 1.871221
2996 1.340444
3017 1.835294
3095 0.590708
3122 0.765256
3149 2.240672
3189 2.738384
3203 0.565198
3211 1.717195
3233 1.548052
3236 0.974956
3275 0.611279
3282 1.376656
3287 1.641474
3322 1.395961
3473 1.535145
3558 1.206905
3578 1.835294
3621 0.899535
3772 1.349218
3818 0.704960
3841 1.431364
3884 1.863323
3926 0.986336
4033 1.283539
4091 1.386122
4148 0.978716
4183 3.039414
4191 4.874708
4196 1.468125
4215 0.499085
4344 1.893286
4447 8.690097
4566 0.827227
4573 1.087740
4613 0.902694
4644 3.124586
4645 1.061691
4693 1.925471
4738 2.862732
4770 2.522526
4901 0.902694
5086 1.520900
5222 1.641474
5243 1.483112
5284 1.760661
5291 2.194316
5323 1.893286
5376 1.261263
5394 0.497835
5494 3.476768
5529 0.646717
5532 0.887126
5555 1.998021
5556 4.272648
5710 2.738384
5716 2.039414
5734 2.249171
5743 0.749380
5749 0.967532
5762 1.483112
5792 0.974956
5826 1.130929
5827 1.386202
5880 0.835294
5885 0.706976
5897 2.194316
5902 1.349218
5926 1.397940
5957 1.226501
6005 2.136324
6071 0.619458
6112 0.501595
6324 1.471212
6456 1.612836
6504 1.744194
6587 0.622774
6613 2.340444
6627 1.141787
6779 1.592256
6792 1.039172
6813 1.573122
6816 0.978716
6824 2.136324
6837 2.480147
6864 1.308809
6931 1.808965
6965 1.147320
7060 0.932204
7061 0.478313
7062 1.031797
7082 1.147320
7108 2.738384
7118 0.611279
7125 1.416165
7150 0.978716
7188 1.376656
7296 1.863323
7300 1.960233
7305 1.677686
7498 0.355467
7501 1.052642
7530 0.998021
7549 1.459631
7554 12.236485
7570 2.562293
7589 1.261263
7655 1.844286
7704 1.426157
7709 0.679579
7771 3.039414
7786 2.194316
7847 0.932204
7859 2.712841
7862 0.960233
7872 7.080824
7887 1.942457
7894 2.340444
7911 2.480147
7920 1.039414
7937 1.495346
7966 1.608050
7982 2.085172
7989 3.144564
8048 7.128935
8052 3.039414
8157 0.939044
8227 0.816698
8230 1.808965
8326 1.268562
8334 1.376656
8382 2.078828
8383 1.426630
8384 1.960233
8404 0.522218
8452 1.738384
8455 0.436270
8488 1.863323
8494 1.291226
8539 0.668346
8581 1.760661
8583 1.349218
8605 1.476768
8608 2.194316
8728 1.233234
8785 0.849082
8826 3.013807
8827 1.696991
8931 0.532719
8971 1.307020
9001 2.085172
9031 0.884078
9032 2.194316
9052 0.843514
9097 0.939044
9106 1.696991
9107 1.291226
9138 0.673926
9232 3.039414
9322 3.318406
9328 0.915562
9331 2.194316
9333 1.426630
9362 2.562293
9380 1.136324
9538 1.052642
9568 1.066286
9593 1.899018
9618 0.960233
9634 1.247022
9642 2.567079
9761 0.835294
9767 1.984775
9893 1.784142
9950 2.630276
9951 1.459631
10000 1.448350
10030 3.068528
10126 1.998021
10187 1.863323
10195 4.231448
10275 1.182082
10276 0.808965
10378 3.416941
10423 2.096910
10487 1.193869
10503 3.039414
10509 0.704960
10516 1.998021
10556 3.546245
10580 2.261263
10582 1.717195
10639 3.361008
10646 1.213339
10661 1.507935
10711 1.268562
10718 1.717195
10756 2.738384
10823 2.261263
10834 2.738384
10861 2.085172
10879 1.960233
10890 2.792297
10892 1.226501
10950 2.261263
11063 1.717195
11121 0.600081
11160 18.186720
11161 2.772403
11210 5.943577
11228 1.141787
11306 0.589165
11375 1.582882
11391 3.039414
11423 3.266791
11523 0.538355
11532 0.652024
11536 1.323411
11600 1.055655
11623 2.340444
11629 2.562293
11630 1.863323
11659 2.194316
11671 1.592256
