359

70 0.053484
83 0.040598
85 0.034068
122 0.025667
146 0.051407
185 0.039216
194 0.037945
199 0.035383
217 0.042430
239 0.067196
287 0.061378
334 0.035858
339 0.071815
345 0.048894
346 0.026574
418 0.021624
452 0.046789
512 0.072707
553 0.041128
574 0.079709
583 0.044504
584 0.048866
586 0.019594
600 0.025471
630 0.014521
638 0.048866
806 0.036103
857 0.030384
858 0.063920
872 0.131993
895 0.022194
897 0.022565
917 0.030108
999 0.071815
1112 0.020069
1132 0.049792
1278 0.033268
1302 0.089008
1365 0.063920
1487 0.021977
1499 0.027606
1506 0.029245
1542 0.021350
1592 0.029381
1611 0.043513
1632 0.047440
1636 0.029245
1716 0.087026
1730 0.081196
1744 0.037414
1767 0.094881
1789 0.040236
1797 0.055305
1831 0.020130
1859 0.318082
1981 0.024537
1989 0.038279
2002 0.100389
2005 0.030384
2024 0.026812
2035 0.061378
2084 0.025968
2110 0.046789
2116 0.041757
2141 0.036103
2154 0.035545
2182 0.061378
2224 0.030089
2230 0.037414
2258 0.079709
2259 0.055942
2304 0.029110
2305 0.059302
2313 0.035618
2363 0.053624
2403 0.054684
2507 0.029932
2524 0.027489
2532 0.032165
2548 0.026922
2550 0.021016
2554 0.035618
2566 0.061378
2569 0.043998
2626 0.031000
2673 0.046789
2762 0.024654
2768 0.026488
2770 0.045034
2801 0.031485
2843 0.038583
2881 0.042601
2886 0.041357
2927 0.042601
2967 0.038279
2994 0.067196
3014 0.025968
3034 0.071237
3040 0.043998
3056 0.044504
3074 0.057546
3095 0.015491
3121 0.020564
3122 0.020069
3144 0.041757
3149 0.146905
3150 0.030843
3179 0.020252
3209 0.052398
3233 0.040598
3263 0.046174
3275 0.016031
3282 0.072206
3455 0.031160
3470 0.046789
3480 0.036103
3535 0.026382
3558 0.031651
3573 0.041383
3588 0.061378
3619 0.067196
3673 0.035383
3674 0.048131
3766 0.039886
3793 0.053484
3806 0.073219
3826 0.036871
3841 0.025025
3850 0.039777
3926 0.025867
3928 0.037695
3951 0.036975
3968 0.037695
4005 0.028715
4091 0.036351
4130 0.052398
4215 0.026177
4223 0.067196
4226 0.054684
4262 0.079709
4278 0.040236
4286 0.046174
4314 0.067196
4315 0.019829
4331 0.045034
4402 0.079709
4447 0.227899
4458 0.027373
4462 0.059887
4469 0.048866
4520 0.019139
4529 0.034277
4542 0.037139
4624 0.033268
4628 0.071815
4729 0.031485
4738 0.030030
4759 0.079709
4764 0.030236
4841 0.044504
4916 0.033268
4943 0.015015
4964 0.027724
5012 0.043388
5064 0.031000
5095 0.043048
5111 0.049652
5132 0.057546
5133 0.039546
5135 0.015573
5174 0.039546
5188 0.063920
5320 0.047682
5323 0.099303
5394 0.052223
5452 0.044504
5473 0.057546
5723 0.043513
5729 0.079709
5734 0.014746
5739 0.063920
5740 0.033268
5743 0.019653
5749 0.025374
5753 0.034106
5814 0.046174
5826 0.029659
5842 0.053484
5851 0.022194
5880 0.065717
5885 0.018541
5926 0.018331
5992 0.059302
5995 0.079709
6005 0.112051
6060 0.025471
6071 0.016245
6112 0.013154
6236 0.067196
6249 0.061378
6274 0.031485
6382 0.046174
6385 0.057546
6415 0.024359
6421 0.046474
6433 0.019889
6445 0.038895
6452 0.087026
6466 0.028208
6587 0.016332
6616 0.023590
6643 0.052398
6657 0.038583
6792 0.040879
6794 0.045589
6814 0.031991
6825 0.067196
6837 0.032521
6864 0.022882
6909 0.039189
6916 0.061378
6931 0.094881
6965 0.060177
6980 0.031321
7060 0.024447
7061 0.012544
7062 0.009020
7082 0.060177
7104 0.071815
7111 0.026177
7118 0.048093
7125 0.037139
7131 0.075966
7150 0.025667
7217 0.062655
7267 0.071815
7280 0.071815
7300 0.051407
7385 0.020191
7405 0.057546
7411 0.023427
7498 0.018644
7530 0.026173
7549 0.038279
7554 0.106968
7568 0.057546
7611 0.041757
7635 0.018488
7641 0.016960
7643 0.024717
7651 0.052398
7709 0.053466
7775 0.035153
7783 0.037983
7786 0.057546
7788 0.013905
7814 0.053484
7855 0.038895
7859 0.063240
7899 0.023265
7937 0.039216
7946 0.053844
7967 0.057546
7971 0.039886
7973 0.044504
7974 0.040971
8016 0.049253
8070 0.042601
8087 0.030384
8218 0.061378
8282 0.061378
8334 0.036103
8383 0.074827
8384 0.051407
8404 0.027390
8410 0.034277
8412 0.042171
8477 0.059302
8482 0.027373
8488 0.048866
8512 0.022949
8550 0.043513
8581 0.046174
8583 0.070767
8605 0.019364
8632 0.050496
8664 0.057546
8671 0.035858
8761 0.019594
8826 0.023246
8827 0.133512
8919 0.019948
8924 0.031820
8959 0.029800
9052 0.022121
9062 0.028208
9130 0.020130
9138 0.017674
9184 0.042171
9264 0.034490
9355 0.046174
9380 0.059601
9402 0.046789
9520 0.039886
9521 0.038895
9522 0.039546
9580 0.079709
9594 0.039216
9633 0.063920
9634 0.032703
9642 0.033661
9734 0.043513
9767 0.014872
9811 0.047682
9903 0.041640
10015 0.027964
10030 0.040236
10036 0.019307
10058 0.015904
10228 0.031820
10327 0.037139
10378 0.017922
10396 0.026595
10397 0.022194
10401 0.026812
10423 0.054992
10433 0.055211
10509 0.018488
10556 0.062001
10573 0.057546
10637 0.102815
10639 0.088143
10646 0.031820
10747 0.051407
10828 0.054684
10886 0.079709
10890 0.012205
10892 0.032165
10940 0.071815
11160 0.408814
11161 0.218120
11165 0.043998
11166 0.053484
11177 0.039546
11210 0.111337
11306 0.015451
11320 0.052555
11325 0.054684
11332 0.018754
11396 0.049435
11423 0.021418
11443 0.024809
11458 0.022415
11470 0.048131
11523 0.014118
11532 0.017099
11544 0.042601
11600 0.055369
11625 0.028977
