278

5 0.040648
63 0.052274
71 0.024259
85 0.035891
109 0.034073
170 0.075659
179 0.070098
186 0.026834
216 0.041315
217 0.022351
259 0.037778
308 0.050592
310 0.064664
318 0.022782
401 0.088857
421 0.055203
455 0.041657
585 0.043165
594 0.049294
630 0.030596
632 0.027358
665 0.017486
697 0.022637
751 0.070793
827 0.049294
857 0.032011
876 0.042771
895 0.046764
897 0.023773
913 0.143590
1004 0.053199
1037 0.035463
1053 0.027684
1074 0.092861
1075 0.051482
1231 0.028247
1258 0.034262
1259 0.045842
1274 0.040648
1284 0.029850
1333 0.089687
1384 0.048645
1411 0.059024
1483 0.048645
1487 0.046307
1499 0.087250
1572 0.038036
1653 0.040977
1666 0.020828
1797 0.038844
1807 0.051325
1818 0.036112
1872 0.017628
1899 0.042771
1981 0.025850
1987 0.064664
2002 0.035254
2033 0.043165
2035 0.064664
2057 0.045842
2076 0.040016
2131 0.056265
2179 0.104619
2194 0.112694
2259 0.011787
2268 0.084065
2363 0.169484
2375 0.047444
2507 0.010511
2550 0.044282
2572 0.048852
2579 0.060627
2618 0.032170
2633 0.060504
2677 0.042771
2720 0.029083
2762 0.012987
2875 0.042390
2881 0.044882
2920 0.075659
2965 0.075659
2983 0.075555
3010 0.043571
3014 0.027358
3029 0.042021
3056 0.046886
3089 0.054159
3121 0.021665
3122 0.021143
3144 0.043992
3185 0.044882
3203 0.078079
3204 0.094186
3264 0.037035
3281 0.049294
3322 0.038569
3367 0.049294
3401 0.037035
3415 0.038299
3482 0.026732
3484 0.057611
3498 0.040328
3531 0.021799
3614 0.067342
3633 0.033704
3735 0.040977
3818 0.019477
3841 0.039547
3926 0.027251
4215 0.041368
4283 0.055203
4315 0.020891
4645 0.029333
4708 0.019041
4734 0.017115
4764 0.031854
5025 0.046458
5050 0.026137
5110 0.049980
5178 0.023004
5324 0.053668
5344 0.075659
5376 0.034847
5395 0.057197
5460 0.034454
5532 0.024510
5544 0.049980
5569 0.085090
5678 0.027251
5681 0.063398
5689 0.023154
5693 0.034847
5734 0.046607
5758 0.033704
5817 0.038299
5851 0.023382
5893 0.064664
5900 0.028718
5967 0.049980
6023 0.039127
6070 0.041043
6112 0.027717
6117 0.044429
6144 0.035049
6205 0.080656
6273 0.052310
6301 0.121253
6415 0.025662
6436 0.277268
6440 0.067342
6535 0.044429
6559 0.027574
6723 0.053199
6813 0.021732
6820 0.051482
6837 0.034262
6860 0.034649
6864 0.012054
6874 0.013824
6951 0.075659
6957 0.060627
6984 0.048030
7006 0.057611
7061 0.026431
7062 0.009502
7126 0.212716
7208 0.050707
7217 0.022003
7282 0.050707
7322 0.070793
7350 0.045842
7377 0.211525
7385 0.021272
7404 0.031099
7411 0.024681
7479 0.067342
7498 0.098212
7534 0.044429
7607 0.050707
7641 0.017868
7704 0.236419
7705 0.052310
7706 0.052310
7788 0.029298
7936 0.036797
7943 0.059024
7981 0.230128
8046 0.134815
8111 0.028599
8128 0.032660
8157 0.129724
8227 0.022564
8245 0.028718
8272 0.024426
8351 0.034073
8404 0.028857
8455 0.024107
8456 0.043992
8470 0.031854
8498 0.037035
8512 0.024177
8613 0.083325
8619 0.035254
8642 0.099960
8650 0.035891
8662 0.032827
8761 0.082573
8826 0.034287
8876 0.056347
8930 0.028960
8931 0.007359
8956 0.059699
9052 0.023305
9059 0.014988
9065 0.025296
9116 0.032660
9138 0.055860
9264 0.036336
9270 0.029718
9284 0.043571
9285 0.064664
9306 0.044429
9328 0.050592
9444 0.025945
9446 0.054159
9462 0.045352
9471 0.075659
9480 0.044882
9587 0.035675
9593 0.026234
9688 0.036336
9713 0.134683
9725 0.033523
9761 0.023078
9767 0.031336
9770 0.028247
9783 0.024014
9811 0.025117
9855 0.045352
9860 0.049294
9863 0.033704
9873 0.038036
9900 0.104619
9903 0.065804
9919 0.030668
9920 0.064664
9936 0.044429
9957 0.039713
10036 0.020341
10214 0.053199
10251 0.097979
10255 0.051482
10276 0.044702
10304 0.045352
10308 0.057611
10309 0.027466
10325 0.028480
10397 0.070146
10415 0.045842
10423 0.038624
10425 0.064664
10487 0.032985
10548 0.054931
10559 0.045842
10596 0.032998
10619 0.058448
10658 0.068524
10789 0.075659
10890 0.012858
10917 0.044429
11242 0.028960
11256 0.021532
11349 0.035463
11375 0.021867
11397 0.026937
11522 0.046886
11636 0.032170
11637 0.051325
