43

194 0.723444
228 1.349218
895 0.846290
1613 1.323411
1700 1.808965
1859 2.425779
2388 2.136324
2499 1.307020
2507 0.380449
3121 0.784142
3850 0.758381
3951 0.704960
4063 1.094931
4278 1.534264
4447 1.448350
4729 1.200565
4943 0.572546
5224 1.925471
6456 0.806418
6616 0.899535
6888 2.437354
6905 2.738384
6962 1.200565
7008 0.878046
7047 1.213339
7061 0.478313
7062 0.687865
7643 0.942504
7859 0.904280
7920 1.039414
8382 1.039414
8641 1.254084
9461 0.721351
9704 1.696991
9783 0.869152
9811 0.909080
10309 0.994091
10397 1.692579
11160 2.598103
11161 2.772403
11210 0.849082
11386 1.349218
11600 0.703770
