72

74 0.072933
187 0.146507
199 0.104406
228 0.104406
449 0.188608
553 0.060679
895 0.065488
1302 0.131317
1487 0.064848
1529 0.198276
1613 0.102409
1749 0.235197
1852 0.188608
1859 0.234641
2002 0.197478
2504 0.197478
3083 0.235197
3126 0.181109
3150 0.091009
3275 0.047302
3282 0.106529
3885 0.099323
3932 0.211903
3951 0.054551
4027 0.198276
4148 0.151471
4161 0.174982
4215 0.038620
4361 0.235197
4447 0.224153
4573 0.042086
4663 0.068885
4708 0.053329
4866 0.073203
5083 0.104406
5376 0.097599
5734 0.043512
5880 0.064637
5926 0.054088
6281 0.093393
6324 0.113846
6382 0.136244
6504 0.067485
6643 0.154612
6816 0.151471
6874 0.038717
6962 0.092903
7061 0.037013
7062 0.026614
7859 0.093300
7920 0.080432
8287 0.136244
8404 0.040410
8728 0.095431
8761 0.057817
8944 0.188608
9133 0.128393
9328 0.070848
9522 0.116688
9767 0.021941
10030 0.118725
10195 0.065488
10397 0.065488
10509 0.054551
10556 0.091472
10701 0.060866
10879 0.151687
11160 0.301571
11161 0.429070
11210 0.262816
11233 0.197478
11386 0.104406
