325

23 2.036450
26 1.070931
64 1.426630
97 0.909080
103 1.219870
158 1.577016
272 2.085172
292 1.115135
373 4.378892
404 1.635779
447 1.206905
455 0.753857
508 0.774596
586 0.747158
651 1.534264
665 1.265748
734 1.448350
808 2.966223
903 2.039414
917 1.148063
930 3.096105
946 3.039414
1066 2.340444
1102 1.247022
1103 2.340444
1112 0.765256
1149 4.873322
1269 0.939044
1296 1.949912
1370 2.219990
1378 1.386202
1442 3.039414
1484 6.565896
1493 2.738384
1502 2.738384
1532 1.558685
1542 0.814105
1572 1.376656
1619 2.562293
1643 1.043779
1666 0.753857
1789 1.534264
1807 0.928824
1902 1.014108
1939 1.405946
1981 0.935610
1991 1.066286
2010 2.919261
2036 3.039414
2046 1.018225
2094 6.078828
2158 2.261263
2189 1.760661
2220 1.624441
2259 0.426630
2267 1.247022
2335 4.577812
2336 2.437354
2338 6.118242
2348 2.869886
2455 2.555680
2486 1.608050
2498 4.388632
2501 1.784142
2507 1.141348
2518 0.824570
2524 3.144564
2530 0.717195
2587 2.340444
2601 1.507935
2653 1.507935
2667 1.376656
2686 2.261263
2696 0.683388
2722 1.863323
2763 2.268339
2768 1.010030
2787 12.157656
2805 1.437354
2824 3.475802
2844 1.960233
2891 2.738384
2996 1.340444
3121 0.784142
3177 1.158601
3179 0.772242
3215 3.039414
3275 0.611279
3322 1.395961
3351 2.189863
3355 6.078828
3370 5.549976
3396 3.039414
3436 1.367316
3479 1.717195
3482 0.967532
3491 1.925471
3492 1.386122
3535 1.005990
3546 1.957433
3567 2.133104
3573 0.788994
3618 1.760661
3715 1.534264
3756 3.039414
3761 2.376312
3818 0.704960
3850 1.516762
3966 3.039414
3977 2.340444
3985 1.925471
4091 1.386122
4186 1.863323
4215 2.994508
4266 1.052642
4451 2.634138
4503 1.659203
4542 1.416165
4570 2.261263
4573 1.631609
4584 2.261263
4610 1.315138
4617 1.471212
4677 0.539727
4693 3.850942
4694 2.340444
4734 1.858375
4770 1.261263
4830 1.426630
4866 2.837977
4943 0.572546
4978 1.495346
4988 2.340444
5012 1.654453
5050 1.891985
5081 1.030814
5135 2.375240
5178 0.832588
5193 1.738384
5370 4.874708
5394 0.497835
5403 13.691921
5491 0.404937
5521 1.307020
5529 0.646717
5581 7.686879
5594 3.039414
5597 6.078828
5601 14.289566
5692 0.753857
5694 5.124586
5758 1.219870
5795 3.510547
5833 1.497254
5869 1.052642
5885 0.706976
5912 2.261263
5926 1.397940
6035 1.925471
6071 1.238917
6112 1.003190
6211 1.226501
6283 1.075626
6308 0.749380
6317 2.108863
6354 1.863323
6421 1.772123
6456 0.806418
6506 3.897154
6542 1.659203
6574 1.863323
6576 2.738384
6635 1.233234
6792 0.519586
6802 2.011981
6806 1.355373
6864 0.872539
6874 1.000676
6964 3.521321
6968 1.268562
6975 1.405946
6980 14.331793
7001 2.716346
7061 0.478313
7062 0.687865
7082 1.147320
7111 1.497254
7118 1.833838
7120 0.832588
7217 2.389128
7329 8.777264
7350 1.659203
7369 1.261263
7411 0.893286
7498 1.421868
7532 1.261263
7551 3.039414
7552 4.272648
7584 1.641474
7595 1.367316
7664 1.206905
7693 2.261263
7694 0.776963
7761 1.200565
7783 1.448350
7859 0.602854
7862 0.960233
7864 1.170182
7887 0.971228
7915 1.043779
7935 3.039414
7946 1.026577
7972 1.254084
7987 2.753313
7989 1.048188
8007 5.028102
8016 0.939044
8048 1.188156
8083 0.711035
8150 1.099895
8192 1.925471
8227 0.816698
8230 1.808965
8237 1.170182
8240 1.534264
8243 1.495346
8271 0.925471
8294 2.776412
8295 1.358173
8347 9.118242
8351 1.233234
8381 1.164353
8382 2.078828
8387 2.564168
8404 0.522218
8410 1.307020
8455 0.872539
8470 1.152923
8474 5.895056
8499 3.185504
8545 1.507935
8546 2.136324
8604 2.437354
8605 2.215152
8619 1.275986
8621 1.283539
8653 1.080373
8688 6.582948
8784 1.864408
8785 9.339907
8826 0.177283
8829 3.890874
8860 3.850942
8893 1.483112
8924 4.853357
8931 2.397235
9019 5.285714
9047 1.659798
9051 1.125600
9056 1.760661
9059 0.542484
9065 0.915562
9099 1.315138
9107 1.291226
9130 0.767573
9242 2.261570
9370 3.068528
9381 2.251201
9452 1.459631
9455 3.248882
9461 0.721351
9562 4.912546
9602 4.731048
9621 2.562293
9632 1.395961
9667 1.158601
9747 0.945992
9767 0.283539
9770 1.022381
9865 0.796376
9971 1.448350
9974 17.361030
10012 2.437354
10040 1.641474
10058 1.819334
10067 1.018225
10069 6.369024
10082 1.254084
10085 4.157656
10086 2.151253
10249 0.963867
10352 1.942457
10362 2.562293
10363 1.577016
10378 1.366777
10475 1.079454
10487 0.596934
10505 1.507935
10561 6.790864
10591 4.802260
10619 1.586607
10701 0.786561
10735 3.096105
10794 1.893286
10867 1.808965
10917 1.608050
11150 2.044762
11162 2.508169
11228 1.141787
11233 3.827958
11306 1.178330
11310 4.170343
11357 2.085172
11366 1.367316
11378 2.039414
11396 0.942504
11441 1.386202
11521 1.075626
11532 1.956073
11534 1.696991
11564 1.608050
11566 4.217837
11568 1.349218
11570 2.853261
11600 0.351885
