158

79 0.922143
151 1.925471
199 1.349218
231 3.039414
318 0.824570
346 0.506660
402 2.437354
404 1.090519
447 1.206905
584 1.863323
697 0.819306
934 1.808965
1216 2.261263
1387 1.085172
1455 1.349218
1506 1.115135
1568 3.039414
1716 1.659203
1859 2.425779
2000 1.972671
2002 6.379931
2125 1.784142
2245 3.039414
2257 1.495346
2259 0.853261
2267 1.247022
2419 2.085172
2486 1.608050
2524 1.048188
2532 2.453002
2550 0.801368
2565 1.416165
2646 1.925471
2792 2.136324
2801 1.200565
2926 3.041800
2977 3.039414
2988 3.039414
3149 2.240672
3150 1.176091
3203 0.565198
3233 1.548052
3275 0.611279
3521 1.254084
3567 0.711035
3599 1.158601
3605 1.349218
3626 0.967532
3627 1.254084
3758 1.182082
3863 1.960233
4005 1.094931
4046 1.925471
4196 1.468125
4215 0.998169
4505 2.136324
4573 2.719349
4613 0.902694
4645 1.061691
4677 0.539727
4708 1.378332
4770 1.261263
4780 1.960233
4916 2.537124
5320 0.909080
5376 1.261263
5394 0.497835
5640 4.874708
5681 1.147320
5732 0.786561
5734 1.124586
5750 7.701883
5826 1.130929
5855 1.835294
5880 5.011765
5926 0.698970
6071 0.619458
6088 7.021332
6291 0.806418
6452 1.659203
6570 0.998021
6723 1.925471
6792 0.519586
6874 0.500338
6886 2.738384
6962 2.401130
6965 1.147320
7060 0.932204
7061 0.478313
7111 0.499085
7124 1.562293
7135 2.085172
7217 0.796376
7288 3.476768
7305 1.677686
7408 2.039414
7498 2.488269
7635 0.704960
7709 0.679579
7730 1.659203
7765 2.039414
7859 0.904280
7881 1.548052
7981 0.925471
8007 0.838017
8083 1.422069
8085 1.507935
8128 1.182082
8140 1.960233
8186 1.548052
8237 1.170182
8382 5.197071
8455 0.436270
8498 1.340444
8503 6.408972
8508 1.283539
8512 0.875061
8605 0.738384
8621 1.283539
8767 1.409921
8807 2.039414
8826 1.240979
8827 8.484957
8931 0.532719
9328 0.915562
9538 1.052642
9593 0.949509
9648 2.437354
9747 0.945992
9757 2.340444
9767 0.850618
9774 0.956629
9871 2.426679
9903 0.793901
10096 2.966223
10118 1.717195
10187 1.863323
10195 3.385158
10378 2.050165
10396 1.014108
10423 0.698970
10505 1.507935
10556 2.364163
10573 4.388632
10639 3.361008
10701 0.786561
10890 1.396149
11158 2.562293
11160 14.289566
11161 4.158605
11162 1.254084
11210 2.547247
11306 0.589165
11398 3.039414
11462 1.405946
11532 0.652024
11600 0.703770
11627 1.738384
