129

68 3.041800
74 0.942504
109 1.233234
187 1.893286
199 1.349218
318 1.649141
345 0.932204
553 0.784142
609 2.738384
780 3.039414
917 0.574031
1250 1.863323
1262 2.039414
1269 0.939044
1278 1.268562
1302 1.696991
1333 0.811527
1387 4.340686
1487 0.838017
1572 1.376656
1694 1.507935
1700 1.808965
1716 1.659203
1797 0.702954
1859 3.638669
2033 1.562293
2071 0.971228
2115 0.922143
2259 0.426630
2267 1.247022
2278 1.219870
2322 3.039414
2363 1.022381
2403 2.085172
2499 1.307020
2507 0.760899
2690 0.974956
3010 3.154032
3095 0.590708
3122 0.765256
3203 0.565198
3255 1.367316
3331 2.738384
3535 1.005990
3671 3.039414
3871 2.085172
3875 3.039414
3884 1.863323
3926 0.986336
3951 0.704960
4161 2.261263
4196 0.734063
4278 1.534264
4447 7.241748
4520 0.729784
4532 1.863323
4613 0.902694
4624 2.537124
4644 4.686879
4645 2.123381
4677 0.539727
4729 1.200565
4730 3.039414
4908 1.784142
5297 2.663688
5324 0.971228
5376 1.261263
5468 1.194316
5625 1.534264
5651 1.315138
5689 0.838017
5732 0.786561
5734 0.562293
5885 0.706976
6012 1.998021
6071 1.238917
6112 0.501595
6452 1.659203
6504 0.872097
6615 3.039414
6616 0.899535
6799 1.358173
6828 0.717195
6864 0.436270
6909 1.494316
6931 1.808965
7082 2.294639
7264 1.641474
7265 2.039414
7310 1.548052
7394 1.426630
7859 2.411414
7861 0.696991
7959 1.960233
7981 0.925471
8383 1.426630
8728 1.233234
8827 1.696991
8931 0.266359
8956 1.080373
8989 1.471212
9065 0.915562
9133 1.659203
9264 1.315138
9328 0.915562
9593 0.949509
9634 1.247022
9881 1.677686
9950 1.315138
9999 1.194316
10352 0.971228
10411 2.261263
10507 1.022381
10530 1.164353
10556 1.182082
10596 1.194316
10619 0.528869
10639 2.240672
10711 1.268562
10892 1.226501
11006 3.039414
11086 3.039414
11121 0.600081
11160 3.897154
11161 5.544806
11210 3.396330
11443 0.945992
11547 1.039414
11625 1.104916
