291

22 0.038333
52 0.039782
83 0.038677
85 0.032456
109 0.030812
194 0.018075
199 0.067419
216 0.037360
217 0.020212
345 0.069872
346 0.075952
428 0.056496
503 0.054824
536 0.022633
553 0.019591
600 0.024266
689 0.031694
781 0.041454
783 0.099839
798 0.032655
872 0.041916
895 0.021144
917 0.043025
930 0.038677
960 0.053281
1132 0.031624
1167 0.036468
1278 0.031694
1333 0.081102
1335 0.068417
1393 0.109647
1478 0.068417
1487 0.041875
1494 0.039033
1498 0.031880
1542 0.020340
1574 0.043989
1613 0.066129
1660 0.109647
1700 0.045196
1716 0.041454
1721 0.018667
1723 0.034633
1779 0.041916
1797 0.017563
1798 0.029384
1859 0.333336
1920 0.058475
1973 0.042398
1981 0.023376
2002 0.127519
2082 0.039401
2165 0.040423
2169 0.053375
2213 0.046554
2230 0.035643
2259 0.031977
2274 0.056496
2278 0.030478
2304 0.027733
2363 0.025544
2403 0.052097
2499 0.032655
2518 0.041203
2525 0.056496
2539 0.028256
2565 0.035382
2638 0.026526
2689 0.064017
2768 0.050470
2795 0.068417
2801 0.029995
2812 0.060896
2853 0.052097
3017 0.091707
3074 0.054824
3095 0.029517
3203 0.014121
3233 0.038677
3236 0.024359
3245 0.054824
3275 0.015272
3282 0.068790
3455 0.029685
3482 0.024173
3536 0.060896
3573 0.019713
3830 0.056496
3841 0.035762
3885 0.064137
3951 0.017613
3953 0.044576
4005 0.164137
4091 0.017316
4150 0.049919
4161 0.056496
4196 0.018340
4317 0.031333
4333 0.028390
4344 0.047303
4447 0.217117
4451 0.021937
4452 0.037055
4507 0.053375
4624 0.031694
4677 0.026970
4683 0.068417
4701 0.095639
4708 0.068874
4729 0.029995
4738 0.014305
4747 0.031880
4764 0.028805
4776 0.050954
5100 0.017513
5112 0.023991
5178 0.062405
5222 0.041011
5224 0.048107
5284 0.043989
5323 0.047303
5324 0.024266
5376 0.031512
5529 0.016158
5532 0.044329
5612 0.125748
5648 0.068417
5689 0.041875
5692 0.018835
5712 0.024173
5716 0.050954
5732 0.039303
5734 0.014049
5749 0.024173
5753 0.016246
5760 0.068417
5826 0.028256
5842 0.050954
5869 0.026300
5885 0.035327
5926 0.052390
5947 0.031156
5949 0.022957
5992 0.282481
6005 0.053375
6071 0.015477
6097 0.027356
6144 0.031694
6162 0.036186
6168 0.037999
6236 0.064017
6291 0.020148
6315 0.031880
6382 0.043989
6421 0.059034
6433 0.037895
6452 0.041454
6504 0.043578
6616 0.044949
6643 0.049919
6792 0.051926
6813 0.019652
6858 0.028256
6864 0.032700
6931 0.045196
6965 0.028665
7062 0.008593
7102 0.064017
7111 0.012469
7113 0.052097
7118 0.030545
7125 0.035382
7150 0.024453
7217 0.019897
7299 0.054824
7300 0.048975
7310 0.038677
7320 0.124363
7497 0.047096
7498 0.035525
7594 0.037675
7641 0.016158
7653 0.043989
7655 0.023039
7756 0.041011
7786 0.054824
7847 0.023291
7859 0.060248
7861 0.017414
7862 0.023991
7874 0.031880
7946 0.025648
7981 0.046245
8044 0.074109
8194 0.060896
8227 0.020405
8294 0.023122
8382 0.077907
8404 0.026095
8476 0.042903
8487 0.038677
8508 0.032068
8581 0.043989
8583 0.033709
8605 0.036896
8668 0.060896
8702 0.033065
8764 0.077354
8807 0.050954
8821 0.035382
8826 0.039864
8827 0.042398
8919 0.019005
8983 0.058475
9031 0.022088
9093 0.023723
9104 0.022318
9132 0.018287
9133 0.041454
9322 0.041454
9328 0.068624
9379 0.036757
9380 0.028390
9394 0.048107
9618 0.023991
9669 0.019353
9704 0.084797
9730 0.052097
9767 0.028336
9842 0.047303
9860 0.044576
9863 0.091433
9865 0.019897
9903 0.059505
9950 0.032858
10010 0.026526
10019 0.058475
10033 0.042398
10118 0.042903
10258 0.035382
10276 0.020212
10352 0.024266
10378 0.017074
10397 0.084576
10423 0.017463
10461 0.039401
10487 0.029828
10517 0.035643
10556 0.088601
10565 0.033490
10573 0.109647
10619 0.026427
10639 0.083973
10646 0.030315
10700 0.045854
10701 0.019652
10715 0.035382
10747 0.048975
10776 0.052097
10878 0.068417
10890 0.046509
10892 0.030643
10916 0.054824
10917 0.040176
10971 0.068417
11084 0.041916
11121 0.089956
11152 0.022318
11160 0.324560
11161 0.138534
11209 0.050954
11210 0.084855
11214 0.060896
11289 0.058475
11314 0.047303
11323 0.116949
11332 0.017867
11349 0.032068
11366 0.034162
11386 0.067419
11423 0.020405
11443 0.023635
11475 0.036468
11480 0.043989
11523 0.026901
11526 0.022241
11532 0.016290
11543 0.031512
11547 0.025969
11600 0.035167
11625 0.055211
