321

22 0.035461
52 0.036801
63 0.021864
83 0.035779
85 0.030024
109 0.028503
188 0.025894
194 0.016721
199 0.062368
216 0.034561
217 0.018697
345 0.064637
346 0.070261
428 0.052263
503 0.050716
536 0.041874
553 0.018123
600 0.022448
689 0.029320
781 0.038348
783 0.092359
798 0.030209
872 0.038776
895 0.039120
917 0.039802
930 0.035779
960 0.049289
1132 0.029255
1167 0.033736
1278 0.029320
1333 0.075026
1335 0.063291
1336 0.037166
1393 0.101432
1456 0.019624
1478 0.063291
1487 0.038737
1494 0.036109
1498 0.029491
1542 0.018816
1574 0.040693
1613 0.061175
1660 0.101432
1700 0.041810
1716 0.038348
1721 0.017269
1723 0.032039
1725 0.027748
1779 0.038776
1797 0.016247
1798 0.027182
1859 0.336395
1920 0.054094
1973 0.039222
1981 0.021624
2002 0.117965
2033 0.036109
2082 0.036449
2165 0.037394
2169 0.049376
2213 0.043066
2230 0.032973
2259 0.029581
2274 0.052263
2278 0.028194
2294 0.040693
2304 0.025655
2363 0.047260
2403 0.048194
2499 0.030209
2518 0.038116
2525 0.052263
2539 0.026139
2565 0.065462
2638 0.024538
2689 0.059221
2720 0.024329
2768 0.046689
2795 0.063291
2801 0.027748
2812 0.056333
2853 0.048194
3017 0.084837
3074 0.050716
3095 0.027305
3164 0.042418
3203 0.013063
3233 0.035779
3236 0.022534
3241 0.040178
3245 0.050716
3275 0.014128
3282 0.063636
3455 0.027461
3482 0.022362
3536 0.056333
3573 0.018236
3830 0.052263
3841 0.033082
3885 0.088997
3951 0.032587
3953 0.041236
4005 0.177146
4091 0.016018
4150 0.046179
4161 0.052263
4196 0.016966
4215 0.011535
4317 0.028985
4333 0.026263
4344 0.043759
4447 0.200850
4451 0.020294
4452 0.034278
4507 0.049376
4614 0.032973
4624 0.029320
4677 0.024949
4683 0.063291
4701 0.088474
4708 0.063713
4729 0.027748
4738 0.013233
4747 0.029491
4764 0.026647
4776 0.047136
5067 0.026911
5100 0.016201
5112 0.022193
5178 0.057730
5222 0.037939
5224 0.044502
5284 0.040693
5323 0.043759
5324 0.022448
5376 0.029151
5529 0.014947
5532 0.041007
5612 0.116327
5648 0.063291
5689 0.038737
5692 0.017424
5712 0.022362
5716 0.047136
5732 0.036359
5734 0.012996
5740 0.029320
5743 0.017320
5749 0.022362
5753 0.015029
5760 0.063291
5826 0.026139
5842 0.094272
5851 0.019560
5869 0.024329
5876 0.063291
5885 0.032680
5926 0.080775
5947 0.028822
5949 0.021237
5992 0.313581
6005 0.049376
6071 0.014317
6097 0.025307
6144 0.029320
6162 0.033475
6168 0.035152
6198 0.063291
6236 0.059221
6291 0.037277
6315 0.058982
6382 0.040693
6421 0.054611
6433 0.035056
6452 0.038348
6504 0.040313
6616 0.041581
6643 0.046179
6792 0.048036
6813 0.018179
6858 0.026139
6864 0.030250
6878 0.029491
6931 0.041810
6965 0.026517
7062 0.007949
7102 0.059221
7111 0.011535
7113 0.048194
7118 0.028256
7125 0.032731
7150 0.022621
7217 0.018406
7299 0.050716
7300 0.045306
7305 0.038776
7310 0.071559
7320 0.115045
7497 0.043567
7498 0.049294
7594 0.034852
7641 0.014947
7653 0.040693
7655 0.021313
7756 0.037939
7786 0.050716
7847 0.021546
7859 0.055734
7861 0.016109
7862 0.022193
7874 0.029491
7946 0.023727
7981 0.042780
8044 0.068557
8194 0.056333
8227 0.018876
8294 0.021390
8382 0.096094
8404 0.024140
8444 0.037166
8476 0.039689
8487 0.035779
8508 0.029666
8581 0.040693
8583 0.031184
8605 0.034132
8668 0.056333
8702 0.030587
8764 0.071559
8807 0.047136
8821 0.032731
8826 0.040974
8827 0.039222
8919 0.017581
8983 0.054094
9031 0.020433
9051 0.026015
9093 0.021946
9104 0.020646
9132 0.033833
9133 0.038348
9171 0.036801
9264 0.030396
9322 0.038348
9328 0.063483
9379 0.034003
9380 0.026263
9394 0.044502
9618 0.022193
9669 0.017903
9704 0.078443
9730 0.048194
9767 0.026213
9842 0.043759
9860 0.041236
9863 0.084583
9865 0.018406
9871 0.028043
9903 0.073396
9950 0.030396
9963 0.040178
10010 0.024538
10019 0.054094
10033 0.039222
10118 0.039689
10258 0.032731
10276 0.018697
10287 0.049376
10352 0.022448
10378 0.015795
10397 0.078239
10423 0.016155
10461 0.036449
10487 0.027593
10517 0.032973
10541 0.032039
10556 0.081963
10565 0.030981
10573 0.101432
10619 0.024447
10639 0.077681
10646 0.028043
10700 0.042418
10701 0.018179
10715 0.032731
10747 0.045306
10776 0.048194
10878 0.063291
10890 0.043025
10892 0.028348
10916 0.050716
10917 0.037166
10971 0.063291
11084 0.038776
11121 0.083216
11152 0.020646
11160 0.300243
11161 0.192232
11209 0.047136
11210 0.078498
11214 0.056333
11289 0.054094
11295 0.028043
11298 0.027321
11314 0.043759
11323 0.108187
11332 0.016528
11349 0.029666
11366 0.031602
11386 0.062368
11423 0.018876
11443 0.021864
11475 0.033736
11480 0.040693
11523 0.024885
11526 0.020575
11532 0.015070
11543 0.029151
11547 0.024023
11600 0.032532
11625 0.051075
