71

186 0.971228
199 2.698436
218 6.432201
223 6.783789
227 2.194316
686 2.562293
1008 2.340444
1117 5.476768
1205 9.118242
1400 1.395961
1533 3.476768
1565 2.738384
1613 1.323411
1803 1.254084
1831 0.767573
1859 1.212890
1989 1.459631
1994 1.090024
2091 1.219870
2156 1.624441
2201 2.738384
2212 1.925471
2259 0.426630
2524 1.048188
2610 2.738384
2720 2.105285
2804 1.164353
2805 1.437354
3275 0.611279
3473 0.767573
3770 2.698436
3951 1.409921
4249 1.358173
4315 0.756113
4447 1.448350
4573 0.543870
4663 0.890195
4969 1.141787
5012 0.827227
5086 3.041800
5100 0.700958
5795 2.340365
5833 0.499085
6314 3.039414
6433 0.758381
6792 1.039172
6837 1.240074
6956 2.437354
7133 3.039414
7370 2.085172
7859 0.602854
7984 2.340444
8030 1.696991
8221 1.998021
8237 1.170182
8826 0.709131
8845 1.893286
9107 1.291226
9132 0.731918
9290 1.738384
9328 3.662250
9767 0.283539
9971 1.448350
10433 1.052642
10556 1.182082
10818 1.299051
10890 0.930766
11146 1.085172
11160 5.196206
11210 1.698165
11544 1.624441
