115

111 1.623055
166 2.753313
398 1.376656
485 1.188156
486 1.395961
630 2.214771
665 0.632874
872 1.677686
917 0.574031
1007 2.199790
1022 2.085172
1106 1.942457
1132 1.898622
1167 1.459631
1532 0.779343
1800 2.039414
1831 0.767573
1940 1.157033
2125 1.784142
2259 1.279891
2482 2.340444
2843 1.471212
2851 1.170182
2886 1.577016
3048 1.254084
3124 2.136324
3136 1.437354
3236 0.974956
3374 1.170182
3384 1.349218
3464 1.426630
3492 0.693061
3514 1.808965
3562 3.124586
3599 1.158601
3807 1.386202
3818 0.704960
3841 0.477121
3951 0.704960
4101 2.340444
4342 1.784142
4391 5.476768
4738 0.572546
4832 3.096105
4833 1.677686
4834 1.057143
4943 0.572546
5050 0.945992
5112 0.960233
5135 2.969050
5143 0.902694
5491 0.404937
5624 2.199790
5732 0.786561
5740 2.537124
5814 1.760661
5857 1.120336
5949 0.918840
6317 1.405909
6421 0.590708
6434 1.863323
6456 2.419254
6587 0.622774
6725 1.275986
6759 2.261263
6795 1.784142
6878 2.551972
7040 1.960233
7062 0.687865
7143 0.922143
7165 1.115135
7217 1.592752
7490 1.405946
7583 1.659203
7594 1.507935
7641 0.646717
7650 1.577016
7745 0.806418
7761 2.401130
7855 1.483112
7887 2.913685
7991 1.562293
8083 0.711035
8104 1.386202
8338 0.953054
8352 0.854723
8381 1.164353
8431 1.960233
8455 0.436270
8826 0.886414
8829 0.648479
8835 2.437354
8920 2.180048
8929 2.437354
8931 0.532719
9047 0.829899
9242 1.507714
9461 0.721351
9543 1.863323
9568 1.066286
9602 1.577016
9799 2.136324
10017 0.928824
10222 1.471212
10258 1.416165
10396 1.014108
10487 1.193869
10898 1.459631
11025 0.681479
11121 1.200163
11139 2.853261
11332 0.715132
11439 2.085172
11605 1.977609
11606 4.661021
