277

5 0.040236
63 0.051743
71 0.024013
85 0.035527
109 0.033727
170 0.074891
179 0.034693
186 0.026562
216 0.040896
217 0.022124
259 0.037394
308 0.050079
310 0.064008
401 0.087956
421 0.054643
455 0.041234
585 0.042726
594 0.048794
630 0.030285
632 0.027080
665 0.017308
697 0.022407
751 0.070075
827 0.048794
876 0.042337
895 0.046290
913 0.170559
1004 0.052659
1037 0.035103
1053 0.027403
1074 0.091919
1075 0.050959
1231 0.027961
1258 0.033914
1259 0.045377
1274 0.040236
1284 0.059093
1333 0.088776
1378 0.075821
1384 0.048152
1411 0.058425
1483 0.048152
1487 0.045837
1499 0.086365
1572 0.037650
1653 0.040561
1666 0.020617
1797 0.038450
1807 0.050804
1818 0.035745
1872 0.017449
1899 0.042337
1981 0.025588
1987 0.064008
2002 0.034896
2033 0.042726
2035 0.064008
2057 0.045377
2076 0.039610
2131 0.055694
2154 0.018534
2179 0.103557
2194 0.167325
2259 0.011668
2268 0.083212
2363 0.167764
2375 0.046963
2507 0.010405
2550 0.043833
2572 0.048357
2579 0.060011
2618 0.031843
2633 0.089834
2677 0.042337
2720 0.028788
2762 0.012855
2875 0.041960
2881 0.044426
2920 0.074891
2983 0.074788
3010 0.043129
3014 0.027080
3029 0.041594
3089 0.053610
3121 0.021445
3144 0.043546
3185 0.044426
3203 0.077287
3204 0.093230
3264 0.036659
3281 0.048794
3322 0.038178
3367 0.048794
3401 0.036659
3415 0.037911
3482 0.026461
3484 0.057026
3498 0.039919
3531 0.021578
3614 0.066658
3633 0.033362
3735 0.040561
3818 0.019280
3841 0.026097
3887 0.037911
3926 0.026975
4215 0.040948
4283 0.054643
4645 0.029036
4708 0.018848
4734 0.016941
4764 0.031531
5025 0.045987
5050 0.051743
5110 0.049473
5178 0.022770
5324 0.053123
5344 0.074891
5376 0.034494
5395 0.056617
5460 0.034104
5532 0.024262
5544 0.049473
5569 0.084226
5678 0.026975
5681 0.062755
5689 0.022919
5693 0.034494
5734 0.046134
5758 0.033362
5817 0.037911
5851 0.023145
5893 0.064008
5900 0.028426
5967 0.049473
6023 0.038730
6070 0.040626
6097 0.029945
6112 0.027436
6117 0.043978
6144 0.034693
6205 0.079838
6273 0.051779
6301 0.120023
6415 0.025402
6436 0.274454
6440 0.066658
6535 0.043978
6559 0.027294
6723 0.052659
6813 0.021511
6820 0.050959
6837 0.033914
6860 0.034297
6864 0.011931
6874 0.013684
6951 0.074891
6957 0.060011
6984 0.047542
7006 0.057026
7061 0.026162
7062 0.009406
7126 0.210557
7208 0.050193
7217 0.021780
7282 0.050193
7322 0.070075
7350 0.045377
7377 0.314067
7385 0.021056
7404 0.030784
7411 0.024430
7479 0.066658
7498 0.097215
7534 0.043978
7607 0.050193
7641 0.017687
7704 0.234020
7705 0.051779
7706 0.051779
7788 0.029001
7859 0.008244
7936 0.036424
7943 0.058425
7981 0.202482
8046 0.100085
8111 0.028308
8128 0.032328
8157 0.102726
8227 0.022335
8245 0.028426
8272 0.024178
8351 0.033727
8404 0.028564
8455 0.023863
8456 0.043546
8470 0.031531
8498 0.036659
8512 0.023932
8613 0.082480
8619 0.034896
8642 0.098945
8650 0.035527
8662 0.032494
8761 0.081735
8826 0.033939
8876 0.055775
8930 0.028666
8931 0.007285
8956 0.059093
9052 0.023069
9065 0.025039
9116 0.032328
9138 0.055293
9264 0.035967
9270 0.029417
9284 0.043129
9285 0.064008
9306 0.043978
9326 0.044892
9328 0.050079
9444 0.025681
9446 0.053610
9461 0.019728
9462 0.044892
9471 0.074891
9480 0.088852
9587 0.035313
9593 0.025968
9688 0.035967
9713 0.133316
9725 0.033183
9761 0.022844
9767 0.031018
9770 0.027961
9783 0.023770
9811 0.024862
9855 0.044892
9860 0.048794
9863 0.033362
9873 0.037650
9900 0.103557
9903 0.065136
9919 0.030357
9920 0.064008
9936 0.043978
9957 0.039310
10036 0.020134
10214 0.052659
10251 0.064656
10255 0.050959
10276 0.044248
10304 0.044892
10308 0.057026
10309 0.027187
10325 0.028191
10397 0.069434
10415 0.045377
10423 0.038232
10425 0.064008
10487 0.032651
10548 0.054374
10559 0.045377
10596 0.032663
10619 0.043391
10658 0.067828
10789 0.074891
10890 0.012728
10917 0.043978
11242 0.028666
11256 0.021314
11349 0.035103
11375 0.021645
11397 0.026664
11522 0.046410
11636 0.063687
11637 0.050804
