217

5 0.046853
57 0.077621
106 0.056819
199 0.042968
274 0.096795
275 0.290384
285 0.081600
352 0.042415
404 0.017365
465 0.056819
472 0.087208
600 0.030930
632 0.031534
665 0.040310
925 0.096795
965 0.030696
1160 0.069881
1258 0.039492
1441 0.074535
1820 0.050222
1986 0.035846
1997 0.094464
2000 0.031411
2002 0.081271
2021 0.045775
2025 0.045433
2046 0.032427
2165 0.025763
2171 0.113637
2218 0.074535
2315 0.087208
2340 0.032427
2377 0.077621
2405 0.042146
2444 0.050222
2537 0.060295
2571 0.174416
2589 0.290384
2671 0.081600
2760 0.096795
2769 0.035513
2868 0.096795
2950 0.044456
2993 0.096795
3017 0.058448
3038 0.052840
3088 0.096795
3119 0.069881
3179 0.024593
3293 0.061319
3420 0.064948
3442 0.074535
3443 0.074535
3567 0.022644
3605 0.042968
3683 0.068211
3700 0.040876
3732 0.059340
3841 0.015195
3850 0.072455
3864 0.069881
3926 0.031411
3943 0.050708
4215 0.031788
4236 0.096795
4315 0.024080
4317 0.039938
4462 0.036362
4618 0.127260
4738 0.018234
4777 0.087208
4879 0.054687
4883 0.096795
4893 0.096795
4901 0.057495
4954 0.045100
5064 0.112935
5067 0.037081
5394 0.015854
5442 0.193589
5491 0.012896
5492 0.109373
5496 0.031169
5529 0.020596
5532 0.084756
5552 0.096795
5601 0.041370
5664 0.526029
5678 0.031411
5696 0.056819
5712 0.030812
5714 0.227166
5758 0.038849
5762 0.141696
5833 0.015894
5856 0.096795
5870 0.050708
5875 0.096795
5879 0.081600
5894 0.054043
5900 0.033102
6071 0.019728
6103 0.066405
6108 0.062427
6112 0.031948
6281 0.076871
6430 0.077621
6457 0.047622
6501 0.096795
6514 0.048861
6544 0.072013
6708 0.042146
6792 0.033094
6793 0.059340
6795 0.056819
6863 0.096795
6864 0.013894
6875 0.069881
6961 0.081600
6986 0.072013
7030 0.087208
7042 0.096795
7044 0.060295
7059 0.058448
7198 0.068034
7217 0.025362
7266 0.096795
7377 0.081271
7385 0.024519
7411 0.028448
7499 0.081600
7503 0.163200
7713 0.180400
7738 0.033957
7857 0.061319
7859 0.009599
7862 0.061160
7904 0.040636
7936 0.042415
7945 0.055361
7948 0.043842
7951 0.062427
7955 0.056071
7966 0.307265
7989 0.033381
8007 0.133439
8009 0.051211
8010 0.048022
8027 0.043253
8039 0.096795
8046 0.038849
8048 0.037839
8050 0.068034
8128 0.037645
8227 0.026009
8271 0.029473
8272 0.028155
8326 0.040399
8358 0.062427
8449 0.044456
8462 0.039060
8491 0.105680
8767 0.022451
8784 0.089062
8785 0.459685
8826 0.016937
8829 0.020652
8931 0.025448
8982 0.059340
9132 0.023309
9138 0.042924
9274 0.096795
9357 0.043842
9370 0.048861
9380 0.072376
9532 0.096795
9602 0.050222
9618 0.030580
9619 0.056071
9626 0.061319
9634 0.119140
9639 0.066405
9767 0.027089
9774 0.030465
9974 0.039492
10084 0.051733
10112 0.144027
10195 0.107805
10228 0.038641
10275 0.037645
10279 0.032037
10309 0.031658
10338 0.072013
10401 0.032559
10423 0.022260
10475 0.017188
10493 0.096795
10504 0.069881
10510 0.054687
10534 0.046853
10729 0.096795
10779 0.051211
10867 0.057609
10891 0.106857
10921 0.290384
11193 0.049300
11228 0.036362
11306 0.037526
11368 0.056819
11437 0.038641
11458 0.027220
11502 0.032296
11521 0.376804
11523 0.017145
11532 0.041529
11600 0.011206
11604 0.077621
