121

111 0.044809
166 0.076013
179 0.070045
217 0.044668
346 0.139878
423 0.068472
458 0.041255
485 0.065605
630 0.061145
697 0.090477
872 0.092635
917 0.031696
1007 0.121463
1053 0.165977
1064 0.157545
1080 0.085477
1112 0.042254
1132 0.139778
1135 0.070872
1487 0.046272
1499 0.116245
1605 0.049323
1797 0.038814
1831 0.042382
1872 0.035228
1940 0.063886
1989 0.080595
2025 0.078772
2058 0.049669
2071 0.053627
2134 0.086263
2259 0.023557
2421 0.054461
2519 0.072616
2554 0.074993
2732 0.167824
2916 0.080595
3124 0.117959
3236 0.107666
3464 0.078772
3489 0.077630
3492 0.114804
3818 0.038925
3841 0.026345
3951 0.077850
4344 0.104539
4359 0.059132
4413 0.055547
4451 0.048482
4529 0.072168
4610 0.072616
4734 0.034204
4738 0.031614
4834 0.058371
5012 0.045676
5023 0.059132
5025 0.046423
5135 0.032788
5143 0.049843
5168 0.066995
5382 0.078772
5457 0.079972
5479 0.117959
5491 0.111794
5624 0.121463
5900 0.057392
6060 0.053627
6421 0.032616
6434 0.102885
6587 0.034387
6813 0.043431
7062 0.037981
7143 0.050917
7165 0.061573
7217 0.043973
7319 0.117959
7498 0.078510
7528 0.067356
7532 0.069642
7635 0.038925
7704 0.039373
7809 0.095986
7876 0.085477
8146 0.089695
8338 0.052624
8434 0.117959
8589 0.097216
8605 0.040770
8612 0.151202
8638 0.121161
8653 0.059654
8762 0.079972
8826 0.068522
8829 0.035806
8920 0.300933
8930 0.115753
8931 0.014707
8956 0.059654
9059 0.029954
9242 0.041625
9592 0.177397
9667 0.063973
9669 0.042770
9903 0.043836
10017 0.051286
10092 0.048983
10194 0.102885
10222 0.081234
10394 0.141479
10509 0.038925
10528 0.104539
10547 0.094816
10658 0.068472
10964 0.124857
11025 0.037628
11096 0.076013
11397 0.053833
11462 0.077630
11526 0.049153
11600 0.019430
11605 0.036398
