174

13 1.437354
74 0.942504
111 0.811527
166 1.376656
179 1.268562
217 0.808965
346 2.533299
404 0.545260
423 1.240074
458 1.494316
485 3.564467
600 0.971228
630 0.553693
665 0.632874
697 0.819306
804 3.039414
872 1.677686
917 0.574031
1007 2.199790
1053 5.009938
1064 2.853261
1080 1.548052
1132 1.898622
1135 1.283539
1274 1.471212
1275 5.164904
1285 1.349218
1333 0.811527
1387 1.085172
1487 0.838017
1499 2.105285
1609 1.115135
1721 1.494316
1804 1.323411
1831 0.767573
1872 1.914041
1940 1.157033
1989 2.919261
2005 1.158601
2025 1.426630
2058 0.899535
2071 0.971228
2073 1.376656
2134 1.562293
2135 2.039414
2181 1.738384
2259 0.426630
2264 2.874708
2421 0.986336
2507 0.380449
2519 1.315138
2554 1.358173
2722 1.863323
2731 1.960233
2762 0.470040
2763 1.512226
2916 2.919261
3048 1.254084
3124 2.136324
3236 3.899825
3464 1.426630
3489 2.811891
3492 2.772245
3554 3.039414
3818 0.704960
3841 0.477121
3951 1.409921
4173 3.039414
4344 1.893286
4359 1.070931
4413 1.005990
4451 1.756092
4529 1.307020
4610 1.315138
4669 1.696991
4722 1.094931
4734 0.619458
4738 0.572546
4796 2.364163
4820 2.437354
4969 1.141787
5012 0.827227
5023 2.141862
5025 3.363028
5026 1.240074
5135 0.593810
5143 0.902694
5168 1.213339
5382 1.426630
5394 0.995670
5457 1.448350
5479 2.136324
5491 2.024684
5499 1.808965
5624 2.199790
5756 1.471212
5885 0.706976
6060 0.971228
6112 0.501595
6379 1.998021
6421 0.590708
6434 1.863323
6587 0.622774
6725 1.275986
6813 0.786561
6816 0.978716
7047 1.213339
7062 0.687865
7143 0.922143
7165 1.115135
7217 0.796376
7319 2.136324
7498 0.710934
7528 1.219870
7532 1.261263
7564 2.738384
7635 0.704960
7704 1.426157
7760 0.666502
7788 0.530212
7809 1.738384
7862 0.960233
7876 1.548052
7904 1.275986
7989 1.048188
8146 1.624441
8338 0.953054
8343 0.986336
8387 0.854723
8419 1.141787
8589 1.760661
8612 2.738384
8638 6.582948
8653 1.080373
8762 1.448350
8826 1.772827
8829 0.648479
8920 8.720193
8930 3.144564
8931 0.266359
9059 0.542484
9242 0.753857
9435 1.608050
9592 1.070931
9667 1.158601
9669 0.774596
9770 3.067142
9871 1.213339
9903 1.587803
10017 0.928824
10051 2.261263
10092 1.774252
10194 1.863323
10222 1.471212
10394 2.562293
10415 1.659203
10487 0.596934
10509 0.704960
10547 1.717195
10604 1.448350
10658 1.240074
11025 0.681479
11096 5.506625
11121 0.600081
11150 1.022381
11397 0.974956
11443 1.891985
11456 1.548052
11462 1.405946
11501 1.254084
11523 0.538355
11526 0.890195
11600 0.703770
11605 0.659203
