106

7 0.269172
109 0.061508
164 0.136578
198 0.115005
213 0.041933
339 0.136578
345 0.046494
346 0.227429
404 0.054390
452 0.177970
586 0.037265
600 0.048440
665 0.031565
783 0.099652
795 0.103999
880 0.151592
965 0.048073
1649 0.043943
1757 0.094429
1835 0.064401
1859 0.090740
1911 0.243128
2002 0.063640
2185 0.058957
2259 0.021278
2320 0.086703
2363 0.050992
2507 0.018975
2561 0.151592
2762 0.046887
2763 0.037711
2776 0.116731
2818 0.081869
2954 0.046664
3320 0.109443
3535 0.050174
3573 0.039351
3691 0.037045
3850 0.075649
3887 0.069137
4071 0.101569
4215 0.024892
4447 0.144474
4573 0.054252
4645 0.052952
4764 0.057503
4770 0.062906
4776 0.101717
4859 0.158829
5320 0.090682
5324 0.048440
5712 0.048256
5732 0.039230
5734 0.028045
5902 0.067293
6071 0.030896
6112 0.050035
6421 0.029462
6504 0.086992
6559 0.049777
6792 0.051829
6874 0.024955
6962 0.059879
7062 0.034308
7118 0.030488
7143 0.045992
7150 0.048814
7498 0.017729
7523 0.085646
7655 0.091985
7694 0.038751
7859 0.105237
7860 0.151592
7937 0.074581
8292 0.055877
8294 0.046158
8382 0.103683
8404 0.026046
8407 0.072237
8605 0.036827
8761 0.037265
8826 0.035368
8931 0.026570
9525 0.151592
9609 0.151592
9755 0.076522
9905 0.080202
9971 0.072237
10000 0.072237
10085 0.051841
10147 0.077210
10276 0.040348
10475 0.053838
10683 0.136578
10701 0.039230
10747 0.097768
11015 0.107295
11031 0.072237
11121 0.029929
11139 0.213462
11160 0.388745
11161 0.345687
11210 0.084697
11335 0.052059
11523 0.026851
11600 0.017550
