124

85 0.077085
199 0.080061
345 0.055316
346 0.030065
452 0.105869
536 0.053754
992 0.068750
1032 0.104476
1278 0.075275
1606 0.162493
1660 0.130209
1700 0.107342
1859 0.179929
2002 0.075716
2073 0.163379
2154 0.080427
2230 0.084655
2259 0.025316
2499 0.077557
2507 0.022576
2569 0.099552
2696 0.040552
2762 0.027892
2763 0.044867
2772 0.080061
3010 0.093579
3027 0.114256
3074 0.130209
3095 0.035052
3150 0.069788
3241 0.103154
3282 0.163379
3289 0.079541
3295 0.130209
3439 0.116318
3498 0.086613
3546 0.058076
3691 0.044074
3787 0.084034
3926 0.058528
3952 0.067428
4215 0.029615
4278 0.091042
4333 0.067428
4447 0.429719
4532 0.110568
4573 0.032273
4624 0.075275
4644 0.092705
4645 0.125999
4701 0.075716
4738 0.033974
4901 0.053565
4916 0.075275
5108 0.152044
5297 0.158061
5612 0.099552
5734 0.066732
5792 0.057853
5885 0.041951
5992 0.134181
6012 0.237122
6168 0.090249
6291 0.047852
6324 0.087300
6433 0.090003
6504 0.051749
6792 0.030832
6812 0.145559
6816 0.058076
6864 0.025888
6874 0.029690
7082 0.136162
7109 0.112346
7121 0.162493
7217 0.047256
7265 0.242034
7498 0.042186
7709 0.040326
7758 0.058988
7788 0.031462
7859 0.071546
8230 0.107342
8273 0.134181
8287 0.208952
8382 0.123356
8396 0.095420
8404 0.030988
8410 0.077557
8412 0.095420
8455 0.025888
8807 0.121017
8982 0.110568
9133 0.098456
9264 0.078039
9380 0.067428
9584 0.079541
9634 0.147994
9730 0.123732
9767 0.033650
9872 0.067753
9950 0.078039
9986 0.134181
10147 0.091860
10276 0.096007
10471 0.152044
10475 0.128108
10489 0.116318
10500 0.169310
10573 0.130209
10639 0.132959
10892 0.072779
11015 0.063827
11121 0.035608
11160 0.231254
11161 0.246768
11210 0.100768
11252 0.094483
11258 0.082256
11314 0.224692
11386 0.160123
11443 0.056134
11547 0.061678
11625 0.065565
