63

23 1.018225
64 1.426630
98 1.066286
217 1.617930
346 1.013319
455 0.753857
599 2.317201
600 0.971228
1402 2.261263
1487 0.838017
1716 1.659203
1797 2.108863
1859 1.819334
2002 1.275986
2073 1.376656
2154 0.677686
2473 1.026577
2609 1.483112
2950 1.395961
3054 1.331844
3122 0.765256
3685 1.437354
3841 0.477121
4215 0.998169
4573 0.543870
5012 0.827227
5532 0.887126
5653 2.261263
6097 1.094931
6452 1.659203
6504 1.744194
6792 0.519586
7060 0.932204
7305 1.677686
7332 2.562293
7611 1.592256
7635 0.704960
7643 0.942504
7859 0.602854
7862 0.960233
8404 0.522218
8421 2.437354
8482 1.043779
8827 1.696991
8931 0.266359
9031 1.768156
9289 2.194316
9461 0.721351
9593 1.899018
9634 1.247022
9950 1.315138
10187 1.863323
10249 0.963867
10352 0.971228
10437 1.696991
10475 0.539727
10639 1.120336
10701 0.786561
10833 2.261263
11160 5.196206
11161 6.931008
11210 1.698165
11523 0.538355
