50

217 0.087233
221 0.327748
346 0.054635
455 0.081290
600 0.104730
1402 0.243838
1487 0.090366
1716 0.178916
1797 0.227405
1859 0.196184
2002 0.137593
2154 0.073077
2609 0.159928
2768 0.108914
3054 0.143616
3951 0.076018
4148 0.105538
4447 0.156180
4770 0.136005
5102 0.230366
5529 0.069737
5653 0.243838
5734 0.060634
5833 0.053818
6097 0.118069
6452 0.178916
7332 0.276299
7611 0.171697
7643 0.101633
7859 0.032504
7862 0.103545
8383 0.153837
8421 0.262827
8482 0.112554
8605 0.079622
8826 0.038234
8827 0.182991
8919 0.082024
8931 0.028722
9189 0.156180
9289 0.236619
9461 0.077785
9593 0.204776
10010 0.114485
10187 0.200927
10639 0.120809
10833 0.243838
11160 0.280161
11161 0.448434
11210 0.183118
