50

109 0.144339
318 0.096509
346 0.059300
965 0.112812
1223 0.320504
1333 0.094982
1725 0.140516
1804 0.154894
1859 0.141958
2073 0.161125
2154 0.079317
2265 0.233851
2550 0.093793
2763 0.088496
3095 0.069137
3241 0.203462
3863 0.229428
4532 0.436171
4573 0.063655
4644 0.182853
4770 0.147620
4831 0.229428
4903 0.181186
5178 0.097447
5792 0.114110
6433 0.088762
7498 0.041604
7859 0.105838
8150 0.128733
8287 0.206070
8605 0.086421
8807 0.238695
8826 0.020749
9290 0.406925
9538 0.123202
9634 0.145953
9653 0.208818
9667 0.135604
9730 0.244051
9907 0.178008
10010 0.124261
10500 0.166974
10561 0.158962
10619 0.061899
11015 0.125893
11160 0.304085
11161 0.162243
11523 0.063010
11532 0.076314
11547 0.243308
