45

68 3.041800
157 1.358173
308 1.831125
334 1.367316
583 1.696991
665 0.632874
895 0.846290
1730 1.548052
1859 1.212890
2259 0.853261
2278 1.219870
2364 2.039414
2504 1.275986
2762 0.470040
3095 0.590708
3316 1.233234
3535 1.005990
3904 1.507935
3926 0.986336
3984 1.323411
4027 2.562293
5345 1.471212
5651 1.315138
5833 0.499085
5908 3.039414
5926 0.698970
6466 1.075626
7358 2.261263
7523 1.717195
7643 0.942504
7859 0.904280
7862 0.960233
7981 0.925471
8128 1.182082
8455 1.308809
8570 9.118242
8826 0.177283
9132 0.731918
9381 1.125600
9872 1.141787
10423 0.698970
11160 3.897154
11161 2.772403
11210 1.698165
11233 2.551972
