405

23 2.036450
68 1.520900
79 0.922143
103 2.439740
109 1.233234
122 0.978716
149 2.039414
194 0.723444
217 0.808965
292 1.115135
334 2.734633
345 0.932204
346 4.559938
359 1.696991
404 0.545260
424 1.358173
452 1.784142
457 1.061691
477 3.282948
478 1.960233
586 0.747158
691 2.039414
693 1.624441
734 1.448350
865 3.154032
950 1.641474
954 3.039414
960 1.066286
965 1.927734
992 2.317201
997 2.136324
1028 4.129969
1032 1.760661
1049 2.738384
1074 1.120336
1167 1.459631
1216 2.261263
1269 3.756174
1278 2.537124
1296 0.974956
1333 1.623055
1370 1.109995
1387 1.085172
1409 1.548052
1506 3.345404
1507 2.716346
1509 3.039414
1596 1.677686
1605 0.893286
1606 2.738384
1616 2.966223
1617 1.291226
1643 1.043779
1756 1.925471
1757 1.893286
1859 11.522452
1990 3.039414
2005 1.158601
2024 1.022381
2028 3.096105
2038 1.835294
2054 2.919261
2067 1.261263
2073 2.753313
2084 1.980392
2105 2.437354
2140 1.459631
2154 1.355373
2185 4.728326
2220 1.624441
2259 2.559782
2261 2.136324
2267 1.247022
2278 1.219870
2313 1.358173
2348 2.869886
2366 1.717195
2405 1.323411
2416 5.476768
2438 1.998021
2499 3.921061
2507 1.521797
2524 1.048188
2530 0.717195
2548 2.053154
2557 2.738384
2569 1.677686
2638 1.061691
2651 0.784142
2720 2.105285
2744 2.136324
2749 6.078828
2762 2.350201
2763 5.292790
2768 6.060182
2769 1.115135
2797 2.039414
2804 1.164353
2851 1.170182
2901 7.021332
2954 0.935610
3014 0.990196
3095 5.907078
3122 0.765256
3150 2.352183
3179 0.772242
3255 5.469265
3257 3.039414
3261 2.340444
3275 0.611279
3282 1.376656
3327 2.562293
3330 5.476768
3337 2.136324
3374 1.170182
3437 1.437354
3446 2.085172
3480 6.883281
3500 1.608050
3529 2.340444
3535 1.005990
3539 1.677686
3550 1.386202
3567 0.711035
3568 1.808965
3573 0.788994
3599 1.158601
3637 1.136324
3638 1.925471
3668 2.340444
3783 1.471212
3818 1.409921
3833 6.078828
3841 0.954243
3928 1.437354
3932 5.476768
3938 1.233234
4005 3.284794
4091 3.465306
4126 1.717195
4150 3.996043
4163 1.760661
4215 2.495423
4244 6.078828
4245 2.340444
4266 1.052642
4331 1.717195
4344 1.893286
4413 1.005990
4447 15.931845
4451 1.756092
4452 1.483112
4466 2.039414
4471 2.261263
4551 2.738384
4593 1.863323
4610 1.315138
4628 13.691921
4644 3.124586
4645 3.185072
4663 0.890195
4701 1.275986
4708 0.689166
4724 1.696991
4729 2.401130
4738 0.572546
4749 6.078828
4770 2.522526
4782 2.562293
4806 9.118242
4832 1.548052
4903 1.548052
4916 1.268562
4943 1.717639
4954 1.416165
4974 2.437354
4978 1.495346
4998 2.738384
5064 1.182082
5067 1.164353
5100 0.700958
5101 1.808965
5102 2.136324
5108 2.562293
5133 3.015870
5154 1.808965
5155 3.039414
5178 0.832588
5307 8.246512
5320 1.818161
5324 0.971228
5345 11.769699
5394 1.493505
5491 0.404937
5520 2.738384
5529 12.287626
5531 1.835294
5651 1.315138
5712 0.967532
5732 0.786561
5753 0.650248
5756 1.471212
5803 7.686879
5809 2.136324
5821 3.675361
5833 3.493593
5851 0.846290
5880 2.505882
5885 0.706976
5919 1.624441
5945 1.141787
5948 0.863323
5949 0.918840
6070 0.742749
6071 0.619458
6112 2.006380
6168 1.520900
6206 2.340444
6240 4.345049
6249 2.340444
6274 1.200565
6281 1.206905
6291 0.806418
6308 1.498759
6315 5.103945
6324 2.942425
6412 2.194316
6433 2.275142
6504 2.616290
6514 1.534264
6529 1.624441
6557 2.340444
6616 0.899535
6631 1.386202
6635 6.166171
6721 2.194316
6792 2.078345
6833 1.960233
6864 3.053888
6878 1.275986
6898 2.340444
6909 2.241474
6962 1.200565
6965 2.294639
6968 1.268562
6980 1.194316
7041 1.376656
7056 6.078828
7069 3.850942
7082 3.441959
7109 1.893286
7111 1.996339
7118 1.833838
7124 3.124586
7217 1.592752
7296 1.863323
7310 1.548052
7369 1.261263
7389 1.426630
7393 2.039414
7411 0.893286
7498 4.621071
7518 2.085172
7530 0.998021
7554 4.078828
7694 0.776963
7709 2.718315
7737 1.358173
7758 0.994091
7761 1.200565
7786 2.194316
7801 1.592256
7859 4.822829
7862 0.960233
7864 1.170182
7894 2.340444
7899 4.435629
7925 1.520900
7937 1.495346
7946 3.079731
7955 1.760661
7989 1.048188
8083 0.711035
8196 1.307020
8237 1.170182
8241 2.036450
8259 1.696991
8264 1.808965
8286 3.039414
8287 1.760661
8294 0.925471
8382 2.078828
8383 5.706521
8396 3.216101
8397 2.136324
8404 1.566655
8410 5.228081
8444 1.608050
8455 2.617618
8457 1.194316
8459 2.085172
8511 1.893286
8512 1.750123
8582 1.577016
8605 2.953536
8641 1.254084
8702 1.323411
8761 0.747158
8826 0.709131
8879 1.659203
8887 2.738384
8930 1.048188
8931 0.532719
8947 2.261263
9059 0.542484
9065 0.915562
9093 2.848527
9130 0.767573
9132 2.195754
9224 3.393983
9249 3.039414
9270 1.075626
9280 1.158601
9328 0.915562
9379 4.413637
9380 1.136324
9381 1.125600
9522 4.523806
9538 2.105285
9579 1.315138
9587 1.291226
9592 2.141862
9605 1.760661
9618 0.960233
9634 4.988090
9662 1.677686
9667 1.158601
9700 1.677686
9718 1.405946
9734 1.659203
9747 1.891985
9767 1.701236
9776 1.925471
9865 0.796376
9872 2.283574
9905 1.608050
9933 1.075626
9934 1.808965
9950 2.630276
10010 1.061691
10029 1.677686
10086 1.075626
10195 3.385158
10223 2.085172
10258 1.416165
10276 1.617930
10279 2.011981
10352 0.971228
10378 6.150494
10396 2.028217
10397 0.846290
10403 1.376656
10454 1.677686
10475 4.317816
10487 1.193869
10530 1.164353
10556 2.364163
10582 1.717195
10596 1.194316
10619 0.528869
10661 1.507935
10701 0.786561
10747 1.960233
10818 1.299051
10828 2.085172
10890 2.326914
10892 4.906003
11063 1.717195
11112 1.863323
11121 5.400733
11139 1.426630
11160 32.476286
11161 18.020621
11209 2.039414
11210 7.641742
11220 2.340444
11221 2.738384
11287 1.043779
11298 1.182082
11306 1.767495
11332 0.715132
11367 3.039414
11376 0.464226
11396 0.942504
11423 0.816698
11475 1.459631
11505 4.279891
11523 2.691774
11532 2.608097
11536 1.323411
11541 1.863323
11570 1.426630
11600 1.055655
11625 2.209831
11627 1.738384
