310

63 0.025959
71 0.024095
85 0.035647
179 0.069621
186 0.026652
194 0.019852
217 0.044398
229 0.070312
308 0.050248
310 0.064224
318 0.022627
340 0.109656
424 0.037270
455 0.062060
458 0.020503
552 0.082487
585 0.042871
630 0.015194
632 0.027172
665 0.017367
760 0.054828
827 0.048959
857 0.031793
897 0.023611
913 0.199658
990 0.036783
1004 0.052837
1037 0.035222
1042 0.051132
1074 0.061486
1188 0.054828
1217 0.062051
1231 0.028055
1259 0.045530
1275 0.035433
1278 0.034811
1284 0.059293
1285 0.037024
1333 0.178153
1343 0.045044
1377 0.066884
1384 0.048314
1483 0.048314
1487 0.045992
1499 0.028886
1532 0.021386
1605 0.049025
1609 0.030600
1651 0.048959
1652 0.042480
1653 0.081396
1666 0.020687
1744 0.039148
1797 0.019290
1807 0.025488
1818 0.071732
1853 0.046567
1856 0.058623
1859 0.016641
1872 0.017508
1981 0.025674
1987 0.064224
2002 0.035014
2025 0.078297
2131 0.027941
2165 0.022199
2179 0.103908
2249 0.048314
2259 0.035122
2268 0.041747
2286 0.070312
2335 0.025124
2363 0.168331
2507 0.010440
2550 0.021990
2552 0.028642
2572 0.024260
2579 0.060214
2618 0.063902
2633 0.210323
2697 0.044127
2825 0.058623
2830 0.075144
2867 0.055964
2950 0.038307
2954 0.025674
3014 0.027172
3049 0.050362
3065 0.070312
3066 0.083405
3095 0.032419
3122 0.020999
3144 0.043693
3150 0.032273
3203 0.062039
3204 0.031182
3241 0.047703
3243 0.027496
3281 0.048959
3295 0.060214
3313 0.041379
3367 0.048959
3401 0.036783
3415 0.038039
3484 0.057219
3537 0.052837
3583 0.058623
3613 0.027605
3621 0.024684
3633 0.066949
3681 0.095380
3735 0.081396
3741 0.114439
3758 0.064875
3809 0.050362
3818 0.019345
3841 0.039278
3926 0.027066
3968 0.039443
3991 0.064224
3995 0.062051
4037 0.049640
4063 0.030046
4215 0.027391
4283 0.054828
4416 0.048959
4433 0.053791
4462 0.031332
4529 0.035866
4572 0.054828
4645 0.058268
4722 0.030046
4738 0.015711
4834 0.029009
4866 0.025959
4994 0.051132
5025 0.069214
5050 0.077877
5067 0.031951
5110 0.049640
5117 0.062051
5178 0.022847
5324 0.053303
5376 0.034610
5395 0.056808
5468 0.032773
5532 0.024344
5569 0.140852
5678 0.027066
5681 0.031484
5689 0.022996
5692 0.020687
5734 0.015430
5743 0.041128
5797 0.029260
5851 0.023223
5880 0.068764
5893 0.064224
5934 0.054828
6070 0.020382
6071 0.016999
6112 0.041293
6241 0.070312
6301 0.060214
6415 0.025488
6421 0.016210
6436 0.275382
6440 0.066884
6456 0.022129
6535 0.044127
6559 0.027387
6796 0.037521
6814 0.033475
6828 0.019681
6874 0.013730
7006 0.057219
7060 0.025581
7061 0.026251
7111 0.013695
7126 0.105635
7162 0.049640
7185 0.062051
7208 0.050362
7212 0.047122
7217 0.043707
7350 0.045530
7377 0.245101
7385 0.021127
7404 0.030888
7411 0.024513
7460 0.054344
7498 0.078035
7704 0.176109
7706 0.103908
7752 0.064224
7783 0.039744
7788 0.043649
7815 0.064224
7859 0.024814
7884 0.051954
7887 0.026652
7922 0.050362
7937 0.041034
7946 0.028170
7974 0.042871
7981 0.203167
8046 0.066949
8085 0.082759
8111 0.028404
8128 0.032438
8157 0.077305
8230 0.049640
8368 0.054828
8404 0.014330
8455 0.011972
8466 0.070312
8487 0.042480
8613 0.082759
8642 0.049640
8645 0.107582
8646 0.051132
8650 0.035647
8761 0.061508
8771 0.042102
8826 0.029189
8876 0.055964
8908 0.070312
8931 0.007309
9008 0.052837
9059 0.029773
9062 0.029516
9075 0.041735
9115 0.030320
9116 0.032438
9138 0.036987
9178 0.070312
9237 0.058623
9264 0.036089
9270 0.029516
9285 0.064224
9306 0.044127
9328 0.025124
9380 0.031182
9444 0.025768
9446 0.053791
9462 0.045044
9469 0.045044
9480 0.044576
9521 0.040698
9587 0.035433
9593 0.026056
9634 0.034220
9667 0.031793
9688 0.036089
9713 0.066884
9767 0.062245
9770 0.028055
9774 0.026251
9855 0.045044
9863 0.033475
9865 0.021853
9873 0.037777
9900 0.051954
9903 0.043571
9957 0.039443
9999 0.032773
10015 0.029260
10036 0.020203
10058 0.033283
10070 0.051954
10080 0.041379
10109 0.050362
10122 0.051954
10141 0.043275
10214 0.052837
10251 0.064875
10276 0.088795
10309 0.054558
10325 0.028287
10397 0.069669
10423 0.057541
10475 0.014811
10487 0.016381
10505 0.041379
10515 0.044576
10528 0.051954
10548 0.027279
10581 0.038039
10619 0.043538
10658 0.034029
10701 0.021584
10711 0.069621
10880 0.045530
10917 0.044127
10999 0.038307
11064 0.058623
11194 0.055656
11242 0.028763
11349 0.105665
11375 0.021718
11411 0.046037
11423 0.022411
11454 0.058623
11462 0.077161
11522 0.046567
11600 0.009656
11625 0.030320
11630 0.051132
11636 0.127804
11637 0.025488
