244

13 0.096578
71 0.058997
79 0.061960
111 0.109055
186 0.032629
216 0.050237
268 0.041895
304 0.074241
318 0.027702
346 0.034043
404 0.018318
423 0.041661
455 0.050653
483 0.042132
485 0.199584
508 0.026023
553 0.052688
630 0.055805
633 0.040547
994 0.048658
1004 0.064687
1037 0.043121
1053 0.134650
1064 0.047929
1132 0.127571
1274 0.049426
1275 0.260278
1296 0.032754
1333 0.027264
1382 0.068515
1387 0.036457
1444 0.049037
1487 0.140769
1499 0.176821
1555 0.057012
1605 0.060021
1666 0.025326
1721 0.025101
1767 0.060773
1797 0.023616
1864 0.102111
1872 0.042869
1905 0.071771
1929 0.086759
1940 0.019436
1989 0.049037
2025 0.047929
2058 0.030220
2135 0.068515
2154 0.022767
2259 0.042999
2264 0.096578
2278 0.040982
2340 0.034208
2365 0.071771
2455 0.028620
2507 0.025563
2519 0.044183
2575 0.032139
2576 0.028715
2696 0.022959
2722 0.062600
2731 0.065855
2762 0.015791
2763 0.025402
2768 0.033933
3014 0.033266
3038 0.055742
3048 0.042132
3050 0.055742
3095 0.019845
3136 0.048289
3236 0.065509
3285 0.105962
3289 0.090066
3402 0.044461
3473 0.025787
3489 0.047234
3492 0.093135
3493 0.059151
3500 0.054024
3521 0.042132
3572 0.091998
3818 0.023684
3841 0.016029
3850 0.025478
3869 0.047577
3884 0.062600
3951 0.023684
4091 0.023284
4266 0.035364
4310 0.034348
4317 0.042132
4359 0.143915
4458 0.035066
4523 0.102111
4529 0.043910
4542 0.047577
4550 0.043380
4562 0.052981
4620 0.059151
4722 0.110355
4726 0.062600
4729 0.040334
4734 0.041622
4738 0.019235
4769 0.038733
4796 0.039713
4820 0.081885
4834 0.071031
4866 0.031781
4938 0.091872
4969 0.038359
4987 0.053493
5025 0.056492
5026 0.083322
5050 0.063562
5072 0.102111
5100 0.023549
5135 0.039899
5150 0.055742
5168 0.040763
5177 0.039713
5232 0.070053
5394 0.033450
5460 0.041895
5491 0.054416
5500 0.086082
5692 0.025326
5743 0.025176
5789 0.081885
5833 0.016767
5851 0.028432
5885 0.023751
6001 0.078629
6060 0.032629
6088 0.078629
6112 0.033703
6227 0.038924
6291 0.027092
6317 0.023616
6379 0.067125
6415 0.031204
6418 0.049037
6421 0.059536
6456 0.027092
6587 0.041845
6814 0.040982
6838 0.037638
7024 0.070053
7044 0.063606
7047 0.081526
7059 0.061658
7061 0.016069
7062 0.046219
7072 0.094467
7111 0.016767
7118 0.041073
7125 0.047577
7217 0.080264
7325 0.046250
7497 0.031664
7523 0.057690
7528 0.122947
7635 0.023684
7704 0.047913
7745 0.027092
7760 0.022392
7809 0.058402
7855 0.099652
7862 0.032260
7873 0.057690
7889 0.071771
7981 0.031092
8007 0.084461
8149 0.091998
8338 0.032018
8352 0.028715
8387 0.028715
8470 0.038733
8499 0.053510
8584 0.102111
8616 0.091872
8638 0.368597
8651 0.081885
8675 0.172164
8767 0.023684
8826 0.023824
8829 0.021786
8872 0.070053
8920 0.439441
8956 0.036296
9051 0.037815
9052 0.056677
9059 0.018225
9097 0.031548
9106 0.057012
9133 0.055742
9144 0.031092
9145 0.061658
9185 0.102111
9197 0.051096
9264 0.088366
9618 0.032260
9651 0.081885
9729 0.045328
9747 0.031781
9767 0.038103
9770 0.034348
9903 0.026672
9926 0.055742
10092 0.029804
10211 0.102111
10303 0.059939
10326 0.073768
10415 0.055742
10541 0.046570
10604 0.097317
10606 0.050660
10646 0.040763
10658 0.041661
10890 0.046905
11079 0.055742
11096 0.046250
11097 0.140105
11194 0.034070
11208 0.049426
11210 0.028525
11328 0.038733
11364 0.193155
11376 0.031192
11377 0.041205
11396 0.031664
11397 0.032754
11423 0.027437
11443 0.063562
11451 0.029701
11456 0.052008
11502 0.068139
11523 0.018086
11532 0.021905
11600 0.023644
11605 0.022146
11606 0.062636
