205

23 3.054674
83 1.548052
111 3.246110
127 1.437354
166 2.753313
188 6.722016
199 2.698436
398 1.376656
404 0.545260
418 0.824570
455 0.753857
458 0.747158
485 1.188156
486 1.395961
587 1.998021
599 1.158601
630 3.322156
665 1.265748
872 1.677686
917 0.574031
1007 2.199790
1022 2.085172
1106 2.913685
1132 1.898622
1167 1.459631
1269 1.878087
1364 3.041800
1532 1.558685
1666 1.507714
1721 0.747158
1800 2.039414
1831 0.767573
1940 1.735549
1981 1.871221
1986 1.125600
2024 1.022381
2125 1.784142
2154 0.677686
2185 1.182082
2256 2.039414
2259 1.279891
2268 2.281982
2390 2.085172
2417 1.717195
2450 2.738384
2482 2.340444
2497 1.608050
2554 1.358173
2575 0.956629
2762 0.470040
2805 1.437354
2806 1.035093
2843 1.471212
2851 1.170182
2886 1.577016
2892 3.041800
2927 3.248882
3048 1.254084
3054 1.331844
3124 2.136324
3136 1.437354
3179 0.772242
3236 0.974956
3263 1.760661
3268 2.039414
3374 1.170182
3384 1.349218
3423 2.776412
3464 1.426630
3492 0.693061
3514 1.808965
3562 3.124586
3599 1.158601
3611 13.808699
3661 1.808965
3807 1.386202
3818 0.704960
3841 0.477121
3869 1.416165
3951 1.409921
4063 1.094931
4101 2.340444
4176 1.760661
4342 1.784142
4391 5.476768
4520 0.729784
4677 1.079454
4738 1.145093
4832 3.096105
4833 1.677686
4834 1.057143
4943 0.572546
5050 0.945992
5112 2.880699
5135 6.531909
5143 1.805387
5320 0.909080
5457 1.448350
5491 0.404937
5624 2.199790
5689 0.838017
5732 0.786561
5740 2.537124
5792 0.974956
5814 1.760661
5857 1.120336
5949 0.918840
6112 1.003190
6317 1.405909
6421 0.590708
6434 1.863323
6456 3.225672
6587 0.622774
6725 1.275986
6759 2.261263
6792 0.519586
6795 1.784142
6813 0.786561
6864 0.436270
7032 2.772403
7039 1.254084
7040 1.960233
7050 1.164353
7061 0.478313
7062 2.407527
7114 3.039414
7143 0.922143
7165 1.115135
7217 1.592752
7295 2.039414
7387 1.261263
7490 1.405946
7583 1.659203
7587 1.562293
7594 1.507935
7641 0.646717
7650 1.577016
7745 0.806418
7761 3.601695
7826 1.299051
7847 0.932204
7855 4.449335
7857 1.925471
7876 1.548052
7887 3.884913
7913 1.534264
7918 1.548052
7937 5.981384
7991 1.562293
8083 2.844138
8269 2.437354
8315 1.608050
8338 0.953054
8352 0.854723
8381 1.164353
8387 0.854723
8404 0.522218
8407 1.448350
8431 1.960233
8488 3.726646
8512 0.875061
8537 1.641474
8539 0.668346
8826 1.950110
8829 0.648479
8835 2.437354
8915 2.738384
8920 2.180048
8929 2.437354
8931 0.266359
9047 0.829899
9059 0.542484
9097 1.878087
9242 2.261570
9328 1.831125
9461 0.721351
9543 1.863323
9568 2.132573
9601 2.136324
9602 1.577016
9770 2.044762
9799 2.136324
9977 1.641474
10017 0.928824
10092 0.887126
10097 1.925471
10222 1.471212
10254 1.659203
10255 1.863323
10329 1.641474
10396 1.014108
10487 1.790803
10526 1.893286
10898 1.459631
11025 0.681479
11121 1.200163
11139 2.853261
11332 0.715132
11348 8.215152
11439 2.085172
11480 1.760661
11566 1.405946
11605 1.977609
11606 13.050858
11620 1.085172
