153

13 1.437354
71 0.878046
111 0.811527
114 2.437354
166 1.376656
268 3.741067
346 1.013319
404 0.545260
485 3.564467
508 0.774596
600 0.971228
630 1.661078
697 0.819306
791 1.206905
803 3.039414
872 1.677686
1007 2.199790
1053 2.003975
1064 1.426630
1080 1.548052
1132 0.632874
1231 1.022381
1274 1.471212
1275 2.582452
1387 1.085172
1487 0.838017
1499 2.105285
1609 1.115135
1721 0.747158
1767 1.808965
1872 0.638014
1940 1.157033
1989 1.459631
2064 1.206905
2194 2.039414
2259 0.426630
2264 2.874708
2507 0.380449
2519 1.315138
2722 1.863323
2763 0.756113
2851 1.170182
2916 1.459631
3048 1.254084
3122 0.765256
3124 2.136324
3236 1.949912
3285 1.577016
3313 1.507935
3402 1.323411
3423 0.925471
3464 1.426630
3492 4.158367
3553 1.835294
3818 0.704960
3841 0.477121
3850 0.758381
3951 0.704960
4344 1.893286
4359 1.070931
4610 1.315138
4615 1.483112
4669 1.696991
4722 3.284794
4734 1.858375
4943 0.572546
4969 1.141787
5012 0.827227
5025 0.840757
5100 1.401915
5135 0.593810
5168 1.213339
5178 0.832588
5232 2.085172
5394 0.497835
5457 1.448350
5491 0.809874
5624 2.199790
5756 1.471212
5797 2.132573
5827 1.386202
5885 0.706976
6168 1.520900
6272 1.696991
6274 1.200565
6291 0.806418
6434 1.863323
6725 1.275986
6814 1.219870
6816 0.978716
6962 1.200565
7047 2.426679
7061 0.478313
7062 0.687865
7072 1.405946
7111 0.499085
7143 0.922143
7150 0.978716
7165 1.115135
7217 0.796376
7564 2.738384
7704 1.426157
7745 0.806418
7788 0.530212
7813 2.261263
7862 0.960233
8089 1.893286
8146 1.624441
8148 2.136324
8352 0.854723
8387 0.854723
8404 0.522218
8412 1.608050
8419 2.283574
8474 0.982509
8482 1.043779
8513 1.577016
8638 6.582948
8675 7.686879
8762 1.448350
8780 1.291226
8826 0.886414
8829 0.648479
8920 6.540145
8931 0.266359
9264 2.630276
9435 1.608050
9568 1.066286
9592 1.070931
9625 1.299051
9718 1.405946
9755 1.534264
9761 0.835294
9770 1.022381
9903 2.381704
10051 2.261263
10194 1.863323
10222 1.471212
10394 2.562293
10415 1.659203
10517 1.426630
10559 3.318406
10887 1.268562
11025 0.681479
11096 5.506625
11150 2.044762
11330 2.261263
11443 1.891985
11462 1.405946
11526 1.780390
11532 1.304049
11600 0.351885
11605 0.659203
