104

85 1.299051
98 1.066286
199 1.349218
345 0.932204
346 1.013319
452 1.784142
536 0.905875
992 1.158601
1028 1.376656
1278 1.268562
1699 3.039414
1859 3.638669
1975 3.039414
2154 1.355373
2230 1.426630
2259 0.426630
2499 1.307020
2507 0.380449
2569 1.677686
2696 0.683388
2763 0.756113
2772 1.349218
2926 1.520900
3095 0.590708
3275 0.611279
3282 2.753313
3289 1.340444
3439 1.960233
3498 1.459631
3681 1.158601
3885 1.283539
3952 1.136324
4195 1.170182
4278 1.534264
4333 1.136324
4447 4.345049
4532 1.863323
4573 0.543870
4623 1.534264
4645 2.123381
4701 1.275986
4738 0.572546
4901 0.902694
4916 1.268562
5108 2.562293
5297 1.331844
5491 0.404937
5612 1.677686
5712 0.967532
5734 0.562293
5792 0.974956
5885 0.706976
6012 1.998021
6317 0.702954
6340 3.039414
6433 1.516762
6504 0.872097
6792 1.039172
7082 2.294639
7121 2.738384
7217 0.796376
7265 4.078828
7498 0.710934
7758 0.994091
7788 0.530212
7859 1.507134
8221 1.998021
8230 1.808965
8273 2.261263
8285 3.039414
8382 1.039414
8410 1.307020
8440 1.386202
8807 2.039414
8931 0.266359
8982 1.863323
9132 0.731918
9264 1.315138
9340 3.039414
9380 1.136324
9634 1.247022
9730 2.085172
9767 0.283539
9811 1.818161
10000 1.448350
10147 1.548052
10185 0.932204
10472 3.039414
10507 1.022381
10639 1.120336
11015 1.075626
11160 3.897154
11161 2.772403
11210 2.547247
11255 3.039414
11258 1.386202
11306 0.589165
11314 1.893286
11364 1.437354
11386 1.349218
11443 0.945992
11504 3.039414
11600 0.351885
11625 1.104916
