108

67 0.080568
137 0.196567
213 0.067805
499 0.098284
555 0.098284
806 0.055512
828 0.158088
935 0.088483
1080 0.062423
1112 0.030858
1231 0.082453
1327 0.098284
1328 0.098284
1507 0.054767
1859 0.366813
1973 0.068429
2007 0.098284
2009 0.084082
2071 0.039164
2154 0.027327
2259 0.017203
2318 0.074006
2441 0.094376
2759 0.098284
2802 0.098284
3095 0.023820
3149 0.045176
3236 0.039314
3255 0.055136
3352 0.079044
3626 0.039015
3638 0.077642
3691 0.029951
3695 0.113386
3841 0.019239
3926 0.039773
4044 0.196567
4163 0.070997
4184 0.098284
4211 0.036788
4328 0.098284
4362 0.055136
4447 0.058403
4507 0.086145
4522 0.098284
4532 0.075136
4573 0.021931
4624 0.051153
4677 0.043528
4729 0.048411
4796 0.047666
4843 0.064843
4879 0.069244
5008 0.076345
5491 0.032657
5525 0.098284
5664 0.074006
5734 0.022674
5792 0.039314
5821 0.074102
5851 0.068251
6016 0.135302
6081 0.098284
6126 0.098284
6317 0.028346
6362 0.079044
6506 0.104766
6596 0.070997
6799 0.054767
7310 0.124847
7625 0.072945
7709 0.027403
7788 0.021380
7859 0.012155
7883 0.077642
7899 0.035772
8164 1.474254
8278 0.094376
8296 0.084082
8671 0.055136
9051 0.045389
9151 0.098284
9258 0.075136
9264 0.053031
9327 0.098284
9634 0.100570
9755 0.123735
9895 0.070098
10018 0.059805
10085 0.041913
10086 0.086747
10115 0.091183
10179 0.080568
10519 0.082237
10556 0.047666
10582 0.069244
10686 0.182366
10880 0.066906
11160 0.157148
11161 0.055897
11210 0.034238
11363 0.084082
11376 0.018719
11458 0.034466
11501 0.050570
11532 0.026292
11547 0.041913
11625 0.044554
