314

108 1.170182
318 1.649141
346 4.053278
404 0.545260
424 2.716346
455 0.753857
514 1.784142
536 0.905875
586 2.988632
598 1.659203
599 2.317201
600 0.971228
632 1.980392
645 2.437354
697 0.819306
831 0.819306
897 0.860437
965 2.891601
1037 1.283539
1093 1.405946
1269 0.939044
1278 1.268562
1285 1.349218
1295 4.879481
1296 0.974956
1363 2.194316
1370 4.439981
1398 2.562293
1441 4.680888
1499 1.052642
1601 4.272648
1632 1.808965
1679 2.340444
1716 3.318406
1859 1.212890
1865 2.136324
1924 1.641474
1939 1.405946
1948 2.738384
1965 1.925471
1997 1.483112
2002 1.275986
2137 1.738384
2160 2.340444
2186 1.608050
2218 2.340444
2259 0.426630
2262 1.863323
2363 1.022381
2421 0.986336
2518 0.824570
2539 1.130929
2551 1.395961
2596 1.677686
2618 1.164353
2658 1.696991
2684 4.522526
2687 1.448350
2763 3.024452
2769 1.115135
2772 1.349218
2804 5.821764
2809 1.520900
2844 1.960233
2907 2.194316
2950 2.791923
2954 0.935610
3014 0.990196
3034 1.358173
3040 1.677686
3074 2.194316
3082 1.717195
3122 0.765256
3205 1.416165
3275 0.611279
3293 1.925471
3352 1.960233
3386 1.240074
3439 1.960233
3473 0.767573
3476 4.874708
3521 1.254084
3546 0.978716
3567 4.266207
3573 0.788994
3583 2.136324
3599 2.317201
3626 0.967532
3637 1.136324
3681 1.158601
3818 0.704960
3850 0.758381
3885 1.283539
3896 2.194316
3943 1.592256
3952 1.136324
3962 3.039414
4005 1.094931
4071 1.018225
4091 0.693061
4097 3.039414
4146 2.562293
4157 1.808965
4211 0.912309
4215 2.495423
4258 5.090974
4273 3.617930
4316 3.039414
4343 3.670588
4398 16.430305
4447 4.345049
4462 1.141787
4514 2.039414
4542 1.416165
4573 1.631609
4593 1.863323
4622 2.738384
4623 3.068528
4663 0.890195
4677 0.539727
4701 1.275986
4708 0.689166
4718 2.261263
4780 5.880699
4908 1.784142
4943 0.572546
5012 0.827227
5064 1.182082
5067 1.164353
5105 1.925471
5324 0.971228
5346 1.760661
5383 3.039414
5394 2.489174
5478 3.039414
5493 2.562293
5529 1.293434
5653 2.261263
5664 1.835294
5668 7.312062
5692 0.753857
5743 0.749380
5819 33.433555
5826 1.130929
5833 1.996339
5851 0.846290
5880 1.670588
5885 0.706976
5900 1.039414
5902 1.349218
5914 1.960233
5920 1.233234
5926 1.397940
5948 2.589969
5949 0.918840
6070 0.742749
6097 1.094931
6112 0.501595
6131 14.954269
6180 2.194316
6213 10.197071
6220 1.416165
6277 2.039414
6317 0.702954
6348 1.534264
6353 2.738384
6354 1.863323
6421 2.362831
6433 0.758381
6452 3.318406
6504 6.104677
6506 1.299051
6559 1.996043
6570 0.998021
6616 1.799070
6635 1.233234
6648 1.998021
6649 4.413637
6659 2.085172
6778 3.039414
6813 0.786561
6828 0.717195
6886 2.738384
6888 7.312062
6934 1.448350
6968 1.268562
7008 0.878046
7060 0.932204
7061 2.391564
7069 1.925471
7082 1.147320
7111 0.998169
7120 1.665176
7150 0.978716
7217 0.796376
7308 1.562293
7310 3.096105
7369 1.261263
7411 0.893286
7424 2.340444
7442 4.272648
7498 1.066401
7515 1.405946
7521 1.863323
7532 1.261263
7580 3.762253
7584 1.641474
7635 0.704960
7694 0.776963
7729 2.085172
7730 1.659203
7752 2.340444
7758 0.994091
7808 1.677686
7859 0.301427
7936 2.663688
7946 1.026577
7989 1.048188
7991 1.562293
8002 18.236485
8087 2.317201
8262 2.562293
8294 0.925471
8360 2.437354
8381 1.164353
8404 0.522218
8410 1.307020
8452 1.738384
8491 1.659203
8493 2.039414
8539 1.336693
8605 2.215152
8632 1.925471
8641 2.508169
8662 1.188156
8702 1.323411
8767 0.704960
8826 3.013807
8919 1.521321
8998 3.039414
9008 3.850942
9028 3.039414
9031 7.956703
9047 1.659798
9062 1.075626
9095 1.194316
9133 3.318406
9138 0.673926
9189 1.448350
9324 1.998021
9328 0.915562
9338 1.760661
9379 2.942425
9380 3.408972
9390 1.998021
9409 2.562293
9461 1.442702
9473 1.483112
9538 4.210570
9562 0.982509
9597 1.760661
9613 2.085172
9618 1.920466
9619 3.521321
9653 3.568283
9667 1.158601
9747 0.945992
9756 2.194316
9767 0.567079
9774 0.956629
9872 1.141787
9900 1.893286
10031 2.261263
10135 3.039414
10195 0.846290
10224 3.476768
10246 2.085172
10249 0.963867
10275 3.546245
10276 0.808965
10279 1.005990
10397 1.692579
10429 2.562293
10454 3.355373
10461 1.577016
10487 0.596934
10537 1.534264
10541 1.386202
10563 1.386202
10611 2.738384
10615 3.039414
10619 0.528869
10701 0.786561
10747 1.960233
10776 12.511030
10885 3.039414
10890 1.396149
11065 1.717195
11121 0.600081
11139 4.279891
11160 6.495257
11161 9.703411
11177 3.015870
11210 0.849082
11238 1.495346
11298 1.182082
11349 1.283539
11403 2.738384
11523 0.538355
11541 1.863323
11600 0.703770
11603 2.194316
11625 1.104916
11627 1.738384
