359

74 0.025298
84 0.073502
98 0.028621
122 0.026270
194 0.058255
195 0.060695
204 0.035300
218 0.172649
228 0.036215
332 0.054741
334 0.036701
345 0.025022
346 0.067997
477 0.044059
553 0.084190
586 0.020055
665 0.016987
666 0.043162
697 0.021991
779 0.073502
895 0.022716
917 0.030816
930 0.041552
934 0.048555
1028 0.036951
1104 0.081582
1131 0.081582
1132 0.016987
1141 0.035522
1167 0.078357
1255 0.047259
1269 0.025205
1295 0.032743
1296 0.026169
1315 0.065422
1329 0.068776
1384 0.047259
1387 0.029128
1452 0.068776
1487 0.022494
1499 0.028254
1616 0.039809
1643 0.028016
1649 0.047297
1682 0.163164
1696 0.081582
1700 0.048555
1721 0.020055
1723 0.037208
1725 0.064450
1746 0.058899
1797 0.018868
1835 0.069317
1859 0.179056
2002 0.068499
2024 0.027442
2053 0.041552
2062 0.035749
2150 0.054741
2165 0.021714
2259 0.034354
2262 0.050014
2304 0.059588
2335 0.024575
2421 0.026475
2424 0.058899
2463 0.047889
2499 0.070165
2504 0.102748
2507 0.051059
2562 0.055969
2565 0.038012
2569 0.045031
2633 0.029389
2690 0.026169
2696 0.018343
2722 0.050014
2762 0.037850
2772 0.072430
2809 0.081646
2941 0.062821
2954 0.025113
3014 0.026578
3026 0.114684
3048 0.067323
3054 0.035749
3056 0.045550
3082 0.046092
3121 0.021047
3128 0.042329
3149 0.030071
3191 0.073502
3220 0.058899
3255 0.073401
3282 0.036951
3287 0.088119
3319 0.057342
3332 0.062821
3417 0.028871
3423 0.024841
3482 0.025970
3492 0.018603
3540 0.046661
3546 0.026270
3567 0.038170
3573 0.021178
3583 0.057342
3599 0.093295
3626 0.025970
3627 0.033661
3673 0.036215
3682 0.101637
3691 0.019936
3695 0.113213
3700 0.034452
3766 0.081646
3771 0.081582
3780 0.039809
3841 0.012807
3852 0.046092
3870 0.055969
3891 0.070600
3898 0.055969
3928 0.038581
3951 0.018922
3979 0.039489
4001 0.081582
4005 0.029389
4091 0.018603
4126 0.046092
4215 0.013396
4278 0.041182
4447 0.116627
4451 0.023568
4462 0.091942
4469 0.050014
4514 0.054741
4520 0.019588
4529 0.035082
4538 0.060143
4622 0.073502
4624 0.034050
4645 0.028497
4677 0.014487
4727 0.051682
4734 0.016627
4770 0.067708
4834 0.028375
4858 0.042738
4859 0.042738
4906 0.048555
5083 0.036215
5084 0.042329
5086 0.040823
5135 0.031877
5243 0.039809
5307 0.027668
5325 0.041552
5346 0.047259
5394 0.053450
5473 0.058899
5496 0.105080
5529 0.121512
5532 0.023812
5664 0.049262
5679 0.041552
5689 0.022494
5692 0.020235
5699 0.060695
5716 0.109481
5753 0.017454
5797 0.028621
5833 0.013396
5851 0.022716
5869 0.028254
5900 0.027899
5926 0.056284
5932 0.058899
5949 0.049326
6071 0.016627
6112 0.026927
6129 0.052615
6240 0.038876
6291 0.043291
6308 0.020114
6343 0.073502
6348 0.041182
6382 0.047259
6415 0.024931
6445 0.039809
6504 0.046817
6559 0.053577
6587 0.033432
6644 0.060695
6671 0.135094
6672 0.130844
6779 0.085477
6814 0.032743
6864 0.011710
6909 0.020055
6946 0.055969
6971 0.048555
6982 0.047259
7062 0.036927
7082 0.092387
7084 0.111938
7111 0.013396
7118 0.049223
7125 0.038012
7147 0.058899
7217 0.021376
7300 0.263077
7352 0.081582
7385 0.041330
7404 0.060425
7411 0.071931
7460 0.053157
7498 0.019082
7501 0.028254
7549 0.039179
7554 0.054741
7568 0.058899
7579 0.068776
7595 0.036701
7611 0.042738
7635 0.037844
7643 0.126491
7650 0.042329
7653 0.047259
7655 0.024752
7677 0.068776
7684 0.081582
7709 0.036482
7859 0.032363
7899 0.023812
7904 0.034249
7920 0.027899
7971 0.040823
8007 0.022494
8016 0.025205
8040 0.065422
8083 0.019085
8098 0.033472
8144 0.062821
8147 0.073502
8150 0.029523
8243 0.040137
8271 0.024841
8272 0.023730
8351 0.033102
8381 0.031253
8382 0.027899
8404 0.084102
8407 0.038876
8410 0.035082
8412 0.086325
8415 0.068776
8455 0.011710
8474 0.026372
8477 0.060695
8498 0.035979
8581 0.094517
8641 0.067323
8671 0.036701
8725 0.049262
8728 0.033102
8767 0.018922
8826 0.047585
8827 0.045550
8919 0.183755
8930 0.084405
8931 0.007149
8989 0.039489
9031 0.071190
9056 0.047259
9097 0.050411
9104 0.023977
9130 0.020603
9258 0.050014
9280 0.031098
9324 0.107259
9326 0.044059
9328 0.024575
9380 0.152503
9387 0.047259
9430 0.054741
9452 0.039179
9461 0.038724
9480 0.043602
9520 0.040823
9528 0.054741
9555 0.060695
9562 0.026372
9587 0.034658
9593 0.025486
9633 0.065422
9643 0.031409
9667 0.031098
9747 0.025392
9767 0.007611
9951 0.039179
10015 0.028621
10029 0.045031
10067 0.027331
10077 0.035522
10095 0.051682
10195 0.090862
10251 0.031729
10276 0.021714
10279 0.027002
10296 0.053630
10327 0.038012
10378 0.036686
10396 0.027220
10397 0.022716
10419 0.068776
10421 0.081582
10423 0.018761
10435 0.163164
10454 0.045031
10509 0.018922
10541 0.037208
10550 0.073502
10558 0.037208
10583 0.073502
10611 0.073502
10619 0.014196
10639 0.090214
10690 0.062821
10890 0.012492
10917 0.043162
10993 0.062821
11065 0.046092
11160 0.174342
11161 0.223246
11162 0.033661
11177 0.161900
11220 0.062821
11287 0.056033
11303 0.081582
11306 0.031628
11335 0.028016
11340 0.052949
11349 0.034452
11376 0.024921
11441 0.037208
11443 0.025392
11458 0.022942
11471 0.048555
11502 0.027220
11503 0.023730
11505 0.038293
11509 0.054741
11521 0.057743
11523 0.043351
11526 0.047788
11568 0.036215
11600 0.066116
11625 0.088972
