96

109 0.085305
187 0.130961
345 0.064482
346 0.035046
404 0.037716
697 0.056673
917 0.039707
1258 0.085778
1269 0.064955
1295 0.084380
1305 0.161892
1387 0.150126
1495 0.222462
1643 0.072200
1700 0.125129
1721 0.051682
1835 0.089316
1859 0.209743
1981 0.064718
2091 0.084380
2259 0.059021
2463 0.123412
2504 0.088262
2507 0.026316
2763 0.104603
2801 0.083045
3095 0.040860
3149 0.077495
3275 0.042283
3567 0.049183
3599 0.240426
3691 0.051377
3696 0.161892
3906 0.312830
3922 0.378836
3952 0.078601
4255 0.125129
4447 0.100184
4573 0.037620
4644 0.108066
4677 0.074667
4701 0.176524
4744 0.156415
4875 0.105203
4901 0.062441
4956 0.121787
5174 0.104306
5284 0.243575
5347 0.210241
5833 0.034522
5926 0.096698
5948 0.059717
5949 0.063558
6272 0.117383
6291 0.111562
6421 0.040860
6504 0.060324
6559 0.138069
6812 0.339355
6874 0.034609
7082 0.079362
7118 0.042283
7125 0.195916
7300 0.135592
7411 0.061790
7498 0.024588
7530 0.069035
7587 0.108066
7611 0.110139
7635 0.048763
7643 0.065194
7693 0.156415
7859 0.083401
8241 0.070432
8455 0.030177
8581 0.121787
8930 0.072505
9001 0.144234
9280 0.080142
9374 0.161892
9562 0.135923
10067 0.070432
10147 0.107081
10251 0.081766
10396 0.070147
10475 0.074667
10562 0.128889
10701 0.054408
10862 0.168595
11160 0.089857
11161 0.095886
11210 0.117465
11295 0.083928
11349 0.088784
11523 0.037239
11600 0.048681
