79

122 0.978716
194 1.446888
228 2.698436
345 1.864408
346 0.506660
553 1.568283
633 1.206905
745 3.039414
917 0.574031
934 1.808965
1613 1.323411
1721 0.747158
1797 0.702954
1835 1.291226
1859 2.425779
2002 2.551972
2150 2.039414
2259 0.426630
2507 0.380449
2690 0.974956
2762 1.410121
3048 1.254084
3121 0.784142
3122 0.765256
3332 2.340444
3403 1.659203
3531 0.788994
3691 0.742749
3766 1.520900
3841 0.477121
3869 1.416165
3928 1.437354
4447 1.448350
4538 1.120336
4734 0.619458
5473 2.194316
5529 0.646717
5664 1.835294
5689 0.838017
5851 0.846290
5947 1.247022
6291 0.806418
6936 3.039414
7062 1.031797
7082 1.147320
7118 0.611279
7385 0.769901
7460 0.990196
7498 0.355467
7568 2.194316
7693 2.261263
7709 1.359157
7859 0.602854
7904 1.275986
8404 0.522218
8412 1.608050
8441 2.194316
8498 1.340444
8728 1.233234
8826 0.531848
8827 1.696991
9097 1.878087
9133 1.659203
9339 1.760661
9520 1.520900
9667 1.158601
10010 1.061691
10015 1.066286
10036 0.736218
10195 1.692579
10397 0.846290
10558 1.386202
11152 0.893286
11160 1.299051
11161 2.772403
11503 0.884078
11505 1.426630
11568 1.349218
11600 1.055655
