328

63 0.024417
71 0.022664
85 0.033530
179 0.065486
186 0.025069
194 0.018673
217 0.041761
229 0.066136
308 0.047264
310 0.060410
318 0.021283
424 0.035056
455 0.058374
458 0.019285
552 0.077588
585 0.040325
623 0.052640
630 0.014292
632 0.025558
665 0.016335
760 0.051572
827 0.046051
857 0.029905
897 0.022209
913 0.214629
990 0.034599
992 0.029905
1004 0.099398
1037 0.033130
1042 0.048095
1053 0.025863
1074 0.057835
1188 0.051572
1217 0.058366
1231 0.026389
1259 0.042826
1275 0.033328
1278 0.032743
1284 0.055772
1285 0.034825
1333 0.188519
1343 0.042369
1377 0.062911
1384 0.045445
1483 0.045445
1487 0.043261
1499 0.027170
1532 0.020116
1605 0.046114
1609 0.028783
1651 0.046051
1652 0.079914
1653 0.076562
1666 0.019458
1744 0.036823
1797 0.018144
1807 0.047948
1818 0.067472
1853 0.043802
1856 0.055141
1859 0.015653
1872 0.016468
1981 0.024149
1987 0.060410
2002 0.032935
2025 0.073646
2131 0.026282
2165 0.020880
2179 0.097736
2249 0.045445
2259 0.033036
2268 0.039267
2286 0.066136
2363 0.131945
2507 0.009820
2550 0.020684
2552 0.026941
2572 0.022819
2579 0.056638
2618 0.030053
2630 0.062911
2633 0.197831
2697 0.041506
2825 0.055141
2830 0.070681
2867 0.052640
2950 0.036032
2954 0.024149
3010 0.040705
3014 0.025558
3049 0.047371
3056 0.043802
3065 0.066136
3095 0.030494
3122 0.019752
3144 0.041098
3150 0.030356
3203 0.058354
3204 0.029330
3241 0.044870
3243 0.025863
3281 0.046051
3295 0.056638
3313 0.038922
3367 0.046051
3401 0.034599
3415 0.035780
3484 0.053821
3537 0.049699
3583 0.055141
3613 0.025966
3621 0.023218
3633 0.094459
3681 0.089715
3735 0.076562
3741 0.161463
3758 0.061022
3809 0.047371
3816 0.056638
3818 0.018196
3841 0.036945
3926 0.025459
3968 0.037100
3991 0.060410
3995 0.058366
4037 0.046692
4063 0.028262
4215 0.025764
4230 0.070681
4283 0.051572
4416 0.046051
4433 0.050596
4462 0.029471
4529 0.067472
4572 0.051572
4645 0.054807
4738 0.014778
4834 0.027286
4866 0.024417
4994 0.048095
5025 0.021701
5050 0.097669
5067 0.030053
5110 0.046692
5117 0.058366
5178 0.021490
5324 0.050137
5376 0.032555
5395 0.053434
5468 0.030827
5491 0.020904
5532 0.022898
5569 0.132486
5678 0.025459
5681 0.029614
5689 0.021630
5692 0.019458
5734 0.029027
5743 0.038685
5753 0.016784
5797 0.027522
5851 0.021844
5880 0.064680
5893 0.060410
5934 0.051572
5955 0.053821
6070 0.019171
6071 0.015989
6112 0.038840
6241 0.066136
6301 0.056638
6415 0.023974
6421 0.015247
6436 0.306122
6440 0.062911
6456 0.020815
6535 0.041506
6559 0.025760
6723 0.049699
6796 0.035292
6814 0.031486
6828 0.018512
6874 0.012914
6909 0.019285
7006 0.053821
7060 0.024061
7061 0.012346
7111 0.012882
7126 0.119233
7135 0.053821
7162 0.046692
7185 0.058366
7208 0.047371
7212 0.044323
7217 0.041111
7350 0.042826
7377 0.263479
7385 0.039744
7404 0.029053
7411 0.023057
7460 0.051116
7498 0.082576
7704 0.165649
7706 0.048868
7752 0.060410
7783 0.037384
7788 0.041056
7815 0.060410
7859 0.023341
7884 0.048868
7887 0.025069
7922 0.047371
7937 0.038597
7946 0.026497
7974 0.040325
7981 0.191101
8046 0.062973
8085 0.077843
8111 0.026717
8128 0.030511
8157 0.072714
8230 0.046692
8368 0.051572
8381 0.030053
8384 0.050596
8404 0.013479
8455 0.011261
8466 0.066136
8487 0.039957
8559 0.040325
8613 0.077843
8642 0.046692
8645 0.101192
8646 0.048095
8650 0.033530
8662 0.030668
8761 0.057855
8767 0.018196
8771 0.039601
8826 0.027455
8876 0.052640
8908 0.066136
8931 0.006875
9008 0.049699
9056 0.045445
9059 0.028004
9062 0.027763
9075 0.039256
9115 0.028519
9116 0.030511
9138 0.034790
9178 0.066136
9197 0.039256
9237 0.055141
9264 0.067891
9270 0.027763
9285 0.060410
9306 0.041506
9328 0.023632
9380 0.029330
9444 0.024238
9446 0.050596
9462 0.042369
9469 0.042369
9480 0.041929
9521 0.038281
9587 0.033328
9593 0.024508
9634 0.064375
9687 0.058366
9688 0.033945
9713 0.062911
9767 0.058548
9770 0.026389
9774 0.024692
9855 0.042369
9863 0.031486
9873 0.035533
9900 0.048868
9903 0.040983
9957 0.037100
9999 0.030827
10015 0.027522
10036 0.019003
10058 0.031306
10070 0.048868
10080 0.038922
10109 0.047371
10122 0.048868
10141 0.040705
10214 0.049699
10251 0.061022
10276 0.083522
10309 0.051318
10325 0.026607
10397 0.087375
10423 0.054124
10475 0.013931
10487 0.015408
10505 0.038922
10515 0.041929
10528 0.048868
10548 0.025659
10581 0.035780
10619 0.027302
10658 0.064016
10701 0.020302
10711 0.065486
10880 0.042826
10917 0.041506
10999 0.036032
11064 0.055141
11152 0.023057
11194 0.052351
11242 0.027055
11298 0.030511
11349 0.099389
11375 0.020428
11411 0.043303
11423 0.021080
11443 0.024417
11454 0.055141
11462 0.108868
11522 0.043802
11600 0.009083
11625 0.028519
11636 0.150267
11637 0.023974
