187

71 0.878046
175 1.226501
194 1.446888
345 0.932204
424 1.358173
479 1.213339
531 1.837680
564 2.437354
639 1.960233
763 1.641474
781 1.659203
1022 2.085172
1082 2.136324
1112 0.765256
1132 2.531496
1157 1.315138
1175 1.808965
1197 4.486038
1258 1.240074
1295 1.219870
1378 1.386202
1400 1.395961
1456 1.698165
1609 1.115135
1725 3.601695
1730 1.548052
1831 2.302718
1859 3.638669
1950 1.534264
2002 1.275986
2084 0.990196
2262 3.726646
2264 1.437354
2407 2.437354
2518 0.824570
2530 0.717195
2624 3.039414
2709 2.738384
2722 1.863323
2763 0.756113
3095 1.181416
3179 1.544485
3275 0.611279
3351 1.094931
3374 1.170182
3386 2.480147
3414 1.109995
3417 2.151253
3461 5.124586
3492 1.386122
3498 1.459631
3499 1.507935
3508 2.261263
3521 1.254084
3531 0.788994
3573 0.788994
3582 2.085172
3599 2.317201
3674 1.835294
3681 1.158601
3900 2.085172
4283 1.998021
4315 1.512226
4423 1.960233
4573 1.087740
4618 1.998021
4624 1.268562
4654 2.738384
4722 1.094931
4747 3.827958
4901 0.902694
4943 1.717639
5002 2.738384
5025 1.681514
5036 1.562293
5100 0.700958
5376 1.261263
5491 0.809874
5555 1.998021
5584 3.039414
5625 1.534264
5651 7.890829
5654 3.039414
5678 0.986336
5733 3.039414
5749 0.967532
5753 2.600992
5755 2.437354
5839 1.960233
5869 1.052642
5885 0.706976
5948 0.863323
6059 2.562293
6308 0.749380
6348 1.534264
6433 4.550285
6504 0.872097
6587 0.622774
6625 2.437354
6635 1.233234
6792 1.039172
6823 1.562293
6858 1.130929
6965 4.589278
6980 1.194316
7047 1.213339
7147 8.777264
7190 2.437354
7198 2.136324
7411 0.893286
7460 0.990196
7463 6.078828
7498 0.355467
7595 1.367316
7668 1.641474
7737 1.358173
7760 0.666502
7859 0.904280
7925 3.041800
7978 1.099895
7989 1.048188
7991 1.562293
8063 5.476768
8150 1.099895
8227 0.816698
8291 2.194316
8404 0.522218
8419 2.283574
8455 0.436270
8494 1.291226
8498 1.340444
8512 0.875061
8605 0.738384
8671 1.367316
8786 2.738384
8826 0.709131
8919 0.760661
8930 1.048188
8931 0.266359
8954 1.925471
9001 2.085172
9047 0.829899
9171 1.592256
9270 1.075626
9283 1.835294
9298 3.039414
9328 0.915562
9380 3.408972
9435 1.608050
9461 0.721351
9538 1.052642
9593 1.899018
9643 1.170182
9679 1.520900
9709 2.194316
9767 0.850618
9846 3.039414
9847 2.340444
9880 3.039414
10010 1.061691
10058 0.606445
10072 1.925471
10084 1.624441
10378 0.683388
10487 0.596934
10501 1.471212
10558 1.386202
10561 1.358173
10605 4.388632
10606 1.507935
10619 1.057738
10717 2.261263
10776 2.085172
10855 14.624125
10890 1.396149
11078 2.085172
11160 9.093360
11161 1.386202
11162 1.254084
11332 1.430263
11409 3.039414
11532 1.304049
11547 1.039414
11600 1.407541
11625 1.104916
11630 1.863323
11671 3.184512
