229

23 1.018225
36 1.323411
41 2.261263
157 1.358173
194 0.723444
213 0.840757
258 1.219870
297 1.182082
308 0.915562
334 1.367316
346 0.506660
380 1.641474
418 1.649141
434 1.808965
477 1.641474
479 1.213339
520 2.437354
553 0.784142
583 1.696991
586 0.747158
600 0.971228
612 3.154032
632 0.990196
633 1.206905
636 2.039414
665 0.632874
666 1.608050
668 1.608050
697 0.819306
1002 1.307020
1050 1.495346
1073 2.194316
1129 5.476768
1167 1.459631
1302 1.696991
1321 2.085172
1364 1.520900
1464 1.459631
1516 1.577016
1609 1.115135
1649 0.881052
1653 1.483112
1666 0.753857
1721 0.747158
1831 0.767573
1939 1.405946
2058 0.899535
2067 1.261263
2084 3.960784
2085 1.448350
2086 2.832330
2131 2.036450
2158 2.261263
2165 0.808965
2185 1.182082
2224 1.147320
2240 2.194316
2259 0.853261
2278 1.219870
2348 0.956629
2639 2.340444
2762 0.470040
2882 2.738384
3010 1.577016
3095 0.590708
3122 0.765256
3144 1.592256
3149 1.120336
3150 1.176091
3193 1.659203
3203 1.130396
3237 2.085172
3275 0.611279
3417 1.075626
3485 1.495346
3495 1.170182
3531 0.788994
3623 1.998021
3646 2.340444
3694 1.240074
3806 1.395961
3850 0.758381
3884 1.863323
3917 1.206905
3951 1.409921
3976 22.446404
4078 3.039414
4091 0.693061
4215 1.497254
4310 1.022381
4573 0.543870
4639 2.340444
4641 2.738384
4677 2.158908
4680 1.641474
4734 0.619458
4866 0.945992
4869 1.577016
4908 1.784142
4930 1.863323
4949 3.039414
5012 0.827227
5122 1.893286
5157 1.808965
5159 2.562293
5178 0.832588
5242 7.399405
5243 1.483112
5376 1.261263
5714 1.426630
5734 1.124586
5743 1.498759
5826 1.130929
5838 1.520900
5880 0.835294
5885 0.706976
5894 3.393983
5920 1.233234
5983 2.136324
6065 1.358173
6077 2.562293
6133 1.738384
6178 1.863323
6388 3.039414
6433 1.516762
6456 2.419254
6457 1.495346
6584 1.426630
6587 1.245547
6605 1.459631
6792 0.519586
6828 0.717195
6837 1.240074
6878 1.275986
7090 4.680888
7111 0.499085
7118 1.222559
7126 2.309704
7182 1.331844
7296 1.863323
7334 1.659203
7341 1.495346
7369 1.261263
7404 1.125600
7498 0.355467
7522 2.562293
7523 1.717195
7537 8.729157
7538 3.039414
7540 1.340444
7580 1.254084
7589 2.522526
7641 2.586869
7643 0.942504
7709 1.359157
7760 0.666502
7761 1.200565
7788 0.530212
7859 2.109988
7862 0.960233
7887 0.971228
7915 1.043779
7920 1.039414
7943 2.136324
7994 2.437354
8010 1.507935
8128 1.182082
8130 2.194316
8150 1.099895
8245 1.039414
8272 0.884078
8404 1.044436
8419 1.141787
8485 1.115135
8488 7.453291
8511 1.893286
8539 0.668346
8580 1.808965
8608 2.194316
8761 1.494316
8764 1.548052
8826 1.418262
8834 1.998021
8919 1.521321
8939 1.213339
9047 0.829899
9062 1.075626
9065 0.915562
9264 1.315138
9328 0.915562
9351 1.367316
9378 1.386202
9438 1.562293
9536 3.039414
9562 0.982509
9593 0.949509
9623 0.994091
9770 1.022381
9774 0.956629
9783 0.869152
9865 0.796376
9933 1.075626
10015 1.066286
10030 4.602792
10179 1.998021
10309 0.994091
10423 0.698970
10433 1.052642
10486 4.924422
10487 1.193869
10509 0.704960
10596 1.194316
10619 0.528869
10639 1.120336
10700 1.835294
10730 8.215152
10770 1.960233
11055 1.471212
11146 1.085172
11151 1.893286
11152 0.893286
11229 1.416165
11288 2.194316
11375 0.791441
11376 0.928453
11377 1.226501
11437 1.213339
11564 1.608050
11600 0.351885
