353

26 0.024608
68 0.034947
74 0.021657
83 0.035571
204 0.030219
217 0.018588
228 0.093007
292 0.025623
308 0.021038
320 0.039944
323 0.062922
334 0.031418
345 0.042840
346 0.093136
350 0.062922
403 0.098176
404 0.025058
407 0.045910
418 0.018947
424 0.062416
458 0.017168
479 0.027880
497 0.056005
531 0.021113
536 0.041630
553 0.036036
584 0.042815
633 0.027732
634 0.056674
795 0.047913
797 0.053778
930 0.035571
1022 0.047913
1055 0.051959
1132 0.058168
1195 0.041566
1255 0.040456
1284 0.024825
1370 0.051011
1395 0.056005
1448 0.058876
1455 0.031002
1532 0.017908
1547 0.042171
1609 0.025623
1613 0.030409
1647 0.051959
1679 0.053778
1694 0.034649
1716 0.076250
1723 0.031852
1725 0.082759
1779 0.038550
1797 0.064610
1827 0.056005
1859 0.250827
1973 0.038993
1994 0.025046
1997 0.034079
2002 0.117278
2106 0.062922
2154 0.015572
2165 0.018588
2248 0.026236
2259 0.009803
2278 0.028030
2304 0.025505
2407 0.056005
2438 0.045910
2475 0.040456
2499 0.030033
2504 0.117278
2507 0.026226
2550 0.018414
2552 0.023984
2572 0.020314
2633 0.025159
2690 0.022402
2708 0.023784
2725 0.042815
2772 0.031002
2809 0.034947
2884 0.044243
3048 0.028816
3074 0.050421
3095 0.013573
3177 0.026622
3203 0.012987
3220 0.050421
3236 0.022402
3255 0.031418
3275 0.014046
3278 0.058876
3299 0.080913
3417 0.049431
3419 0.039944
3439 0.045042
3482 0.044464
3495 0.053777
3498 0.033539
3521 0.028816
3536 0.056005
3578 0.042171
3598 0.035254
3626 0.044464
3682 0.043504
3691 0.017067
3735 0.034079
3758 0.027162
3766 0.034947
3782 0.062922
3841 0.065779
3852 0.039458
3891 0.030219
3938 0.028337
3951 0.016198
3952 0.026110
3978 0.056005
4126 0.039458
4195 0.026888
4215 0.045872
4226 0.047913
4257 0.112010
4278 0.035254
4283 0.045910
4311 0.069839
4333 0.104441
4447 0.232960
4514 0.187446
4520 0.016769
4529 0.030033
4532 0.042815
4552 0.035571
4568 0.037326
4573 0.037491
4645 0.024395
4654 0.062922
4663 0.020455
4677 0.024804
4701 0.117278
4708 0.031671
4734 0.014234
4738 0.013156
4747 0.029319
4770 0.028981
4776 0.046861
4833 0.115649
4916 0.029149
4964 0.024291
5036 0.035898
5083 0.031002
5100 0.016107
5217 0.029849
5284 0.040456
5320 0.020889
5327 0.042171
5473 0.050421
5491 0.009305
5496 0.044978
5529 0.059441
5532 0.020384
5555 0.045910
5556 0.049088
5613 0.045042
5645 0.058876
5651 0.151095
5668 0.112010
5692 0.017322
5716 0.046861
5734 0.012920
5743 0.017219
5749 0.022232
5753 0.014941
5755 0.056005
5833 0.011468
5841 0.033805
5851 0.019446
5869 0.024187
5880 0.019193
5932 0.050421
5945 0.026236
5948 0.019837
5962 0.062004
5992 0.155877
6059 0.117752
6071 0.014234
6112 0.011526
6162 0.033280
6291 0.037060
6343 0.062922
6362 0.045042
6382 0.040456
6421 0.027146
6433 0.017426
6452 0.114375
6504 0.100195
6568 0.016623
6587 0.014310
6616 0.020669
6643 0.091821
6671 0.077099
6779 0.036587
6792 0.023878
6813 0.036147
6828 0.016480
6838 0.025743
6864 0.010025
6909 0.017168
6965 0.026363
7061 0.010991
7062 0.015806
7082 0.026363
7147 0.151262
7198 0.049088
7217 0.018299
7255 0.037718
7300 0.045042
7305 0.038550
7385 0.035381
7460 0.045505
7468 0.056005
7490 0.032306
7498 0.032672
7549 0.033539
7554 0.093723
7562 0.058876
7568 0.100841
7579 0.058876
7595 0.062836
7611 0.073173
7625 0.041566
7635 0.032397
7643 0.043313
7653 0.040456
7704 0.016385
7707 0.024501
7710 0.069839
7759 0.041566
7760 0.015315
7859 0.076188
7925 0.069894
7981 0.042531
8046 0.028030
8063 0.062922
8144 0.053778
8150 0.025273
8243 0.034360
8264 0.041566
8287 0.040456
8294 0.021265
8295 0.031208
8351 0.028337
8382 0.023884
8396 0.036950
8404 0.083996
8421 0.056005
8452 0.039944
8474 0.022576
8512 0.020107
8545 0.034649
8560 0.045910
8581 0.040456
8605 0.033933
8641 0.028816
8668 0.056005
8728 0.028337
8761 0.017168
8767 0.016198
8826 0.048883
8827 0.116980
8856 0.049088
8919 0.034957
8930 0.024085
8931 0.006120
8999 0.042171
9014 0.050421
9031 0.040628
9052 0.019382
9103 0.045910
9104 0.020526
9138 0.030971
9179 0.051959
9270 0.024716
9280 0.053244
9321 0.045910
9328 0.021038
9461 0.016575
9480 0.037326
9562 0.022576
9701 0.069839
9732 0.058876
9735 0.051959
9761 0.019193
9767 0.039091
9783 0.019971
9847 0.053778
9863 0.084090
9865 0.018299
9919 0.025505
9944 0.027162
9971 0.033280
10015 0.024501
10058 0.027870
10070 0.043504
10080 0.069298
10125 0.033280
10185 0.021420
10195 0.019446
10228 0.027880
10231 0.045042
10251 0.054323
10367 0.062922
10378 0.015703
10396 0.046604
10397 0.019446
10489 0.045042
10501 0.033805
10509 0.016198
10534 0.033805
10558 0.031852
10561 0.031208
10573 0.050421
10589 0.030219
10605 0.050421
10667 0.037326
10701 0.036147
10786 0.056005
10818 0.029849
10855 0.224021
10890 0.064161
10917 0.036950
11121 0.041366
11139 0.032781
11160 0.358193
11161 0.222964
11177 0.034649
11210 0.117061
11295 0.027880
11306 0.027076
11323 0.053778
11349 0.058986
11368 0.040996
11381 0.044243
11423 0.018766
11482 0.042171
11509 0.046861
11523 0.012370
11526 0.040910
11532 0.029964
11541 0.042815
11547 0.023884
11600 0.024257
11627 0.039944
