40

45 1.405946
258 2.439740
418 0.824570
2084 0.990196
2140 1.459631
2224 1.147320
2627 0.765256
2954 0.935610
3018 1.863323
3203 1.130396
3486 1.925471
3623 1.998021
3976 3.741067
5242 1.233234
5394 0.497835
5529 0.646717
5693 1.261263
6070 0.742749
6456 0.806418
6568 1.446888
6874 0.500338
7035 1.893286
7498 0.355467
7537 1.247022
7540 1.340444
7856 1.254084
7859 0.904280
7887 0.971228
7920 1.039414
8128 1.182082
8130 2.194316
8485 3.345404
8826 0.531848
8834 5.994064
8939 1.213339
9774 0.956629
10036 0.736218
10587 1.925471
10677 1.649141
11306 0.589165
