100

45 0.066950
258 0.116178
304 0.052615
352 0.063421
418 0.078531
455 0.035898
458 0.035579
479 0.057778
602 0.139012
612 0.075096
990 0.063831
1251 0.068445
1721 0.035579
2021 0.068445
2084 0.188609
2086 0.067436
2131 0.096974
2140 0.069506
2165 0.077044
2224 0.109269
2539 0.053854
2550 0.038160
2627 0.036441
2954 0.044553
3018 0.088730
3203 0.134571
3275 0.029109
3486 0.091689
3546 0.046606
3623 0.095144
3841 0.022720
3908 0.070058
3975 0.056290
3976 0.475056
4310 0.048685
4317 0.059718
4566 0.039392
4734 0.029498
4930 0.088730
5242 0.058725
5376 0.060060
5394 0.023706
5529 0.030796
5693 0.060060
5714 0.135870
5737 0.088730
5851 0.040300
6070 0.035369
6178 0.088730
6274 0.057170
6456 0.038401
6541 0.075096
6568 0.068899
6584 0.271739
6605 0.069506
6864 0.041549
6874 0.023826
6962 0.057170
7035 0.090156
7118 0.058217
7126 0.073324
7334 0.079010
7341 0.213621
7498 0.016927
7523 0.081771
7537 0.118764
7540 0.063831
7709 0.032361
7761 0.057170
7856 0.119437
7859 0.143537
7887 0.046249
7920 0.049496
8128 0.056290
8130 0.104491
8419 0.108742
8485 0.265508
8539 0.031826
8561 0.111450
8580 0.086141
8761 0.035579
8826 0.033768
8834 0.285432
8939 0.115556
9047 0.079038
9110 0.059382
9774 0.045554
9811 0.043290
10036 0.035058
10423 0.033284
10509 0.067139
10587 0.091689
10675 0.291345
10677 0.078531
11055 0.070058
11146 0.155025
11153 0.068445
11229 0.067436
11306 0.028055
11376 0.022106
