134

45 0.056419
258 0.097903
304 0.044339
352 0.053445
380 0.065870
418 0.099267
455 0.030251
458 0.029982
479 0.048690
602 0.117146
612 0.063283
633 0.048431
990 0.053790
1251 0.057679
1464 0.058573
1721 0.029982
2021 0.057679
2084 0.158941
2086 0.056829
2131 0.081720
2140 0.058573
2165 0.064925
2185 0.047435
2224 0.092081
2348 0.038388
2539 0.045383
2550 0.032158
2627 0.030709
2712 0.097808
2954 0.037545
3018 0.074773
3149 0.044958
3203 0.113403
3275 0.024530
3486 0.077266
3546 0.039275
3623 0.080178
3694 0.049762
3841 0.019146
3884 0.074773
3908 0.059038
3975 0.047435
3976 0.600495
4215 0.020028
4310 0.041027
4317 0.050325
4566 0.066391
4677 0.021658
4680 0.065870
4734 0.024858
4930 0.074773
5242 0.148464
5376 0.050613
5394 0.019977
5529 0.025952
5693 0.050613
5714 0.114497
5734 0.022564
5737 0.074773
5743 0.030072
5851 0.033960
5894 0.068098
6070 0.029805
6178 0.074773
6274 0.048177
6456 0.032360
6541 0.063283
6568 0.058062
6584 0.228995
6605 0.058573
6837 0.049762
6864 0.035014
6874 0.020078
6962 0.048177
7035 0.075975
7118 0.049060
7126 0.061790
7334 0.133163
7341 0.180019
7498 0.014264
7523 0.068909
7537 0.200165
7540 0.053790
7641 0.077856
7709 0.027271
7760 0.026746
7761 0.048177
7856 0.100649
7859 0.133054
7887 0.038974
7915 0.041885
7920 0.041710
7943 0.085728
7948 0.055243
8098 0.050041
8128 0.047435
8130 0.088055
8245 0.041710
8404 0.020956
8419 0.091637
8485 0.223744
8539 0.026820
8561 0.093919
8580 0.072591
8761 0.029982
8826 0.028456
8834 0.240534
8919 0.030524
8939 0.097379
9047 0.066605
9110 0.050041
9632 0.056018
9774 0.038388
9783 0.069756
9811 0.036480
10030 0.123136
10036 0.029543
10423 0.028049
10486 0.065870
10509 0.056578
10587 0.077266
10639 0.044958
10675 0.245517
10677 0.066178
10750 0.097808
11055 0.059038
11146 0.130639
11153 0.057679
11229 0.056829
11306 0.023642
11375 0.031759
11376 0.018629
11377 0.049218
11437 0.048690
