230

45 0.040385
74 0.054145
157 0.039012
213 0.048300
258 0.070080
297 0.033954
304 0.031738
334 0.039275
346 0.014553
352 0.038256
380 0.047150
418 0.071055
455 0.021654
458 0.021462
479 0.034852
520 0.070011
553 0.022524
586 0.021462
602 0.083854
612 0.090597
633 0.034667
665 0.036358
990 0.038503
1167 0.041927
1251 0.041287
1364 0.043687
1464 0.041927
1580 0.073600
1609 0.032031
1649 0.025308
1721 0.021462
1872 0.018326
1939 0.040385
2021 0.041287
2022 0.049325
2084 0.113771
2086 0.040678
2131 0.058495
2140 0.041927
2165 0.046474
2185 0.033954
2224 0.065912
2240 0.063030
2259 0.024509
2340 0.029248
2348 0.027478
2486 0.046190
2507 0.010928
2530 0.020601
2539 0.032485
2550 0.023019
2572 0.025394
2575 0.027478
2627 0.021981
2639 0.067228
2690 0.028005
2712 0.070011
2804 0.033445
2843 0.042259
2954 0.026875
3010 0.045299
3018 0.053523
3095 0.016968
3144 0.045736
3149 0.032181
3177 0.033280
3203 0.081174
3275 0.017559
3486 0.055308
3531 0.022663
3546 0.028113
3623 0.057392
3694 0.035620
3841 0.013705
3850 0.021784
3884 0.053523
3908 0.042259
3951 0.020249
3963 0.063030
3975 0.033954
3976 0.680576
4215 0.028672
4310 0.029367
4317 0.036023
4566 0.047523
4573 0.015622
4617 0.042259
4639 0.067228
4641 0.078658
4677 0.015503
4680 0.047150
4734 0.017793
4869 0.045299
4930 0.053523
5053 0.031033
5135 0.017057
5171 0.048190
5242 0.247966
5243 0.042601
5376 0.036229
5394 0.014300
5529 0.018576
5693 0.036229
5702 0.048190
5714 0.081958
5726 0.073600
5734 0.016151
5737 0.053523
5743 0.021525
5749 0.027792
5754 0.049934
5838 0.043687
5851 0.024309
5857 0.032181
5885 0.020307
5894 0.048745
5920 0.035424
6065 0.039012
6070 0.021335
6077 0.073600
6111 0.046190
6178 0.053523
6274 0.034485
6433 0.043568
6456 0.023164
6457 0.042953
6541 0.045299
6568 0.041561
6570 0.028667
6584 0.327831
6605 0.041927
6777 0.110615
6837 0.035620
6864 0.037595
6874 0.014372
6962 0.034485
7035 0.054383
7111 0.014336
7118 0.052676
7126 0.044230
7334 0.095319
7341 0.128858
7369 0.036229
7498 0.010211
7523 0.049325
7537 0.250738
7540 0.038503
7589 0.036229
7641 0.074306
7643 0.027073
7709 0.019520
7760 0.019145
7761 0.034485
7788 0.015230
7856 0.072045
7859 0.112557
7887 0.027898
7915 0.029982
7920 0.029856
7932 0.055308
7943 0.061364
7948 0.039543
7987 0.039543
8098 0.035820
8128 0.033954
8130 0.063030
8183 0.040385
8245 0.029856
8251 0.054383
8383 0.040979
8404 0.015000
8419 0.065594
8467 0.045299
8485 0.160157
8539 0.019198
8561 0.067228
8580 0.051961
8761 0.021462
8826 0.040739
8834 0.172175
8919 0.043699
8939 0.069705
9047 0.047676
9110 0.035820
9264 0.037776
9351 0.039275
9378 0.039818
9395 0.061364
9562 0.028222
9593 0.027274
9632 0.040098
9698 0.050574
9700 0.048190
9774 0.027478
9783 0.074897
9811 0.026113
9933 0.030897
10030 0.088141
10036 0.021147
10122 0.054383
10132 0.052717
10179 0.057392
10423 0.020077
10433 0.030236
10486 0.094300
10509 0.040499
10526 0.054383
10556 0.033954
10560 0.048745
10587 0.055308
10639 0.032181
10675 0.175742
10677 0.047370
10730 0.157316
10750 0.070011
10802 0.059895
10962 0.053523
11018 0.078658
11055 0.042259
11146 0.093512
11151 0.054383
11153 0.041287
11229 0.040678
11306 0.033847
11375 0.022734
11376 0.013335
11377 0.035230
11437 0.034852
11600 0.020215
11620 0.031171
