384

26 1.070931
58 3.039414
68 1.520900
85 1.299051
109 1.233234
199 4.047654
204 1.315138
217 0.808965
228 1.349218
292 1.115135
308 2.746687
334 1.367316
345 0.932204
346 2.533299
350 2.738384
404 0.545260
407 1.998021
418 0.824570
420 1.784142
458 0.747158
479 1.213339
497 4.874708
553 1.568283
584 1.863323
633 1.206905
634 1.233234
644 1.835294
684 1.893286
757 1.738384
795 2.085172
895 0.846290
930 1.548052
997 2.136324
1055 2.261263
1132 1.898622
1269 1.878087
1284 1.080373
1319 3.039414
1370 2.219990
1387 2.170343
1395 2.437354
1400 1.395961
1455 1.349218
1569 2.194316
1613 1.323411
1636 1.115135
1647 2.261263
1649 0.881052
1679 2.340444
1694 3.015870
1716 3.318406
1721 0.747158
1725 2.401130
1744 2.853261
1779 1.677686
1796 1.459631
1797 4.920681
1859 13.341786
1931 2.562293
1973 1.696991
1988 2.039414
2000 0.986336
2002 10.207889
2005 1.158601
2017 1.696991
2052 1.367316
2106 2.738384
2141 1.376656
2154 0.677686
2165 0.808965
2185 1.182082
2244 1.405946
2259 2.133151
2274 2.261263
2301 1.784142
2304 1.109995
2313 2.716346
2320 1.738384
2344 1.307020
2363 1.022381
2364 2.039414
2407 2.437354
2463 1.784142
2475 1.760661
2504 2.551972
2507 0.380449
2532 1.226501
2550 0.801368
2552 2.087558
2572 0.884078
2618 1.164353
2690 1.949912
2725 1.863323
2772 1.349218
2851 1.170182
2872 2.136324
2884 1.925471
2946 1.416165
3048 1.254084
3074 2.194316
3095 1.181416
3122 0.765256
3149 2.240672
3150 4.704365
3179 0.772242
3203 0.565198
3236 0.974956
3241 3.476768
3255 1.367316
3317 2.437354
3322 1.395961
3332 2.340444
3384 1.349218
3417 1.075626
3439 1.960233
3505 2.738384
3521 1.254084
3531 0.788994
3536 2.437354
3567 0.711035
3578 1.835294
3613 2.011981
3626 0.967532
3682 1.893286
3691 0.742749
3694 1.240074
3695 1.405946
3715 1.534264
3758 1.182082
3782 2.738384
3841 2.862728
3928 4.312062
3938 1.233234
4005 4.379726
4091 1.386122
4126 1.717195
4130 1.998021
4131 1.784142
4163 1.760661
4211 0.912309
4215 1.996339
4226 2.085172
4266 1.052642
4267 1.577016
4283 1.998021
4315 0.756113
4333 2.272648
4416 1.784142
4447 10.138447
4457 2.340444
4514 2.039414
4529 1.307020
4547 1.592256
4552 1.548052
4568 1.624441
4644 1.562293
4677 1.079454
4701 2.551972
4708 0.689166
4734 1.238917
4747 1.275986
4770 1.261263
4776 2.039414
4830 1.426630
4833 1.677686
4894 2.039414
4910 1.960233
4916 1.268562
4945 1.925471
4964 1.057143
4978 2.990692
5036 1.562293
5038 2.261263
5083 1.349218
5100 1.401915
5133 1.507935
5137 1.835294
5217 1.299051
5284 1.760661
5307 2.061628
5325 1.548052
5327 1.835294
5376 1.261263
5473 2.194316
5491 0.404937
5496 0.978716
5529 0.646717
5532 1.774252
5651 3.945415
5689 0.838017
5692 0.753857
5716 2.039414
5734 2.249171
5743 1.498759
5749 0.967532
5755 2.437354
5824 2.738384
5833 0.499085
5841 1.471212
5851 2.538869
5932 2.194316
5945 1.141787
5962 1.349218
5992 6.783789
6059 2.562293
6070 1.485498
6112 0.501595
6162 1.448350
6168 1.520900
6242 1.562293
6281 1.206905
6291 0.806418
6362 1.960233
6379 1.998021
6382 1.760661
6421 1.181416
6433 2.275142
6452 4.977609
6466 1.075626
6504 0.872097
6587 0.622774
6643 1.998021
6671 1.677686
6693 2.437354
6721 2.194316
6779 1.592256
6792 3.637103
6813 1.573122
6828 0.717195
6864 0.872539
6878 1.275986
6889 3.039414
6909 0.747158
7013 2.738384
7061 0.478313
7062 0.343932
7118 1.222559
7124 1.562293
7147 2.194316
7217 0.796376
7255 1.641474
7300 1.960233
7305 1.677686
7385 4.619407
7394 1.426630
7411 0.893286
7435 1.960233
7460 0.990196
7468 2.437354
7498 2.132802
7549 1.459631
7554 2.039414
7562 2.562293
7568 6.582948
7611 1.592256
7625 1.808965
7653 1.760661
7679 1.925471
7704 0.713078
7709 1.359157
7732 2.437354
7759 1.808965
7788 0.530212
7859 4.521402
7904 2.551972
7915 1.043779
7946 1.026577
7974 1.562293
7981 1.850942
8104 2.772403
8150 1.099895
8206 2.437354
8243 1.495346
8287 1.760661
8295 1.358173
8334 2.753313
8351 1.233234
8382 2.078828
8396 1.608050
8404 1.044436
8407 1.448350
8421 2.437354
8435 2.738384
8474 0.982509
8494 2.582452
8545 1.507935
8560 1.998021
8563 1.459631
8581 1.760661
8605 1.476768
8632 1.925471
8688 2.194316
8728 1.233234
8761 0.747158
8767 0.704960
8826 2.127393
8827 8.484957
8909 1.577016
8919 1.521321
8931 0.266359
8999 1.835294
9014 2.194316
9052 0.843514
9057 2.437354
9059 0.542484
9103 1.998021
9104 0.893286
9162 1.808965
9171 1.592256
9179 2.261263
9189 1.448350
9242 0.753857
9264 1.315138
9270 1.075626
9328 1.831125
9480 1.624441
9522 1.507935
9562 0.982509
9667 2.317201
9669 0.774596
9734 1.659203
9735 2.261263
9761 0.835294
9767 1.417696
9863 2.439740
9865 2.389128
9903 1.587803
9919 1.109995
9944 1.182082
9971 1.448350
9999 1.194316
10015 1.066286
10036 1.472436
10058 0.606445
10070 1.893286
10080 3.015870
10118 1.717195
10125 1.448350
10192 2.136324
10195 1.692579
10231 1.960233
10251 2.364163
10279 1.005990
10311 1.863323
10351 2.738384
10378 0.683388
10396 2.028217
10397 1.692579
10475 0.539727
10487 0.596934
10489 1.960233
10501 1.471212
10509 0.704960
10556 2.364163
10573 2.194316
10667 1.624441
10786 2.437354
10818 1.299051
10855 4.874708
10861 2.085172
10890 2.326914
10989 3.039414
11015 1.075626
11112 1.863323
11158 2.562293
11160 24.681977
11161 5.544806
11162 1.254084
11202 2.562293
11210 7.641742
11232 2.738384
11305 2.085172
11306 0.589165
11349 1.283539
11368 1.784142
11381 1.925471
11475 2.919261
11482 1.835294
11526 0.890195
11532 1.956073
11547 1.039414
11600 1.759426
11625 3.314747
11627 1.738384
