315

23 0.025228
41 0.056026
45 0.034834
63 0.023438
70 0.050529
74 0.023352
97 0.022524
122 0.024249
213 0.020831
258 0.060448
264 0.046909
308 0.022684
318 0.020430
334 0.033877
345 0.046193
346 0.012553
404 0.013510
418 0.040860
445 0.060389
455 0.037356
456 0.054367
479 0.060125
552 0.024826
553 0.019428
584 0.046167
586 0.018512
612 0.078146
633 0.029903
666 0.039842
791 0.029903
857 0.028706
895 0.020968
1251 0.035613
1281 0.063485
1302 0.042045
1410 0.057988
1483 0.043623
1553 0.052931
1610 0.112052
1649 0.021829
1651 0.044205
1666 0.018678
1721 0.037024
1831 0.019018
1859 0.015026
1872 0.031615
1909 0.067847
1910 0.052931
1952 0.037361
1961 0.063485
1976 0.044820
1981 0.023181
1986 0.027888
2064 0.029903
2084 0.196269
2086 0.070175
2115 0.045695
2131 0.025228
2146 0.040670
2165 0.040087
2259 0.010570
2268 0.056539
2348 0.023702
2384 0.051663
2391 0.067847
2405 0.032789
2524 0.025970
2530 0.017770
2539 0.028020
2548 0.025435
2572 0.065713
2578 0.057988
2583 0.049504
2625 0.056026
2627 0.018960
2757 0.063485
2769 0.027629
2775 0.067847
2804 0.028849
2853 0.051663
2954 0.023181
3027 0.047706
3054 0.032998
3060 0.035347
3089 0.048568
3153 0.050529
3177 0.028706
3203 0.098025
3204 0.028154
3243 0.049651
3269 0.060389
3275 0.015145
3280 0.048568
3361 0.052931
3485 0.037049
3531 0.039097
3558 0.059806
3623 0.049504
3668 0.057988
3684 0.075306
3694 0.061449
3766 0.037683
3850 0.018790
3908 0.036451
3926 0.024438
3943 0.039450
3976 0.679730
4005 0.027129
4215 0.037097
4226 0.051663
4297 0.088409
4315 0.037468
4317 0.093215
4342 0.044205
4362 0.033877
4422 0.057988
4573 0.013475
4610 0.032584
4634 0.050529
4814 0.054367
4866 0.046877
4869 0.039073
4873 0.067847
4928 0.040248
4964 0.026192
5007 0.043623
5036 0.038708
5042 0.038708
5081 0.051080
5135 0.014713
5139 0.067847
5143 0.022366
5242 0.183331
5243 0.073493
5320 0.022524
5376 0.062499
5529 0.032047
5532 0.021980
5651 0.032584
5657 0.035088
5678 0.024438
5689 0.020763
5693 0.031250
5696 0.132614
5702 0.041567
5734 0.027863
5735 0.037361
5737 0.046167
5743 0.018567
5749 0.023972
5763 0.043623
5795 0.028993
5833 0.012366
5838 0.075365
5880 0.020696
5890 0.063485
5926 0.017318
5948 0.021390
6071 0.061392
6106 0.039842
6111 0.039842
6112 0.012428
6117 0.039842
6163 0.051663
6178 0.138500
6281 0.059806
6291 0.019980
6421 0.014636
6433 0.018790
6456 0.019980
6466 0.026650
6568 0.017924
6570 0.024727
6584 0.282775
6587 0.030860
6616 0.022287
6792 0.012874
6813 0.019488
6816 0.024249
6860 0.031072
6864 0.032428
6874 0.012397
7031 0.057988
7035 0.046909
7060 0.023097
7061 0.011851
7062 0.017043
7118 0.015145
7126 0.076302
7143 0.022847
7150 0.024249
7296 0.046167
7334 0.082218
7341 0.074099
7385 0.038151
7460 0.024534
7498 0.017614
7500 0.050529
7534 0.039842
7537 0.092690
7540 0.099634
7641 0.032047
7709 0.033675
7738 0.026419
7788 0.078821
7856 0.031072
7859 0.082151
7887 0.024064
7899 0.021980
7920 0.025753
7929 0.037683
7936 0.032998
7946 0.025435
7971 0.037683
7972 0.062144
8128 0.029288
8175 0.035885
8234 0.031614
8272 0.021904
8275 0.075306
8315 0.079684
8343 0.024438
8391 0.050529
8404 0.038816
8419 0.028289
8445 0.039450
8449 0.034587
8455 0.032428
8485 0.221033
8539 0.066237
8580 0.044820
8608 0.054367
8642 0.044820
8761 0.018512
8762 0.035885
8767 0.034933
8826 0.030747
8834 0.247520
8919 0.018846
8924 0.030062
8930 0.025970
8931 0.019798
8939 0.030062
8959 0.056308
9047 0.061686
9051 0.027888
9059 0.013441
9062 0.079951
9095 0.029591
9097 0.023266
9270 0.026650
9329 0.037361
9334 0.051663
9366 0.033211
9562 0.024343
9568 0.026419
9584 0.033211
9632 0.034587
9700 0.041567
9767 0.014050
9778 0.060389
9865 0.019731
9933 0.026650
9963 0.043071
10001 0.067847
10007 0.044820
10030 0.038014
10035 0.075306
10036 0.054723
10063 0.033877
10085 0.025753
10093 0.040670
10133 0.043071
10181 0.050529
10224 0.043071
10275 0.029288
10276 0.040087
10309 0.073890
10326 0.054403
10397 0.020968
10401 0.025331
10486 0.040670
10488 0.046167
10509 0.034933
10560 0.084091
10587 0.047706
10606 0.037361
10619 0.013104
10651 0.030555
10675 0.050529
10677 0.040860
10684 0.057988
10745 0.041109
10802 0.051663
10856 0.047706
10890 0.011531
10898 0.036164
10955 0.056026
11055 0.036451
11075 0.063485
11079 0.041109
11146 0.053773
11152 0.022132
11155 0.038708
11203 0.040670
11210 0.021037
11229 0.035088
11256 0.019309
11306 0.014597
11376 0.034506
11437 0.030062
11458 0.063531
11521 0.026650
11565 0.049504
11600 0.017437
