98

139 1.219870
194 0.723444
346 1.013319
407 1.998021
553 0.784142
1100 3.039414
1259 1.659203
1677 1.696991
1716 1.659203
1797 1.405909
1859 1.819334
1969 2.194316
2002 2.551972
2052 1.367316
2259 0.426630
2363 1.022381
2402 2.738384
2405 1.323411
2507 0.380449
2548 1.026577
2762 0.940080
2954 0.935610
3150 1.176091
3235 2.039414
3241 1.738384
3319 2.136324
3403 1.659203
3535 1.005990
3613 1.005990
3691 0.742749
3871 2.085172
3906 4.522526
3922 5.476768
3926 0.986336
4005 1.094931
4215 0.998169
4644 3.124586
4936 1.960233
5263 1.863323
5532 0.887126
5734 0.562293
5833 0.499085
5880 2.505882
5962 2.698436
6070 0.742749
6168 1.520900
6205 1.459631
6227 1.158601
6382 1.760661
6452 1.659203
6812 2.453002
6874 0.500338
6878 1.275986
7008 0.878046
7062 0.343932
7069 1.925471
7111 0.499085
7250 3.039414
7394 2.853261
7411 0.893286
7498 0.710934
7699 2.738384
7795 3.039414
7859 1.205707
7974 1.562293
8007 0.838017
8563 1.459631
8826 0.177283
8827 3.393983
8930 1.048188
8931 0.799078
8956 1.080373
9099 1.315138
9189 1.448350
9339 1.760661
9593 0.949509
9614 1.784142
9623 0.994091
9634 1.247022
9734 1.659203
9865 0.796376
9903 0.793901
10397 0.846290
10475 1.079454
10509 0.704960
10596 1.194316
11084 1.677686
11121 0.600081
11160 3.897154
11161 4.158605
11210 3.396330
11306 0.589165
11443 0.945992
11451 0.884078
11475 1.459631
11480 1.760661
11523 0.538355
11600 0.703770
