186

5 1.471212
23 1.018225
99 2.180048
127 1.437354
194 0.723444
217 0.808965
259 1.367316
352 1.331844
398 1.376656
457 1.061691
458 0.747158
623 2.039414
630 1.107385
831 0.819306
855 2.136324
857 2.317201
913 5.197071
917 1.148063
1132 0.632874
1278 1.268562
1332 3.039414
1333 0.811527
1344 2.136324
1378 1.386202
1444 1.459631
1464 1.459631
1487 0.838017
1499 1.052642
1592 1.120336
1605 0.893286
1649 1.762103
1652 6.192210
1653 1.483112
1730 1.548052
1751 3.039414
1982 2.340444
2071 0.971228
2077 1.696991
2154 0.677686
2165 0.808965
2170 1.893286
2205 1.507935
2259 1.279891
2268 0.760661
2363 1.022381
2421 0.986336
2507 1.141348
2626 1.182082
2633 1.094931
2892 1.520900
3014 0.990196
3049 1.835294
3149 1.120336
3177 1.158601
3203 1.130396
3205 1.416165
3241 1.738384
3255 1.367316
3275 0.611279
3621 0.899535
3634 1.459631
3691 0.742749
3700 1.283539
3758 2.364163
3818 0.704960
3841 0.954243
3885 1.283539
3971 1.437354
4148 0.978716
4196 0.734063
4215 0.499085
4317 1.254084
4520 1.459568
4529 1.307020
4610 1.315138
4645 1.061691
4943 0.572546
5012 0.827227
5026 1.240074
5050 1.891985
5297 3.995532
5324 0.971228
5353 3.039414
5491 0.404937
5569 2.053154
5753 0.650248
5764 1.960233
5892 1.340444
5966 1.835294
6012 3.996043
6023 1.416165
6211 2.453002
6436 8.210784
6466 1.075626
6587 0.622774
6792 0.519586
6796 1.367316
6812 1.226501
6864 1.308809
6874 0.500338
6909 0.747158
6965 1.147320
7021 2.085172
7126 1.539802
7143 0.922143
7217 1.592752
7249 1.925471
7255 1.641474
7283 1.608050
7342 1.863323
7377 5.103945
7385 1.539802
7498 1.066401
7626 2.136324
7643 0.942504
7704 7.130783
7788 1.060423
7859 0.301427
7861 1.393983
7864 1.170182
7922 1.835294
7981 6.478295
8007 0.838017
8016 0.939044
8046 1.219870
8087 1.158601
8140 1.960233
8234 1.275986
8455 0.436270
8482 1.043779
8534 1.835294
8559 1.562293
8613 3.015870
8740 1.659203
8761 0.747158
8764 3.096105
8767 0.704960
8784 0.932204
8789 2.738384
8931 0.532719
9034 1.233234
9052 0.843514
9059 0.542484
9065 0.915562
9114 8.095308
9115 1.104916
9138 0.673926
9306 1.608050
9444 0.939044
9486 2.085172
9593 0.949509
9623 0.994091
9767 0.283539
9811 0.909080
9855 1.641474
9865 1.592752
9903 3.175606
9957 1.437354
10015 1.066286
10070 1.893286
10080 1.507935
10082 1.254084
10147 1.548052
10187 1.863323
10251 2.364163
10304 1.641474
10352 0.971228
10397 1.692579
10432 2.194316
10507 5.111904
10581 1.386202
10613 2.136324
10663 1.835294
10711 1.268562
10736 2.562293
10890 0.930766
11121 0.600081
11152 0.893286
11195 1.534264
11242 1.048188
11256 0.779343
11332 0.715132
11349 1.283539
11362 1.164353
11636 1.164353
11637 0.928824
