119

7 0.148096
194 0.079408
334 0.075041
345 0.051161
346 0.194646
404 0.029925
407 0.109656
452 0.097917
470 0.100725
633 0.066238
665 0.069467
1167 0.080108
1611 0.091061
1613 0.072632
1716 0.273182
1797 0.115739
1859 0.099849
1911 0.267534
2002 0.140058
2028 0.084960
2141 0.075554
2185 0.064875
2259 0.046829
2279 0.096629
2304 0.060919
2507 0.020880
2720 0.057771
2725 0.102263
2763 0.041497
2946 0.077722
3150 0.064546
3255 0.150082
3275 0.033548
3322 0.076613
3495 0.064222
3593 0.109656
3681 0.063586
3691 0.040764
3783 0.080743
3818 0.038690
3867 0.128449
3926 0.108264
3979 0.080743
4005 0.060092
4148 0.053714
4211 0.050069
4317 0.068827
4447 0.079489
4520 0.040052
4644 0.085742
4663 0.048856
4677 0.059243
4770 0.069221
4833 0.092075
5133 0.082759
5320 0.099785
5521 0.071732
5529 0.035493
5712 0.053100
5753 0.035687
5880 0.045843
5962 0.074048
6071 0.033997
6220 0.077722
6281 0.066238
6433 0.041622
6452 0.273182
6504 0.047863
6667 0.166810
6721 0.120429
6874 0.054919
7062 0.018876
7082 0.062967
7118 0.033548
7313 0.109656
7411 0.049025
7498 0.039018
7611 0.174773
7859 0.082715
7946 0.056341
8070 0.089153
8271 0.050792
8294 0.101584
8343 0.054132
8383 0.078297
8404 0.085981
8494 0.070865
8605 0.040524
8632 0.105674
8761 0.041006
8826 0.009730
8827 0.093135
8930 0.057527
8931 0.014618
9104 0.049025
9242 0.041373
9461 0.039589
9522 0.082759
9562 0.053922
9865 0.043707
10067 0.055882
10178 0.166810
10487 0.032761
10507 0.056110
10556 0.064875
10596 0.065547
10619 0.058051
10639 0.122973
10646 0.066591
10661 0.082759
10905 0.109656
11160 0.142589
11161 0.380388
11210 0.186398
11306 0.097004
11317 0.150288
11523 0.029546
11600 0.019312
11625 0.121280
