73

7 0.233984
63 0.082028
194 0.062731
258 0.211552
418 0.071499
455 0.065368
479 0.105210
549 0.126566
584 0.161571
586 0.064787
612 0.136745
668 0.139436
1043 0.527101
1251 0.124634
1666 0.065368
1721 0.064787
1831 0.066557
1872 0.055323
2084 0.171722
2165 0.070146
2166 0.130755
2375 0.148900
2507 0.032989
2618 0.100962
2626 0.102499
3203 0.098018
3275 0.053005
3715 0.133038
3951 0.061128
3974 0.790652
3976 0.216261
4729 0.104102
4770 0.109365
5081 0.089383
5242 0.320805
5460 0.108131
5885 0.061303
6587 0.108003
6616 0.078000
6813 0.068203
6874 0.043385
7126 0.066759
7537 0.432522
7641 0.056077
7713 0.122797
7859 0.078411
7981 0.080248
8272 0.076659
8368 0.173250
8387 0.074114
8485 0.096694
8539 0.057953
8605 0.064026
8761 0.064787
8764 0.134233
8826 0.015372
9059 0.047039
9062 0.093269
9378 0.120199
9562 0.085194
9855 0.142334
10006 0.150737
10433 0.091276
10437 0.147148
10475 0.046800
10486 0.142334
10507 0.088652
10541 0.120199
10639 0.097145
10993 0.202942
11146 0.094096
11155 0.135468
11600 0.030512
