326

36 0.026564
45 0.028221
63 0.018988
74 0.037837
121 0.041854
213 0.033752
258 0.048971
264 0.038003
297 0.047454
304 0.022178
334 0.027445
346 0.010170
352 0.026733
380 0.032948
418 0.066204
447 0.024225
455 0.015132
479 0.048709
520 0.048924
586 0.029994
600 0.019495
602 0.058597
612 0.094963
633 0.024225
665 0.025407
666 0.032277
895 0.016987
990 0.026906
1167 0.029298
1198 0.065213
1215 0.041854
1251 0.028851
1258 0.049782
1302 0.034063
1456 0.017043
1464 0.029298
1466 0.018247
1649 0.017685
1721 0.014997
1789 0.061593
1828 0.034063
1831 0.015407
1872 0.012806
1939 0.028221
2021 0.028851
2022 0.034468
2024 0.020522
2071 0.077979
2084 0.119254
2086 0.028426
2131 0.020438
2154 0.013603
2165 0.048714
2185 0.023727
2220 0.032606
2224 0.046059
2240 0.044045
2259 0.017127
2260 0.044045
2267 0.025031
2288 0.054966
2318 0.036839
2340 0.020438
2348 0.019202
2363 0.020522
2375 0.034468
2486 0.032277
2530 0.014396
2539 0.022700
2550 0.016085
2572 0.017746
2575 0.019202
2627 0.030721
2638 0.021311
2690 0.019570
2712 0.048924
2720 0.021129
2762 0.009435
2804 0.023371
2810 0.040105
2843 0.029531
2954 0.037560
3010 0.031654
3095 0.011857
3121 0.015740
3122 0.015361
3149 0.022488
3177 0.023256
3203 0.079414
3221 0.046978
3236 0.019570
3275 0.024540
3313 0.030268
3455 0.023849
3485 0.030015
3531 0.015837
3546 0.019645
3558 0.024225
3623 0.040105
3646 0.046978
3694 0.024891
3758 0.023727
3809 0.036839
3841 0.009577
3850 0.015223
3869 0.028426
3884 0.037401
3904 0.030268
3908 0.029531
3917 0.048451
3951 0.028300
3963 0.044045
3975 0.023727
3976 0.650799
4063 0.021978
4215 0.030053
4297 0.035812
4317 0.025172
4331 0.034468
4566 0.033209
4573 0.010917
4617 0.029531
4639 0.046978
4680 0.032948
4729 0.024098
4734 0.049736
4738 0.011492
4770 0.025317
4849 0.028020
4850 0.044045
4866 0.018988
4869 0.031654
4901 0.018119
4919 0.048924
5053 0.021686
5059 0.032606
5074 0.040105
5083 0.027082
5100 0.014070
5112 0.019274
5115 0.044045
5135 0.011919
5157 0.036310
5178 0.033424
5242 0.099016
5243 0.059539
5335 0.051431
5376 0.050633
5394 0.009993
5529 0.012981
5692 0.015132
5714 0.057272
5726 0.051431
5734 0.033860
5737 0.037401
5743 0.015042
5749 0.019421
5754 0.034894
5762 0.029770
5833 0.010018
5838 0.030528
5851 0.016987
5857 0.022488
5885 0.014191
5894 0.034063
5920 0.024754
5925 0.032606
6032 0.051431
6065 0.027262
6111 0.032277
6133 0.034894
6153 0.032277
6178 0.149605
6215 0.030528
6274 0.024098
6281 0.024225
6291 0.032373
6433 0.030445
6456 0.032373
6457 0.030015
6515 0.051431
6541 0.031654
6568 0.029042
6584 0.314995
6587 0.012501
6777 0.077298
6837 0.024891
6864 0.017514
6871 0.030268
6962 0.024098
7015 0.054966
7032 0.027824
7035 0.038003
7039 0.025172
7061 0.009601
7062 0.013807
7090 0.046978
7101 0.048924
7111 0.010018
7118 0.012270
7126 0.061815
7150 0.019645
7334 0.099913
7341 0.060030
7369 0.025317
7460 0.019876
7498 0.007135
7537 0.300369
7540 0.080718
7589 0.025317
7641 0.038943
7643 0.018918
7655 0.018510
7709 0.013641
7758 0.019954
7761 0.048196
7788 0.031928
7856 0.050345
7859 0.108906
7861 0.013990
7887 0.038990
7915 0.020951
7917 0.046978
7920 0.041727
7932 0.038649
7948 0.027633
7987 0.027633
8098 0.025031
8128 0.071182
8130 0.044045
8183 0.028221
8245 0.020864
8251 0.038003
8272 0.017746
8343 0.039596
8383 0.028636
8404 0.010482
8419 0.022918
8455 0.008757
8467 0.031654
8485 0.223834
8499 0.015985
8539 0.026831
8580 0.036310
8605 0.029642
8684 0.025463
8761 0.044992
8764 0.031073
8771 0.030796
8826 0.056936
8834 0.080210
8899 0.109932
8919 0.015268
8939 0.073064
9047 0.066632
9062 0.021590
9065 0.018378
9110 0.025031
9264 0.026398
9328 0.018378
9378 0.027824
9395 0.042881
9412 0.045389
9486 0.041854
9487 0.054966
9562 0.019721
9612 0.038649
9623 0.019954
9668 0.034468
9671 0.031960
9698 0.035341
9700 0.033675
9767 0.011383
9770 0.082087
9774 0.038404
9783 0.017446
9811 0.072990
9933 0.021590
9944 0.023727
9999 0.023973
10030 0.061593
10036 0.014778
10058 0.012173
10067 0.020438
10122 0.038003
10132 0.036839
10179 0.040105
10309 0.019954
10378 0.013717
10423 0.014030
10433 0.021129
10486 0.098845
10487 0.035946
10488 0.037401
10509 0.014150
10526 0.038003
10556 0.023727
10560 0.034063
10581 0.083473
10587 0.038649
10630 0.038649
10639 0.044976
10675 0.204680
10677 0.016551
10750 0.048924
10802 0.041854
10890 0.009341
10962 0.037401
11055 0.029531
11146 0.130692
11151 0.038003
11152 0.017930
11155 0.031359
11229 0.028426
11306 0.023652
11332 0.014354
11349 0.025764
11375 0.031772
11376 0.018636
11377 0.024619
11423 0.016393
11470 0.036839
11503 0.017746
11523 0.021612
11566 0.028221
11600 0.021190
