334

36 0.025431
45 0.027017
63 0.018179
74 0.036223
121 0.040070
213 0.032313
258 0.046883
264 0.036382
297 0.045431
304 0.021233
334 0.026275
346 0.009736
352 0.025593
380 0.031543
418 0.079227
447 0.023193
455 0.014487
479 0.046632
520 0.046838
586 0.028716
600 0.018664
602 0.056098
612 0.090914
633 0.023193
665 0.024323
666 0.030901
895 0.016263
990 0.025759
1167 0.028049
1198 0.062432
1215 0.040070
1251 0.027621
1258 0.047660
1302 0.032610
1456 0.016316
1464 0.028049
1466 0.017469
1649 0.016931
1721 0.014358
1789 0.058967
1828 0.032610
1831 0.029500
1872 0.012260
1939 0.027017
2021 0.027621
2022 0.032999
2024 0.019647
2071 0.074655
2084 0.114169
2086 0.027214
2131 0.019567
2150 0.039191
2154 0.026046
2165 0.046637
2185 0.022716
2220 0.031216
2224 0.044095
2240 0.042167
2259 0.024595
2260 0.042167
2267 0.023963
2288 0.052622
2318 0.035268
2340 0.019567
2344 0.025116
2348 0.018383
2363 0.019647
2375 0.032999
2486 0.030901
2530 0.013782
2539 0.021733
2548 0.019727
2550 0.015400
2572 0.016989
2575 0.018383
2627 0.029411
2638 0.020402
2690 0.018735
2712 0.046838
2720 0.020228
2762 0.009033
2804 0.022375
2810 0.038395
2843 0.028272
2954 0.035958
3010 0.030305
3095 0.011351
3121 0.015069
3122 0.014706
3149 0.021529
3177 0.022264
3203 0.076028
3221 0.044975
3236 0.018735
3275 0.023493
3313 0.028977
3455 0.022832
3485 0.028735
3495 0.022487
3531 0.015162
3546 0.018808
3558 0.023193
3623 0.038395
3646 0.044975
3694 0.023830
3758 0.022716
3809 0.035268
3841 0.009169
3850 0.014573
3869 0.027214
3884 0.035807
3904 0.028977
3908 0.028272
3917 0.046385
3951 0.027094
3963 0.042167
3975 0.022716
3976 0.670978
4063 0.021041
4215 0.038363
4258 0.032610
4297 0.034285
4317 0.024099
4331 0.032999
4566 0.031793
4573 0.010451
4617 0.028272
4639 0.044975
4680 0.031543
4729 0.023071
4734 0.047615
4738 0.011002
4770 0.024237
4849 0.026826
4850 0.042167
4866 0.018179
4869 0.030305
4901 0.017347
4919 0.046838
4972 0.042167
5053 0.020761
5059 0.031216
5074 0.038395
5083 0.025927
5100 0.013470
5112 0.018452
5115 0.042167
5135 0.011411
5157 0.034762
5178 0.031999
5242 0.094794
5243 0.057001
5335 0.049238
5376 0.048474
5394 0.009567
5529 0.012428
5692 0.014487
5714 0.054830
5726 0.049238
5734 0.032416
5737 0.035807
5743 0.014400
5749 0.018593
5754 0.033406
5762 0.028500
5833 0.009591
5838 0.029226
5851 0.016263
5857 0.021529
5885 0.013586
5894 0.032610
5920 0.023699
5925 0.031216
6032 0.049238
6065 0.026099
6111 0.030901
6133 0.033406
6153 0.030901
6178 0.143227
6215 0.029226
6274 0.023071
6281 0.023193
6291 0.030993
6433 0.029147
6456 0.061986
6457 0.028735
6515 0.049238
6541 0.030305
6568 0.027804
6584 0.301564
6587 0.011968
6777 0.074002
6837 0.023830
6864 0.016767
6871 0.028977
6962 0.023071
7015 0.052622
7032 0.026638
7035 0.036382
7039 0.024099
7061 0.009192
7062 0.013218
7090 0.044975
7101 0.046838
7111 0.009591
7118 0.011747
7126 0.059179
7150 0.018808
7217 0.015304
7334 0.095653
7341 0.057471
7369 0.024237
7460 0.019028
7498 0.006831
7537 0.287562
7540 0.077276
7589 0.024237
7641 0.037283
7643 0.018112
7655 0.017720
7709 0.013059
7758 0.019103
7761 0.046141
7788 0.030567
7856 0.048198
7859 0.104263
7861 0.013394
7887 0.037327
7915 0.020058
7917 0.044975
7920 0.039948
7932 0.037001
7948 0.026455
7987 0.026455
8098 0.023963
8128 0.068147
8130 0.042167
8183 0.027017
8245 0.019974
8251 0.036382
8272 0.016989
8343 0.037908
8383 0.027415
8404 0.010035
8419 0.021941
8455 0.008384
8467 0.030305
8485 0.235720
8499 0.015304
8539 0.038530
8580 0.034762
8605 0.028378
8684 0.024377
8761 0.043073
8764 0.029748
8771 0.029483
8826 0.057915
8834 0.076790
8899 0.105245
8919 0.014617
8939 0.069949
9047 0.063791
9062 0.020670
9065 0.017594
9110 0.023963
9264 0.025272
9328 0.017594
9378 0.026638
9395 0.041053
9412 0.043454
9486 0.040070
9487 0.052622
9562 0.018880
9612 0.037001
9623 0.019103
9668 0.032999
9671 0.030598
9698 0.033834
9700 0.032239
9767 0.010897
9770 0.098233
9774 0.036766
9783 0.016702
9811 0.069878
9933 0.020670
9944 0.022716
9999 0.022951
10030 0.058967
10036 0.014148
10058 0.011654
10067 0.019567
10122 0.036382
10132 0.035268
10179 0.038395
10309 0.019103
10378 0.013132
10423 0.013432
10433 0.020228
10486 0.094630
10487 0.034413
10488 0.035807
10509 0.013547
10526 0.036382
10556 0.022716
10560 0.032610
10581 0.079914
10587 0.037001
10630 0.037001
10639 0.043058
10675 0.195953
10677 0.015845
10750 0.046838
10770 0.037669
10802 0.040070
10890 0.008943
10962 0.035807
11055 0.028272
11146 0.125120
11151 0.036382
11152 0.017166
11155 0.030022
11229 0.027214
11306 0.022643
11332 0.013742
11349 0.024665
11375 0.030418
11376 0.017842
11377 0.023569
11423 0.015694
11470 0.035268
11503 0.016989
11523 0.020691
11566 0.054035
11600 0.020286
