208

43 0.086942
179 0.050262
255 0.070690
258 0.048333
345 0.073871
346 0.020075
394 0.073828
404 0.021604
418 0.032671
444 0.082618
455 0.029869
458 0.029603
475 0.053458
514 0.070690
585 0.061900
586 0.029603
666 0.063713
771 0.093672
857 0.045905
862 0.120426
895 0.033531
1152 0.075015
1258 0.049134
1272 0.101522
1385 0.041531
1466 0.036019
1605 0.035393
1649 0.034909
1666 0.029869
1716 0.065740
1797 0.027852
1831 0.030412
1848 0.108499
1859 0.024028
1929 0.051160
2026 0.092732
2038 0.072717
2047 0.086942
2062 0.052770
2146 0.065038
2257 0.118496
2268 0.090415
2348 0.037903
2504 0.050556
2521 0.076290
2539 0.044809
2585 0.116583
2625 0.089594
2627 0.060641
2652 0.068877
2659 0.101522
2660 0.120426
2854 0.101522
3060 0.056525
3163 0.072717
3179 0.030597
3203 0.022394
3204 0.045023
3255 0.054175
3275 0.048440
3550 0.054923
3598 0.060790
3601 0.086942
3613 0.039859
3685 0.455600
3691 0.029429
3712 0.120426
3787 0.280552
3809 0.072717
3814 0.101522
3841 0.018904
3856 0.082618
3951 0.027932
3976 0.049409
4055 0.120426
4100 0.089594
4110 0.038481
4120 0.066472
4121 0.049134
4163 0.139520
4213 0.049689
4274 0.240852
4396 0.060260
4489 0.101522
4520 0.028915
4537 0.043980
4647 0.108499
4703 0.120426
4814 0.086942
4830 0.056525
5050 0.037482
5053 0.042806
5109 0.120426
5324 0.038481
5338 0.056110
5368 0.065740
5562 0.054175
5580 0.120426
5689 0.033203
5696 0.070690
5698 0.108499
5712 0.076670
5719 0.046836
5732 0.062329
5792 0.038629
5818 0.064363
5833 0.019774
5838 0.060260
5841 0.058292
5846 0.089594
6003 0.120426
6006 0.108499
6127 0.216997
6131 0.084644
6169 0.108499
6317 0.027852
6421 0.023405
6452 0.065740
6568 0.028664
6703 0.120426
6737 0.120426
6797 0.120426
6837 0.049134
6859 0.073828
6864 0.034571
6874 0.178417
6958 0.120426
7062 0.040881
7264 0.130075
7295 0.080805
7305 0.132945
7537 0.049409
7580 0.049689
7583 0.065740
7641 0.076872
7788 0.021008
7859 0.035829
7861 0.027616
7862 0.038046
7915 0.041356
7919 0.065740
7920 0.041183
7939 0.064363
7947 0.063087
7973 0.067237
8031 0.120426
8183 0.055706
8227 0.032359
8289 0.108499
8293 0.218151
8315 0.063713
8377 0.099377
8404 0.020691
8463 0.076092
8485 0.044183
8488 0.073828
8513 0.062484
8556 0.120426
8583 0.053458
8677 0.053813
8762 0.057386
8826 0.014048
8930 0.041531
8931 0.010554
8939 0.048074
8959 0.090046
9132 0.057999
9138 0.080106
9140 0.120426
9238 0.068877
9329 0.059747
9457 0.096571
9596 0.048074
9735 0.089594
9761 0.033096
9767 0.044937
9872 0.452392
9958 0.101522
9977 0.065038
10001 0.108499
10036 0.116680
10055 0.089594
10063 0.162525
10195 0.033531
10198 0.240852
10200 0.073828
10228 0.048074
10309 0.039387
10326 0.029000
10475 0.021385
10476 0.068038
10556 0.046836
10560 0.067237
10605 0.086942
10677 0.065341
10684 0.092732
10890 0.018439
11065 0.068038
11146 0.042996
11160 0.102941
11210 0.033642
11256 0.092636
11314 0.075015
11332 0.028335
11502 0.040180
11526 0.035271
11600 0.013942
11620 0.085992
