39

638 0.248997
1410 0.312755
1716 0.221720
1797 0.093936
1859 0.162079
2259 0.057011
2924 0.406159
3150 0.157162
3850 0.101343
3928 0.192075
3977 0.312755
4644 0.208770
4677 0.072124
5133 0.201506
5160 0.325705
5743 0.100140
5949 0.122785
6315 0.170511
6452 0.221720
6860 0.167584
6874 0.066860
7082 0.153317
7111 0.066693
7118 0.163371
7498 0.047501
7501 0.140665
7775 0.179124
7859 0.040280
7937 0.199824
8826 0.023690
9384 0.406159
9522 0.201506
10487 0.079769
10617 0.248997
11160 0.520779
11203 0.219351
11210 0.113463
11532 0.087130
11600 0.094045
