251

23 1.018225
149 2.039414
194 2.170331
228 1.349218
258 1.219870
352 1.331844
404 0.545260
418 2.473711
447 1.206905
455 1.507714
479 1.213339
514 1.784142
531 0.918840
592 1.717195
612 1.577016
665 0.632874
831 1.638612
839 1.405946
917 0.574031
1190 5.476768
1195 1.808965
1251 1.437354
1275 1.291226
1409 12.384419
1487 0.838017
1653 1.483112
1654 4.388632
1662 1.925471
1666 1.507714
1721 0.747158
1787 2.136324
1831 1.535145
1874 1.577016
1986 1.125600
2001 2.340444
2024 1.022381
2046 1.018225
2084 4.950980
2086 1.416165
2131 3.054674
2165 0.808965
2185 1.182082
2224 1.147320
2259 0.853261
2264 1.437354
2278 1.219870
2340 2.036450
2356 4.680888
2421 0.986336
2507 1.521797
2548 1.026577
2550 1.602736
2627 1.530513
2652 1.738384
2762 0.470040
2843 1.471212
2954 0.935610
3054 1.331844
3060 1.426630
3121 0.784142
3149 1.120336
3150 1.176091
3203 1.695594
3211 1.717195
3236 0.974956
3237 2.085172
3302 3.039414
3313 1.507935
3414 1.109995
3531 0.788994
3535 1.005990
3550 1.386202
3558 1.206905
3573 0.788994
3592 1.696991
3626 1.935064
3818 0.704960
3841 0.477121
3850 0.758381
3863 1.960233
3976 16.211292
4063 1.094931
4196 0.734063
4211 0.912309
4215 2.495423
4520 0.729784
4566 0.827227
4850 2.194316
4896 1.893286
4938 1.367316
4970 1.367316
4972 6.582948
5012 1.654453
5081 1.030814
5095 1.641474
5135 1.187620
5143 2.708081
5159 2.562293
5242 1.233234
5345 2.942425
5394 0.995670
5460 1.247022
5496 0.978716
5529 5.820454
5587 2.738384
5678 0.986336
5693 1.261263
5702 1.677686
5714 1.426630
5732 1.573122
5792 1.949912
5838 3.041800
5920 1.233234
5966 1.835294
6070 0.742749
6119 1.863323
6178 3.726646
6380 0.942504
6456 3.225672
6559 4.990107
6568 1.446888
6570 0.998021
6571 3.039414
6580 11.702221
6587 0.622774
6864 1.745079
6874 1.501014
6980 1.194316
7008 0.878046
7041 1.376656
7060 0.932204
7061 0.478313
7062 0.343932
7069 1.925471
7111 0.499085
7126 3.849506
7144 2.261263
7154 1.376656
7193 2.085172
7295 2.039414
7334 1.659203
7339 2.738384
7385 0.769901
7411 0.893286
7460 0.990196
7498 0.710934
7515 1.405946
7530 0.998021
7537 4.988090
7540 2.680888
7635 0.704960
7641 0.646717
7679 1.925471
7707 1.066286
7709 1.359157
7728 6.078828
7760 0.666502
7788 1.060423
7830 3.617930
7859 5.124255
7861 0.696991
7872 1.416165
7911 2.480147
7931 1.659203
8007 0.838017
8083 0.711035
8104 1.386202
8221 1.998021
8229 2.085172
8234 1.275986
8241 1.018225
8245 1.039414
8334 1.376656
8382 1.039414
8404 0.522218
8445 1.592256
8455 0.436270
8485 8.921079
8494 1.291226
8499 1.592752
8539 1.336693
8551 3.039414
8580 1.808965
8605 0.738384
8728 1.233234
8764 3.096105
8767 0.704960
8826 1.240979
8853 10.953536
8931 2.130875
8939 1.213339
9047 2.489697
9059 0.542484
9097 0.939044
9099 1.315138
9110 1.247022
9270 1.075626
9357 1.376656
9579 3.945415
9669 0.774596
9729 1.349218
9767 0.283539
9770 1.022381
9811 0.909080
9889 2.085172
9944 1.182082
9999 1.194316
10007 1.808965
10020 2.340444
10058 1.212890
10077 2.646822
10195 0.846290
10224 1.738384
10232 2.738384
10309 0.994091
10362 2.562293
10378 5.467106
10396 1.014108
10475 0.539727
10486 1.641474
10487 0.596934
10500 1.426630
10509 0.704960
10526 1.893286
10555 1.367316
10560 1.696991
10581 5.544806
10619 0.528869
10669 1.717195
10677 0.824570
10701 0.786561
10828 2.085172
10851 2.085172
10890 0.465383
10924 3.039414
11015 1.075626
11055 1.471212
11121 3.600489
11146 6.511030
11153 1.437354
11210 0.849082
11228 1.141787
11229 1.416165
11233 2.551972
11332 0.715132
11375 0.791441
11376 1.392679
11521 1.075626
11536 1.323411
11566 1.405946
11600 1.407541
