67

63 0.945992
258 1.219870
263 3.039414
352 1.331844
418 2.473711
549 1.459631
602 2.919261
1252 2.039414
1409 4.644157
1721 0.747158
1808 4.522526
2064 1.206905
2077 1.696991
2084 0.990196
2165 0.808965
2348 0.956629
2539 1.130929
2550 2.404104
2954 0.935610
3322 1.395961
3818 1.409921
3924 3.039414
3976 3.741067
4502 2.437354
4617 1.471212
4734 0.619458
4972 2.194316
5143 0.902694
5242 1.233234
5734 0.562293
5743 0.749380
5765 1.998021
5838 3.041800
6178 3.726646
6186 3.039414
6187 3.039414
6308 1.498759
6456 0.806418
6874 1.000676
7061 0.478313
7126 1.539802
7385 0.769901
7537 2.494045
7540 2.680888
7788 0.530212
7859 1.507134
7887 0.971228
8221 1.998021
8234 1.275986
8485 3.345404
8580 1.808965
8684 1.268562
8761 0.747158
8826 0.531848
8834 3.996043
8939 1.213339
9047 0.829899
9059 0.542484
9811 1.818161
10276 0.808965
10352 0.971228
10488 1.863323
10639 1.120336
10779 1.608050
11146 1.085172
11233 1.275986
11413 2.562293
