233

7 6.746090
63 0.945992
211 3.039414
318 0.824570
332 2.039414
346 0.506660
373 1.459631
398 2.753313
404 0.545260
418 0.824570
536 2.717626
548 2.738384
608 2.194316
630 0.553693
697 0.819306
822 1.495346
842 2.562293
876 1.548052
913 6.236485
917 0.574031
965 0.963867
1037 1.283539
1074 1.120336
1109 3.318406
1132 0.632874
1259 1.659203
1278 5.074248
1284 1.080373
1333 1.623055
1378 2.772403
1450 2.562293
1542 0.814105
1592 1.120336
1653 1.483112
1666 0.753857
1689 1.437354
1790 2.738384
1832 2.340444
1872 0.638014
1949 1.677686
1981 0.935610
1986 1.125600
2047 2.194316
2154 0.677686
2248 1.141787
2259 3.413042
2262 1.863323
2295 2.738384
2313 1.358173
2340 1.018225
2363 1.022381
2421 1.972671
2507 1.902246
2524 2.096376
2626 2.364163
2633 2.189863
2756 1.577016
2762 0.940080
2954 2.806831
2996 1.340444
3095 0.590708
3149 2.240672
3203 0.565198
3322 2.791923
3358 3.039414
3401 1.340444
3423 0.925471
3464 2.853261
3484 2.085172
3513 1.717195
3521 1.254084
3613 2.011981
3620 1.863323
3621 0.899535
3655 2.340444
3681 2.317201
3691 2.228247
3770 1.349218
3841 0.954243
3926 0.986336
3968 1.437354
3992 1.960233
4148 1.957433
4160 2.738384
4196 1.468125
4266 1.052642
4317 1.254084
4451 0.878046
4572 1.998021
4734 0.619458
4770 1.261263
4841 1.696991
4943 0.572546
4969 1.141787
4970 1.367316
5081 4.123256
5141 1.624441
5205 2.261263
5320 1.818161
5351 1.960233
5394 0.995670
5529 3.233586
5569 2.053154
5692 0.753857
5734 1.124586
5740 1.268562
5743 1.498759
5753 1.300496
5833 0.499085
5880 0.835294
5920 1.233234
5926 2.096910
5949 0.918840
5966 1.835294
6227 1.158601
6281 1.206905
6317 0.702954
6421 2.362831
6436 12.772330
6491 2.738384
6583 1.677686
6596 1.760661
6616 0.899535
6796 1.367316
6838 1.120336
6864 0.872539
6874 1.501014
6909 0.747158
6914 2.261263
7021 2.085172
7046 1.835294
7111 0.499085
7123 1.164353
7126 2.309704
7143 1.844286
7186 2.562293
7377 6.379931
7411 0.893286
7498 3.554670
7550 3.248882
7635 0.704960
7641 1.293434
7688 3.039414
7704 2.852313
7709 0.679579
7732 2.437354
7788 0.530212
7818 1.760661
7859 1.205707
7911 1.240074
7931 1.659203
8098 1.247022
8279 2.340444
8343 0.986336
8352 0.854723
8402 1.925471
8407 2.896699
8410 1.307020
8491 1.659203
8499 0.796376
8509 2.437354
8512 0.875061
8534 1.835294
8559 4.686879
8613 1.507935
8620 4.388632
8641 1.254084
8690 2.562293
8709 3.039414
8711 3.041800
8784 0.932204
8785 0.849082
8826 0.354565
8874 1.323411
8931 0.266359
8956 2.160745
9059 0.542484
9065 1.831125
9075 1.520900
9114 2.698436
9115 2.209831
9116 1.182082
9179 2.261263
9444 5.634261
9480 1.624441
9509 3.039414
9700 1.677686
9747 0.945992
9761 0.835294
9767 0.283539
9774 2.869886
9783 2.607457
9811 0.909080
9825 2.039414
9873 1.376656
9897 3.039414
9903 1.587803
9919 1.109995
10082 1.254084
10147 1.548052
10185 1.864408
10195 3.385158
10197 2.136324
10251 1.182082
10276 0.808965
10352 0.971228
10378 1.366777
10403 1.376656
10415 1.659203
10432 2.194316
10487 0.596934
10500 1.426630
10507 8.179046
10589 2.630276
10619 1.057738
10646 1.213339
10745 1.659203
11121 1.800244
11194 1.014108
11242 2.096376
11304 1.863323
11320 1.001988
11335 2.087558
11362 1.164353
11401 2.039414
11503 0.884078
11516 4.272648
11523 0.538355
11532 0.652024
11568 1.349218
11620 1.085172
11636 4.657411
11637 4.644122
