59

346 0.091742
638 0.168697
917 0.051970
1197 0.135382
1487 0.075870
1859 0.219620
1896 0.122152
1986 0.101907
2017 0.153638
2185 0.214041
2304 0.200988
3122 0.069283
3599 0.104895
3850 0.068661
3928 0.130132
3977 0.211894
4005 0.099130
4215 0.045185
4255 0.163776
4677 0.048865
4904 0.133197
4978 0.135382
5038 0.204725
5112 0.086935
5133 0.136522
5529 0.058551
5653 0.204725
5817 0.125501
6504 0.078956
6671 0.151891
6864 0.039498
7111 0.045185
7118 0.055343
7498 0.064365
7611 0.144156
7775 0.121358
7859 0.027290
8271 0.083788
8550 0.150217
8826 0.032101
8931 0.048230
9380 0.102878
9522 0.136522
9538 0.095302
9562 0.088952
9634 0.112900
9859 0.275176
9933 0.097383
10195 0.076619
10552 0.174324
10617 0.337395
10619 0.047882
10711 0.114850
11121 0.054329
11160 0.588053
11161 0.125501
11177 0.136522
11210 0.153745
11625 0.100034
