341

20 0.028068
22 0.029036
79 0.017452
103 0.023086
122 0.018522
141 0.032498
175 0.046424
187 0.035831
216 0.028300
252 0.182597
308 0.017327
404 0.010319
467 0.023212
595 0.034235
602 0.055248
631 0.057522
636 0.038596
696 0.039462
798 0.049471
857 0.021927
885 0.408077
897 0.016284
898 0.029297
899 0.040431
917 0.021727
1044 0.024437
1084 0.051825
1157 0.024889
1167 0.055248
1296 0.018451
1326 0.115044
1333 0.030717
1374 0.121292
1375 0.057522
1378 0.026234
1382 0.038596
1456 0.016069
1485 0.035264
1487 0.015860
1503 0.097495
1525 0.085590
1550 0.115044
1662 0.036440
1764 0.060866
1777 0.026608
1796 0.027624
1803 0.071202
1804 0.075138
1807 0.052735
1831 0.014527
1874 0.059691
1902 0.230307
1917 0.035831
1963 0.032899
1989 0.027624
2021 0.027202
2030 0.057522
2045 0.041528
2058 0.017024
2078 0.057522
2119 0.057522
2121 0.036440
2149 0.026419
2154 0.012825
2220 0.030743
2224 0.043427
2238 0.057522
2259 0.056519
2263 0.106432
2268 0.043187
2319 0.026801
2366 0.032498
2423 0.057522
2498 0.083056
2507 0.007200
2530 0.013573
2543 0.108043
2552 0.019754
2554 0.025704
2605 0.035264
2618 0.022036
2627 0.014483
2661 0.041528
2673 0.033765
2674 0.039462
2690 0.055354
2697 0.030433
2708 0.039179
2762 0.008896
2763 0.014310
2768 0.019115
2770 0.032498
2804 0.022036
2846 0.038596
2926 0.028783
2950 0.026419
2954 0.017707
2996 0.050737
3048 0.023734
3121 0.014840
3122 0.014483
3149 0.042405
3179 0.029230
3203 0.160448
3217 0.038596
3243 0.018963
3299 0.033321
3313 0.028538
3316 0.023339
3369 0.039462
3394 0.171229
3436 0.025877
3449 0.032899
3452 0.057522
3485 0.056600
3535 0.038077
3537 0.036440
3550 0.026234
3591 0.121292
3599 0.065781
3632 0.039462
3641 0.051825
3818 0.040025
3841 0.009030
3850 0.014353
3851 0.048492
3870 0.039462
3894 0.051825
3904 0.028538
3926 0.018667
3938 0.070018
3979 0.055686
3984 0.025046
4079 0.276239
4091 0.091815
4215 0.066117
4315 0.042929
4340 0.138120
4491 0.051825
4520 0.013811
4582 0.113199
4610 0.024889
4645 0.040186
4663 0.016847
4832 0.117189
4858 0.030134
4869 0.089536
4901 0.017084
4938 0.025877
4943 0.021671
4944 0.046128
4964 0.040013
4994 0.035264
5023 0.020268
5100 0.053063
5122 0.035831
5135 0.011238
5178 0.047271
5199 0.302466
5200 0.251207
5258 0.051825
5287 0.057522
5394 0.009422
5491 0.007664
5521 0.024736
5529 0.012239
5532 0.050367
5549 0.148392
5587 0.051825
5678 0.018667
5682 0.115044
5762 0.056137
5792 0.018451
5833 0.009445
5851 0.016016
5870 0.030134
5880 0.015808
5926 0.013228
5937 0.085590
5957 0.069636
6027 0.057522
6060 0.018381
6070 0.014057
6112 0.047464
6308 0.014182
6456 0.030523
6498 0.048492
6540 0.037098
6569 0.036440
6587 0.023572
6628 0.035831
6631 0.026234
6635 0.023339
6725 0.096594
6731 0.041528
6792 0.127833
6795 0.033765
6823 0.029567
6838 0.042405
6864 0.024770
6874 0.009469
6965 0.086853
6968 0.096032
6985 0.046128
7008 0.016617
7032 0.026234
7047 0.022963
7050 0.044071
7063 0.057522
7067 0.057522
7111 0.009445
7118 0.011569
7123 0.022036
7126 0.014571
7130 0.037098
7178 0.502636
7183 0.039462
7273 0.044294
7369 0.023870
7378 0.085590
7385 0.058282
7387 0.023870
7459 0.085590
7460 0.018740
7498 0.053818
7525 0.057522
7634 0.051825
7641 0.012239
7694 0.014704
7709 0.102890
7737 0.051408
7738 0.060539
7758 0.018813
7761 0.022721
7788 0.050172
7859 0.045637
7861 0.039572
7887 0.036762
7911 0.023469
7915 0.039508
7920 0.019671
7925 0.028783
7929 0.172701
7946 0.019428
7974 0.029567
8009 0.030433
8098 0.023600
8111 0.019589
8116 0.051825
8157 0.017772
8166 0.132881
8191 0.039462
8221 0.037813
8226 0.177174
8272 0.033463
8281 0.077631
8287 0.166605
8344 0.048492
8351 0.023339
8352 0.064703
8377 0.023734
8396 0.030433
8455 0.016513
8463 0.018173
8467 0.029845
8482 0.019754
8489 0.028300
8539 0.012649
8629 0.026999
8653 0.061339
8684 0.024008
8706 0.038596
8761 0.028280
8767 0.026683
8824 0.051825
8931 0.030246
8970 0.057522
9065 0.017327
9095 0.022603
9130 0.043580
9131 0.042795
9132 0.027704
9197 0.028783
9261 0.026054
9306 0.030433
9412 0.042795
9538 0.019922
9584 0.050737
9593 0.017970
9596 0.022963
9718 0.053216
9767 0.010732
9842 0.035831
9903 0.015025
9933 0.020357
9971 0.027410
9981 0.039462
10058 0.057386
10062 0.037098
10063 0.077631
10157 0.057522
10248 0.034733
10304 0.031065
10327 0.026801
10475 0.030643
10509 0.013342
10558 0.026234
10587 0.072880
10596 0.022603
10619 0.010009
10663 0.034733
10688 0.345131
10700 0.034733
10731 0.230087
10820 0.037813
10865 0.037098
10879 0.037098
10890 0.008808
10891 0.095252
10892 0.046424
10901 0.035831
10990 0.038596
10998 0.080861
11084 0.031751
11152 0.016906
11194 0.057577
11233 0.072445
11250 0.115044
11256 0.014749
11332 0.027068
11356 0.040431
11376 0.008786
11386 0.025534
11396 0.035674
11397 0.018451
11440 0.033765
11466 0.021007
11526 0.016847
11532 0.012340
11543 0.023870
11577 0.051825
