201

194 0.024756
199 0.277016
204 0.045003
216 0.051170
291 0.104007
346 0.017338
458 0.025567
584 0.127523
599 0.039646
965 0.098949
997 0.146207
1365 0.083405
1387 0.148535
1605 0.030568
1617 0.044185
1633 0.044453
1637 0.062802
1675 0.093706
1859 0.083008
1874 0.053964
1988 0.069787
2000 0.033752
2002 0.043663
2005 0.118939
2017 0.058070
2025 0.048818
2026 0.080088
2067 0.043160
2141 0.047108
2154 0.069570
2185 0.040450
2224 0.039260
2230 0.048818
2259 0.072995
2309 0.104007
2320 0.059486
2344 0.044725
2348 0.032735
2405 0.045286
2524 0.071737
2535 0.093706
2690 0.033362
2769 0.038159
2801 0.041082
2806 0.035420
2954 0.032016
2980 0.068371
3054 0.045575
3121 0.026833
3122 0.026187
3125 0.058070
3149 0.153348
3150 0.160980
3233 0.052973
3263 0.060249
3275 0.020918
3282 0.047108
3319 0.073104
3337 0.073104
3357 0.104007
3384 0.046169
3423 0.031669
3465 0.059486
3473 0.052532
3493 0.060249
3499 0.051600
3626 0.033108
3694 0.042434
3715 0.105003
3834 0.104007
3844 0.068371
3850 0.077854
3886 0.166809
3968 0.049185
3979 0.050344
4005 0.037468
4050 0.104007
4091 0.047432
4196 0.025119
4215 0.017078
4286 0.060249
4317 0.042914
4413 0.103273
4447 0.099123
4451 0.060092
4613 0.030890
4644 0.053461
4663 0.030462
4698 0.104007
4764 0.039452
4901 0.030890
4945 0.065888
4954 0.048460
5100 0.023986
5133 0.309603
5138 0.104007
5551 0.104007
5753 0.022251
5797 0.072975
5826 0.038700
5833 0.034157
5841 0.050344
6063 0.061902
6071 0.021197
6112 0.017164
6168 0.104088
6377 0.160177
6433 0.051903
6570 0.034152
6641 0.060249
6816 0.033491
6828 0.024542
6874 0.034242
6980 0.040869
7035 0.064787
7039 0.042914
7062 0.011769
7082 0.039260
7118 0.041835
7120 0.028491
7124 0.053461
7211 0.093706
7262 0.080088
7295 0.069787
7299 0.150176
7393 0.069787
7404 0.038517
7422 0.061902
7498 0.012164
7501 0.144083
7534 0.055026
7635 0.024123
7664 0.041299
7737 0.046476
7761 0.082165
7775 0.045869
7859 0.030944
7861 0.023851
7876 0.052973
7920 0.035568
7939 0.055587
7946 0.035129
7989 0.035868
7992 0.075088
8028 0.093706
8205 0.208013
8206 0.083405
8245 0.035568
8287 0.060249
8294 0.031669
8295 0.046476
8321 0.104007
8334 0.188433
8382 0.035568
8457 0.040869
8470 0.039452
8563 0.049948
8621 0.043922
8751 0.104007
8780 0.044185
8924 0.041520
8931 0.045573
9021 0.104007
9047 0.028399
9130 0.026266
9144 0.031669
9328 0.093990
9334 0.071353
9389 0.069787
9452 0.049948
9458 0.077379
9486 0.071353
9576 0.073104
9642 0.043922
9697 0.080088
9739 0.083405
9761 0.028583
9767 0.019405
9951 0.049948
9988 0.061902
10229 0.093706
10254 0.056777
10378 0.070155
10433 0.036021
10505 0.051600
10556 0.404500
10565 0.045869
10639 0.038337
10890 0.031850
11121 0.020534
11146 0.037134
11152 0.030568
11160 0.577884
11161 0.047435
11210 0.058110
11233 0.043663
11335 0.035717
11539 0.054486
11600 0.084289
11625 0.037809
11627 0.059486
