323

71 0.878046
148 2.240672
163 2.194316
179 2.537124
194 2.170331
213 0.840757
304 2.209831
308 0.915562
345 0.932204
346 4.053278
404 1.090519
458 0.747158
512 4.158605
553 0.784142
586 0.747158
602 1.459631
638 3.726646
665 0.632874
689 1.268562
730 2.738384
853 2.562293
857 1.158601
898 1.548052
950 1.641474
988 2.562293
992 1.158601
1149 1.624441
1278 1.268562
1296 0.974956
1333 0.811527
1416 2.437354
1487 0.838017
1488 2.738384
1572 1.376656
1592 1.120336
1694 4.523806
1716 3.318406
1717 3.039414
1721 1.494316
1722 2.562293
1730 1.548052
1744 1.426630
1797 2.811818
1835 2.582452
1859 9.096672
1872 0.638014
1875 1.534264
1896 1.349218
1947 1.104916
1981 0.935610
1994 1.090024
2002 7.655917
2073 6.883281
2112 1.760661
2160 2.340444
2165 0.808965
2171 1.784142
2259 2.986412
2267 2.494045
2313 1.358173
2363 3.067142
2473 1.026577
2507 1.521797
2532 2.453002
2552 1.043779
2572 0.884078
2576 0.854723
2627 0.765256
2708 1.035093
2768 3.030091
2785 2.340444
2801 1.200565
2816 2.136324
2851 1.170182
2892 1.520900
2926 3.041800
2967 1.459631
2973 2.738384
3017 1.835294
3095 1.772123
3131 1.507935
3144 1.592256
3149 4.481344
3150 1.176091
3156 1.376656
3175 2.738384
3177 1.158601
3179 0.772242
3219 2.194316
3233 1.548052
3241 1.738384
3273 1.863323
3275 0.611279
3322 1.395961
3330 2.738384
3417 2.151253
3432 2.942425
3445 1.677686
3510 1.960233
3546 0.978716
3550 1.386202
3573 2.366982
3588 2.340444
3592 1.696991
3620 1.863323
3625 1.893286
3627 1.254084
3691 0.742749
3792 2.562293
3841 0.954243
3850 0.758381
3859 3.039414
3926 0.986336
3953 1.784142
4109 3.039414
4163 5.281982
4196 0.734063
4215 1.497254
4226 2.085172
4266 1.052642
4317 1.254084
4319 2.136324
4377 1.520900
4447 7.241748
4462 1.141787
4529 1.307020
4566 0.827227
4573 1.087740
4620 1.760661
4738 0.572546
4843 1.608050
4866 1.891985
4890 4.874708
4955 3.124586
4994 5.589969
5009 2.753313
5010 2.136324
5053 2.160745
5079 2.261263
5086 1.520900
5101 3.617930
5137 1.835294
5143 0.902694
5242 1.233234
5307 1.030814
5394 0.995670
5452 3.393983
5473 2.194316
5482 1.893286
5521 1.307020
5689 0.838017
5732 0.786561
5734 2.811464
5735 1.507935
5753 0.650248
5758 1.219870
5773 2.136324
5792 0.974956
5797 1.066286
5826 1.130929
5833 2.495423
5851 0.846290
5948 0.863323
6071 0.619458
6112 1.504785
6169 2.738384
6240 1.448350
6242 3.124586
6266 3.039414
6272 1.696991
6274 1.200565
6291 0.806418
6308 0.749380
6346 1.395961
6380 0.942504
6433 0.758381
6452 3.318406
6559 1.996043
6616 0.899535
6641 1.760661
6643 1.998021
6792 1.039172
6822 2.738384
6864 0.436270
6869 2.261263
6909 0.747158
6962 1.200565
6965 1.147320
7023 1.483112
7111 0.998169
7118 1.833838
7130 1.960233
7188 2.753313
7237 2.136324
7238 1.925471
7267 2.738384
7358 2.261263
7385 2.309704
7387 1.261263
7408 2.039414
7411 1.786572
7431 3.039414
7460 0.990196
7498 0.710934
7501 1.052642
7568 10.971580
7635 0.704960
7641 0.646717
7643 0.942504
7655 0.922143
7656 1.315138
7679 5.776412
7709 2.718315
7775 1.340444
7785 1.760661
7788 1.590635
7845 3.039414
7859 1.507134
7892 1.760661
7904 1.275986
7925 1.520900
7939 3.248882
7953 2.738384
7986 2.738384
8064 3.039414
8203 1.863323
8235 2.437354
8237 1.170182
8239 1.784142
8241 1.018225
8273 2.261263
8287 3.521321
8334 1.376656
8382 1.039414
8402 1.925471
8407 1.448350
8413 2.738384
8503 2.136324
8581 1.760661
8619 1.275986
8653 1.080373
8826 0.709131
8827 5.090974
8879 1.659203
8919 0.760661
8930 1.048188
8931 0.266359
8986 3.039414
9052 0.843514
9057 7.312062
9059 0.542484
9065 1.831125
9075 1.520900
9099 1.315138
9103 1.998021
9265 2.738384
9268 1.784142
9314 2.437354
9478 2.738384
9506 2.738384
9520 1.520900
9521 1.483112
9634 1.247022
9635 1.548052
9653 1.784142
9734 1.659203
9767 2.268314
9863 1.219870
9877 3.039414
9903 1.587803
9950 1.315138
9991 2.738384
9998 1.534264
10015 1.066286
10036 2.944872
10077 1.323411
10080 1.507935
10195 5.077737
10258 1.416165
10263 2.562293
10275 1.182082
10276 0.808965
10297 2.437354
10347 12.157656
10378 0.683388
10396 1.014108
10405 1.835294
10432 2.194316
10475 1.619181
10487 1.193869
10563 1.386202
10596 1.194316
10639 2.240672
10661 1.507935
10669 1.717195
10701 0.786561
10802 2.085172
10820 1.998021
10840 2.562293
10890 3.257680
11027 2.738384
11085 2.437354
11121 0.600081
11137 2.194316
11158 2.562293
11160 16.887669
11161 5.544806
11207 3.039414
11210 1.698165
11232 2.738384
11304 1.863323
11335 3.131337
11349 1.283539
11458 0.854723
11470 1.835294
11503 1.768156
11505 1.426630
11523 0.538355
11532 1.956073
11564 1.608050
11570 1.426630
11600 1.055655
11625 1.104916
