208

36 0.047508
179 0.045539
199 0.048434
204 0.047211
217 0.029040
332 0.073211
345 0.100393
346 0.072752
407 0.071725
497 0.087496
583 0.060918
584 0.066889
644 0.065883
689 0.045539
797 0.084017
831 0.029411
917 0.020607
960 0.038277
965 0.034601
992 0.041591
1032 0.063204
1262 0.073211
1302 0.060918
1333 0.058264
1385 0.037628
1387 0.038955
1400 0.050112
1456 0.030480
1466 0.032634
1483 0.063204
1569 0.078771
1637 0.065883
1700 0.064938
1716 0.297810
1797 0.126173
1835 0.046352
1859 0.195931
1865 0.076690
1896 0.048434
1988 0.073211
2002 0.045805
2043 0.074853
2141 0.098838
2154 0.024328
2230 0.051213
2278 0.043791
2313 0.048756
2344 0.046919
2363 0.036701
2499 0.046919
2507 0.027315
2708 0.037158
2710 0.109109
2797 0.073211
2803 0.109109
2886 0.056612
2892 0.054597
2954 0.033586
3017 0.065883
3121 0.028149
3149 0.040218
3203 0.020289
3204 0.040792
3210 0.084017
3273 0.066889
3275 0.065831
3386 0.044516
3493 0.063204
3558 0.043325
3715 0.055077
3766 0.054597
3770 0.048434
3787 0.050837
3809 0.065883
3841 0.034255
3850 0.027224
3871 0.074853
3884 0.066889
3888 0.076690
3928 0.051598
3954 0.081175
4005 0.117917
4091 0.024879
4110 0.034865
4205 0.044029
4401 0.071725
4435 0.109109
4447 0.103985
4520 0.026198
4528 0.109109
4547 0.057159
4644 0.056083
4677 0.058125
4701 0.045805
4734 0.022237
4738 0.020553
4770 0.045277
5016 0.109109
5178 0.029888
5229 0.098302
5256 0.048119
5346 0.126408
5394 0.035742
5555 0.071725
5620 0.049419
5734 0.040370
5743 0.053802
5807 0.056612
5817 0.049762
5833 0.017916
5851 0.030380
5855 0.065883
5857 0.040218
5870 0.057159
5885 0.025379
5949 0.032984
6291 0.028949
6310 0.109109
6362 0.070368
6415 0.033343
6433 0.027224
6452 0.357371
6505 0.047508
6506 0.046633
6568 0.025970
6587 0.022356
6864 0.062645
6965 0.082373
7018 0.069120
7061 0.034341
7296 0.066889
7308 0.056083
7394 0.102426
7395 0.084017
7411 0.096201
7498 0.051042
7562 0.091981
7665 0.078771
7745 0.086846
7760 0.023926
7775 0.048119
7826 0.046633
7859 0.086565
7937 0.053680
7974 0.056083
8273 0.081175
8338 0.034213
8383 0.051213
8396 0.057726
8410 0.046919
8455 0.015661
8463 0.034470
8503 0.076690
8605 0.026506
8688 0.078771
8761 0.026821
8826 0.044549
8827 0.121837
8930 0.037628
8931 0.009562
8956 0.038783
9189 0.103985
9261 0.049419
9264 0.094421
9270 0.038613
9394 0.069120
9618 0.034470
9643 0.084014
9653 0.064047
9734 0.059562
9767 0.020357
9865 0.085765
9903 0.056999
9931 0.109109
9998 0.055077
10033 0.121837
10036 0.052857
10077 0.047508
10080 0.054132
10123 0.109109
10279 0.036113
10378 0.073597
10397 0.060760
10475 0.019375
10484 0.098302
10487 0.128572
10509 0.025307
10541 0.049762
10562 0.066889
10582 0.061644
10596 0.042873
10639 0.080435
10769 0.067965
10890 0.033413
11146 0.038955
11160 0.373066
11161 0.099523
11210 0.030480
11257 0.044029
11349 0.046076
11376 0.033330
11386 0.048434
11423 0.058635
11475 0.104795
11480 0.126408
11523 0.019326
11526 0.031956
11600 0.025264
