108

67 1.998021
137 4.874708
213 1.681514
499 2.437354
555 2.437354
806 1.376656
828 3.920466
935 2.194316
1080 1.548052
1112 0.765256
1231 2.044762
1327 2.437354
1328 2.437354
1507 1.358173
1859 9.096672
1973 1.696991
2007 2.437354
2009 2.085172
2071 0.971228
2154 0.677686
2259 0.426630
2318 1.835294
2441 2.340444
2759 2.437354
2802 2.437354
3095 0.590708
3149 1.120336
3236 0.974956
3255 1.367316
3352 1.960233
3626 0.967532
3638 1.925471
3691 0.742749
3695 2.811891
3841 0.477121
3926 0.986336
4044 4.874708
4163 1.760661
4184 2.437354
4211 0.912309
4328 2.437354
4362 1.367316
4447 1.448350
4507 2.136324
4522 2.437354
4532 1.863323
4573 0.543870
4624 1.268562
4677 1.079454
4729 1.200565
4796 1.182082
4843 1.608050
4879 1.717195
5008 1.893286
5491 0.809874
5525 2.437354
5664 1.835294
5734 0.562293
5792 0.974956
5821 1.837680
5851 1.692579
6016 3.355373
6081 2.437354
6126 2.437354
6317 0.702954
6362 1.960233
6506 2.598103
6596 1.760661
6799 1.358173
7310 3.096105
7625 1.808965
7709 0.679579
7788 0.530212
7859 0.301427
7883 1.925471
7899 0.887126
8164 36.560312
8278 2.340444
8296 2.085172
8671 1.367316
9051 1.125600
9151 2.437354
9258 1.863323
9264 1.315138
9327 2.437354
9634 2.494045
9755 3.068528
9895 1.738384
10018 1.483112
10085 1.039414
10086 2.151253
10115 2.261263
10179 1.998021
10519 2.039414
10556 1.182082
10582 1.717195
10686 4.522526
10880 1.659203
11160 3.897154
11161 1.386202
11210 0.849082
11363 2.085172
11376 0.464226
11458 0.854723
11501 1.254084
11532 0.652024
11547 1.039414
11625 1.104916
