118

36 0.067014
79 0.046695
297 0.059857
318 0.041754
346 0.025656
552 0.050738
606 0.496301
665 0.032047
985 0.108177
1080 0.078389
1141 0.067014
1296 0.049369
1390 0.066184
1465 0.140386
1542 0.082448
1614 0.105587
1666 0.076346
1796 0.073911
1822 0.225301
1872 0.032307
1952 0.076357
1986 0.056997
1991 0.053994
2005 0.058668
2046 0.051560
2052 0.069237
2073 0.069710
2268 0.154070
2550 0.040579
2576 0.043281
2618 0.058959
2638 0.053761
2762 0.047603
2768 0.051145
2875 0.155381
3165 0.077690
3322 0.070687
3351 0.055444
3377 0.152715
3423 0.046863
3482 0.048993
3535 0.050940
3546 0.049559
3613 0.050940
3621 0.045550
3850 0.038402
3889 0.103270
4215 0.050544
4315 0.038287
4534 0.059857
4613 0.045710
4849 0.070687
4896 0.095870
5100 0.035494
5130 0.111114
5135 0.060137
5468 0.060477
5712 0.048993
5719 0.119714
6071 0.031367
6165 0.091601
6220 0.071710
6568 0.073266
6627 0.057817
6806 0.034316
7024 0.105587
7039 0.063503
7061 0.048441
7086 0.138663
7445 0.097500
7641 0.098243
7669 0.554654
7730 0.084017
7735 0.624472
7856 0.063503
7864 0.059254
7972 0.254012
8266 0.108177
8271 0.046863
8343 0.049945
8381 0.058959
8387 0.043281
8414 0.097500
8455 0.022091
8469 0.065384
8529 0.053994
8539 0.033843
8761 0.037834
8784 0.047204
8785 0.042995
8826 0.044885
8931 0.013488
9051 0.056997
9059 0.054940
9132 0.037062
9537 0.089155
9562 0.099503
9584 0.067876
9623 0.050338
9767 0.043073
9770 0.051770
9811 0.046033
9951 0.073911
9974 0.062794
10010 0.053761
10058 0.061417
10185 0.047204
10249 0.097615
10258 0.071710
10487 0.030227
10521 0.062447
10619 0.026780
10621 0.170991
10677 0.041754
11015 0.108933
11248 0.153907
11376 0.023507
11639 0.129747
