307

52 0.038550
63 0.022903
74 0.045638
100 0.042627
194 0.017515
213 0.020355
258 0.029534
264 0.045838
297 0.028619
298 0.040618
304 0.026751
318 0.019964
329 0.118021
334 0.033104
373 0.035339
380 0.039742
418 0.059891
420 0.043196
455 0.018252
479 0.058752
531 0.022246
553 0.018985
586 0.018089
587 0.048374
602 0.070678
612 0.076362
665 0.015322
666 0.038932
668 0.077865
757 0.042088
791 0.029220
917 0.013898
990 0.032453
1198 0.039329
1251 0.034800
1258 0.030023
1333 0.019648
1347 0.062035
1456 0.020557
1615 0.062035
1666 0.018252
1689 0.034800
1721 0.018089
1785 0.042627
1810 0.062035
1831 0.018584
1872 0.015447
1881 0.041575
1982 0.056664
2021 0.034800
2022 0.041575
2058 0.021779
2064 0.029220
2071 0.023514
2084 0.095894
2086 0.034287
2088 0.066299
2131 0.123261
2141 0.033330
2165 0.097929
2166 0.036508
2224 0.055555
2259 0.041316
2262 0.045113
2268 0.018416
2313 0.032883
2318 0.044434
2340 0.024652
2348 0.046322
2375 0.041575
2517 0.066299
2524 0.025378
2530 0.017364
2550 0.019402
2572 0.021404
2626 0.028619
2627 0.037055
2756 0.038181
2762 0.011380
2804 0.056380
2810 0.048374
2843 0.035619
2895 0.056664
2906 0.044434
3006 0.042627
3060 0.034540
3095 0.014302
3121 0.037970
3122 0.018528
3182 0.062035
3193 0.040171
3203 0.054736
3243 0.024259
3275 0.029599
3311 0.050484
3313 0.036508
3361 0.051722
3473 0.037167
3477 0.056664
3506 0.059010
3531 0.019102
3535 0.024356
3546 0.023696
3623 0.048374
3637 0.027511
3654 0.062035
3691 0.017983
3727 0.038932
3809 0.044434
3818 0.017068
3850 0.018361
3908 0.035619
3917 0.029220
3928 0.034800
3975 0.028619
3976 0.603830
3984 0.032041
4179 0.035907
4195 0.028331
4215 0.012083
4310 0.049505
4315 0.018306
4317 0.030362
4342 0.086391
4566 0.020028
4610 0.031841
4617 0.035619
4680 0.039742
4725 0.038181
4734 0.029995
4748 0.066299
4770 0.030536
4783 0.048374
4849 0.033797
4851 0.049376
4866 0.022903
4906 0.043797
4930 0.045113
5007 0.042627
5023 0.025928
5035 0.043196
5059 0.039329
5064 0.028619
5081 0.024957
5100 0.016971
5115 0.053126
5135 0.014377
5157 0.043797
5178 0.040315
5242 0.059715
5243 0.071815
5307 0.024957
5376 0.030536
5491 0.009804
5692 0.018252
5701 0.064490
5702 0.040618
5714 0.103620
5732 0.038087
5734 0.013614
5735 0.036508
5743 0.036286
5753 0.031486
5754 0.042088
5762 0.071815
5763 0.085254
5838 0.036822
5851 0.020489
5855 0.044434
5857 0.027124
6030 0.045838
6111 0.038932
6112 0.012144
6133 0.042088
6178 0.270676
6199 0.048374
6215 0.036822
6291 0.019524
6408 0.066299
6433 0.018361
6456 0.019524
6541 0.038181
6559 0.024163
6568 0.087576
6584 0.379940
6587 0.015078
6605 0.035339
6616 0.021779
6638 0.048374
6657 0.035619
6777 0.046617
6828 0.034728
6860 0.030362
6864 0.010562
6874 0.012114
7032 0.033561
7061 0.046321
7062 0.008327
7126 0.111840
7320 0.040171
7334 0.040171
7341 0.072407
7422 0.043797
7427 0.051722
7498 0.008606
7501 0.025485
7530 0.048326
7537 0.271724
7540 0.064907
7641 0.031315
7694 0.018811
7709 0.032906
7738 0.051631
7760 0.016137
7785 0.042627
7788 0.025674
7808 0.040618
7859 0.094871
7887 0.023514
7932 0.046617
7948 0.066660
7989 0.025378
8083 0.017215
8098 0.030192
8183 0.034039
8234 0.030893
8251 0.091676
8272 0.021404
8377 0.060725
8387 0.041387
8394 0.029858
8419 0.027644
8469 0.031262
8474 0.023787
8482 0.025271
8485 0.269984
8539 0.032362
8560 0.048374
8580 0.043797
8605 0.017877
8759 0.035907
8761 0.036179
8767 0.017068
8826 0.038630
8834 0.048374
8931 0.006449
8939 0.088128
9047 0.060278
9065 0.022167
9095 0.028915
9110 0.060383
9132 0.017720
9138 0.016316
9163 0.051722
9183 0.056664
9240 0.049376
9318 0.050484
9331 0.053126
9395 0.051722
9522 0.036508
9623 0.024068
9698 0.042627
9700 0.040618
9719 0.041575
9770 0.074258
9774 0.023161
9811 0.022010
9873 0.033330
9944 0.028619
9963 0.042088
9999 0.028915
10000 0.035066
10036 0.035649
10058 0.014683
10202 0.053126
10276 0.019586
10309 0.024068
10412 0.043797
10433 0.025485
10487 0.028905
10488 0.090225
10509 0.034135
10526 0.045838
10556 0.028619
10560 0.041086
10581 0.033561
10619 0.012804
10630 0.046617
10675 0.148128
10691 0.118021
10745 0.040171
10962 0.045113
11046 0.056664
11055 0.035619
11146 0.183911
11155 0.075649
11208 0.035619
11210 0.020557
11229 0.034287
11256 0.037737
11365 0.045838
11376 0.033718
11458 0.020694
11502 0.024552
11503 0.042809
11566 0.034039
11600 0.017039
