337

23 0.087112
45 0.030071
63 0.020233
85 0.027784
106 0.038160
127 0.030742
148 0.023962
157 0.058098
173 0.034056
194 0.015473
204 0.056257
257 0.065008
304 0.023632
308 0.039165
318 0.017636
332 0.043619
373 0.156095
418 0.017636
455 0.016124
467 0.026233
536 0.077500
608 0.046933
610 0.065008
632 0.042357
665 0.013536
678 0.029857
697 0.017524
763 0.070216
771 0.025283
838 0.039853
839 0.030071
897 0.018403
913 0.022231
917 0.049110
960 0.022806
965 0.020615
1054 0.058569
1244 0.065008
1307 0.039254
1400 0.029857
1455 0.028857
1456 0.036321
1466 0.038887
1543 0.065008
1636 0.023851
1649 0.037688
1666 0.016124
1686 0.042734
1777 0.030071
1803 0.026823
1831 0.016417
1835 0.027617
1970 0.065008
1991 0.022806
2000 0.021096
2028 0.033110
2042 0.028857
2067 0.026976
2076 0.061955
2146 0.035108
2165 0.017302
2244 0.060141
2259 0.009125
2265 0.042734
2267 0.053343
2344 0.055910
2356 0.050058
2363 0.021867
2405 0.028305
2473 0.021957
2498 0.093865
2507 0.024411
2532 0.026233
2548 0.021957
2550 0.017140
2572 0.018909
2579 0.046933
2585 0.031467
2601 0.032252
2627 0.065470
2633 0.046837
2720 0.022514
2762 0.020107
2768 0.021603
2804 0.024903
2806 0.044278
2822 0.058569
2884 0.041182
2926 0.032529
2936 0.038691
2954 0.020011
3134 0.035108
3203 0.157152
3204 0.048608
3289 0.028670
3304 0.034393
3374 0.025028
3402 0.028305
3414 0.023741
3417 0.023006
3419 0.074362
3432 0.062933
3437 0.030742
3449 0.037181
3454 0.046933
3473 0.098502
3495 0.025028
3498 0.031219
3513 0.036728
3550 0.029648
3558 0.025814
3621 0.076958
3634 0.031219
3637 0.024304
3818 0.015078
3841 0.020410
3850 0.016220
3854 0.054803
3917 0.025814
3982 0.040494
4091 0.029647
4181 0.032529
4215 0.021349
4216 0.058569
4266 0.022514
4267 0.033730
4279 0.074362
4451 0.037560
4462 0.048842
4465 0.052131
4573 0.011632
4663 0.038079
4708 0.014740
4738 0.012246
4764 0.024659
4826 0.065008
4901 0.019307
4902 0.058569
4904 0.031467
4963 0.040494
4964 0.022610
4989 0.058569
5067 0.024903
5100 0.044977
5111 0.040494
5370 0.104261
5394 0.063887
5428 0.065008
5468 0.025544
5529 0.055329
5532 0.018974
5569 0.175653
5694 0.109606
5734 0.072159
5754 0.037181
5758 0.026091
5797 0.045612
5945 0.073262
5948 0.018465
6065 0.058098
6070 0.031772
6071 0.026498
6112 0.032185
6119 0.039853
6151 0.105325
6211 0.026233
6227 0.024780
6240 0.030978
6308 0.016028
6386 0.065008
6421 0.012634
6433 0.032441
6436 0.370741
6456 0.017248
6480 0.065008
6502 0.065008
6538 0.065008
6583 0.035883
6657 0.031467
6792 0.022226
6796 0.029244
6828 0.015340
6874 0.010701
6934 0.030978
7008 0.018780
7035 0.040494
7047 0.025951
7050 0.074710
7052 0.043619
7061 0.020461
7111 0.021349
7126 0.247002
7131 0.154888
7143 0.019723
7162 0.038691
7188 0.029444
7204 0.054803
7210 0.050058
7243 0.065008
7377 0.027291
7385 0.032934
7387 0.026976
7389 0.030513
7422 0.038691
7460 0.021179
7498 0.060822
7530 0.021346
7563 0.052131
7635 0.015078
7655 0.019723
7694 0.083089
7704 0.076257
7709 0.014535
7760 0.014255
7788 0.034021
7826 0.055569
7859 0.019341
7861 0.029815
7864 0.025028
7872 0.030289
7887 0.020773
7909 0.048364
7911 0.053046
7922 0.039254
7931 0.035487
7981 0.019794
8044 0.063442
8098 0.026672
8140 0.041926
8157 0.060253
8238 0.052131
8241 0.065334
8245 0.022231
8281 0.029244
8282 0.050058
8343 0.042192
8351 0.026377
8352 0.018281
8422 0.044598
8425 0.038691
8449 0.029857
8455 0.009331
8462 0.026233
8487 0.033110
8489 0.063966
8491 0.035487
8494 0.027617
8512 0.037432
8538 0.050058
8605 0.031585
8622 0.041182
8771 0.065630
8826 0.007584
8931 0.028485
9047 0.124251
9048 0.065008
9059 0.023206
9062 0.046011
9097 0.020084
9107 0.027617
9114 0.057715
9115 0.070897
9116 0.075848
9129 0.195023
9130 0.016417
9138 0.014414
9225 0.130015
9328 0.019582
9333 0.030513
9366 0.028670
9444 0.020084
9521 0.031721
9568 0.045612
9618 0.020538
9634 0.026672
9667 0.049561
9680 0.040494
9725 0.051902
9767 0.006064
9783 0.018590
9788 0.103180
9811 0.019444
9832 0.038160
9863 0.026091
9879 0.130015
9895 0.260267
9903 0.033960
9907 0.032529
9919 0.023741
9950 0.028128
9971 0.061955
10058 0.038912
10067 0.021778
10077 0.084916
10152 0.045692
10279 0.021516
10309 0.021262
10378 0.146165
10396 0.021690
10401 0.065601
10475 0.023088
10579 0.034393
10581 0.088945
10619 0.022623
10635 0.035883
10701 0.033646
10720 0.071765
10818 0.055569
10890 0.029861
10949 0.065008
11003 0.030742
11097 0.044598
11121 0.089843
11152 0.057317
11194 0.043380
11233 0.027291
11242 0.022419
11256 0.050006
11257 0.026233
11287 0.022325
11306 0.025202
11332 0.030591
11355 0.034056
11356 0.045692
11364 0.030742
11376 0.019858
11378 0.043619
11423 0.017468
11458 0.018281
11503 0.094544
11511 0.065008
11523 0.011514
11536 0.028305
11568 0.028857
11636 0.074710
11637 0.079464
11672 0.037181
