107

5 0.088557
122 0.058912
148 0.067436
392 0.227925
404 0.032821
531 0.055308
536 0.054527
763 0.098805
917 0.034553
1387 0.065320
1396 0.146711
1649 0.053033
1730 0.093182
1831 0.046202
1859 0.073007
2115 0.055506
2165 0.048694
2259 0.051360
2339 0.069061
2353 0.107393
2507 0.022900
2524 0.063094
2552 0.062828
2618 0.070086
2626 0.071153
2627 0.092126
2651 0.047200
2954 0.056317
3054 0.080168
3179 0.046484
3260 0.132082
3275 0.036795
3280 0.117992
3402 0.079660
3535 0.060554
4266 0.063362
4841 0.102147
4866 0.056942
5071 0.120267
5081 0.062048
5150 0.099872
5178 0.100232
5562 0.082303
5569 0.061793
5712 0.058239
5719 0.071153
5734 0.067692
5798 0.308464
5826 0.068074
5885 0.042555
5948 0.155898
6191 0.182951
6346 0.084027
6421 0.035556
6436 0.384402
6468 0.122758
6523 0.264165
6793 0.112159
6812 0.147653
6864 0.026260
6874 0.060234
7041 0.082865
7062 0.082809
7125 0.085243
7126 0.046343
7460 0.059603
7498 0.042793
7738 0.064183
7760 0.040119
7788 0.095745
7859 0.018144
7862 0.115598
7896 0.086519
7946 0.061793
8016 0.056524
8272 0.053215
8351 0.074232
8419 0.068728
8455 0.026260
8591 0.128592
8784 0.112224
8826 0.010671
8874 0.079660
8931 0.080165
9116 0.071153
9568 0.064183
9643 0.070437
9747 0.056942
9767 0.017067
9811 0.054720
9933 0.064745
10058 0.036504
10085 0.062565
10378 0.041135
10417 0.140878
10475 0.032488
10507 0.123080
10619 0.127337
10621 0.135506
10651 0.074232
10999 0.084027
11068 0.136112
11121 0.036121
11287 0.062828
11332 0.086092
11386 0.162427
11637 0.055909
