66

258 1.219870
455 0.753857
600 0.971228
2084 3.960784
2131 1.018225
2165 0.808965
2189 1.760661
2219 2.437354
2259 0.426630
2762 0.470040
3193 1.659203
3275 0.611279
3304 1.608050
3535 1.005990
3608 1.893286
3841 0.477121
3869 1.416165
3976 7.482135
4196 0.734063
4215 0.499085
4310 1.022381
4401 1.998021
4814 2.194316
4930 1.863323
5075 1.808965
5714 1.426630
5734 0.562293
5754 1.738384
5763 1.760661
5795 5.850912
6071 0.619458
6568 0.723444
6605 1.459631
6638 1.998021
6864 0.872539
7126 0.769901
7320 1.659203
7341 1.495346
7537 2.494045
7608 2.562293
7635 0.704960
7664 1.206905
7709 0.679579
7738 1.066286
7859 1.507134
7862 0.960233
8172 2.039414
8281 1.367316
8326 1.268562
8419 1.141787
8462 1.226501
8481 2.562293
8485 2.230270
8761 0.747158
8826 0.177283
8926 2.340444
8955 1.960233
9469 1.641474
9667 1.158601
9977 3.282948
10058 0.606445
11055 1.471212
11376 0.464226
11503 1.768156
11570 1.426630
11600 0.351885
