197

36 0.049667
52 0.059756
85 0.048753
97 0.034117
100 0.066076
258 0.045781
329 0.182945
334 0.051314
380 0.061603
418 0.030946
420 0.066958
455 0.056583
583 0.063687
585 0.058632
587 0.074984
600 0.036450
612 0.059184
668 0.120698
960 0.040017
1251 0.053943
1333 0.030456
1615 0.096161
1666 0.028292
1831 0.028806
1872 0.023944
1982 0.087835
2084 0.185807
2086 0.053148
2131 0.038213
2165 0.091080
2189 0.066076
2219 0.091472
2224 0.043058
2244 0.052764
2259 0.048033
2260 0.082351
2262 0.069929
2268 0.028547
2348 0.035902
2572 0.033179
2762 0.017640
2804 0.043697
3006 0.066076
3095 0.022169
3122 0.028720
3182 0.096161
3193 0.062269
3221 0.087835
3275 0.068823
3304 0.060349
3361 0.080175
3366 0.051314
3464 0.053540
3535 0.037754
3608 0.071054
3637 0.042645
3691 0.027875
3841 0.017906
3869 0.053148
3971 0.053943
3976 0.748799
4179 0.055660
4195 0.043916
4196 0.055098
4215 0.037461
4310 0.038369
4315 0.028376
4342 0.066958
4401 0.074984
4566 0.031045
4677 0.020256
4680 0.061603
4725 0.059184
4734 0.023248
4770 0.047334
4783 0.074984
4814 0.082351
4906 0.067889
4930 0.069929
4963 0.071054
5007 0.066076
5012 0.031045
5023 0.040191
5053 0.040546
5075 0.067889
5242 0.092565
5243 0.111320
5307 0.038686
5491 0.015197
5701 0.049983
5714 0.053540
5734 0.021102
5735 0.056592
5743 0.056247
5753 0.024403
5754 0.065240
5763 0.066076
5795 0.219581
5838 0.057078
5855 0.068877
6071 0.023248
6112 0.018825
6153 0.060349
6199 0.074984
6559 0.037455
6568 0.108601
6584 0.160621
6605 0.054779
6638 0.074984
6657 0.055214
6792 0.019500
6864 0.032746
7061 0.017951
7062 0.025815
7126 0.057788
7320 0.062269
7341 0.056119
7422 0.067889
7427 0.080175
7498 0.013340
7501 0.039505
7530 0.037455
7537 0.234000
7540 0.150918
7608 0.096161
7635 0.026457
7664 0.045294
7709 0.051008
7738 0.120051
7785 0.066076
7788 0.039797
7808 0.062962
7859 0.056562
7862 0.036037
7948 0.051665
8172 0.076538
8251 0.142108
8281 0.051314
8326 0.047608
8387 0.032077
8394 0.046282
8419 0.042851
8462 0.046030
8469 0.048459
8474 0.036873
8481 0.096161
8482 0.039172
8485 0.167401
8539 0.025083
8560 0.074984
8605 0.027711
8759 0.055660
8761 0.056081
8826 0.033267
8926 0.087835
8939 0.045536
8955 0.073566
9059 0.020359
9110 0.046800
9138 0.025292
9163 0.080175
9183 0.087835
9240 0.076538
9318 0.078255
9331 0.082351
9469 0.061603
9522 0.056592
9632 0.052389
9667 0.043482
9671 0.059756
9698 0.066076
9770 0.038369
9774 0.035902
9783 0.032619
9811 0.034117
9873 0.051665
9944 0.044363
9963 0.065240
9977 0.123207
10058 0.045519
10276 0.030360
10433 0.039505
10509 0.026457
10639 0.042045
10691 0.182945
11046 0.087835
11055 0.055214
11155 0.058632
11210 0.031865
11229 0.053148
11365 0.071054
11376 0.017422
11502 0.038059
11503 0.066358
11566 0.052764
11570 0.053540
11600 0.026412
