348

36 2.646822
52 1.592256
63 0.945992
74 0.942504
85 1.299051
97 0.909080
100 1.760661
194 0.723444
213 0.840757
258 1.219870
264 1.893286
297 1.182082
298 1.677686
329 4.874708
334 1.367316
380 1.641474
418 1.649141
420 1.784142
455 1.507714
479 2.426679
531 0.918840
553 0.784142
583 1.696991
585 1.562293
586 0.747158
587 1.998021
600 0.971228
602 1.459631
612 3.154032
666 1.608050
668 3.216101
757 1.738384
791 1.206905
917 0.574031
960 1.066286
990 1.340444
1198 1.624441
1251 1.437354
1258 1.240074
1333 0.811527
1456 0.849082
1615 2.562293
1666 0.753857
1689 1.437354
1721 0.747158
1785 1.760661
1807 0.928824
1831 0.767573
1872 0.638014
1881 1.717195
1982 2.340444
2022 1.717195
2058 0.899535
2064 1.206905
2084 7.921569
2086 4.248494
2088 2.738384
2131 4.072899
2141 1.376656
2165 2.426896
2166 1.507935
2167 2.136324
2189 1.760661
2219 2.437354
2224 1.147320
2244 1.405946
2259 1.706521
2260 2.194316
2262 1.863323
2268 0.760661
2313 1.358173
2318 1.835294
2340 1.018225
2348 1.913257
2375 1.717195
2507 0.380449
2517 2.738384
2524 1.048188
2530 0.717195
2572 0.884078
2627 1.530513
2762 0.470040
2804 2.328706
2810 1.998021
2843 1.471212
2895 2.340444
2906 1.835294
3006 1.760661
3060 1.426630
3095 1.181416
3121 0.784142
3122 0.765256
3182 2.562293
3193 1.659203
3203 2.260791
3221 2.340444
3243 1.001988
3275 2.445117
3304 1.608050
3311 2.085172
3313 1.507935
3361 2.136324
3366 1.367316
3464 1.426630
3506 2.437354
3531 0.788994
3535 1.005990
3546 0.978716
3608 1.893286
3637 1.136324
3646 2.340444
3654 2.562293
3691 0.742749
3809 1.835294
3818 0.704960
3841 0.477121
3850 0.758381
3869 1.416165
3908 1.471212
3917 1.206905
3971 1.437354
3975 1.182082
3976 28.681516
3984 1.323411
4179 1.483112
4195 1.170182
4196 1.468125
4215 0.998169
4310 2.044762
4315 0.756113
4342 1.784142
4401 1.998021
4566 0.827227
4610 1.315138
4617 1.471212
4677 0.539727
4680 1.641474
4725 1.577016
4734 0.619458
4738 0.572546
4748 2.738384
4770 1.261263
4783 1.998021
4814 2.194316
4849 1.395961
4851 2.039414
4866 0.945992
4906 1.808965
4930 1.863323
4963 1.893286
5007 1.760661
5012 0.827227
5023 1.070931
5035 1.784142
5053 1.080373
5059 1.624441
5075 1.808965
5081 1.030814
5100 0.700958
5115 2.194316
5135 0.593810
5157 1.808965
5178 0.832588
5242 2.466468
5243 2.966223
5307 1.030814
5376 1.261263
5491 0.404937
5701 2.663688
5702 1.677686
5714 5.706521
5732 1.573122
5734 1.124586
5735 1.507935
5743 1.498759
5753 1.300496
5754 1.738384
5762 1.483112
5763 1.760661
5795 5.850912
5838 1.520900
5851 1.692579
5855 1.835294
5857 1.120336
6030 1.893286
6071 0.619458
6111 1.608050
6112 0.501595
6133 1.738384
6153 1.608050
6178 7.453291
6199 1.998021
6215 1.520900
6291 1.612836
6408 2.738384
6433 0.758381
6541 1.577016
6559 0.998021
6568 5.064106
6584 14.266303
6587 0.622774
6605 1.459631
6616 0.899535
6638 1.998021
6657 1.471212
6777 1.925471
6792 0.519586
6828 1.434390
6860 1.254084
6864 1.308809
6874 0.500338
7032 1.386202
7061 1.434938
7062 0.687865
7090 2.340444
7126 6.159209
7320 1.659203
7334 1.659203
7341 5.981384
7422 1.808965
7427 2.136324
7444 2.194316
7498 0.355467
7501 1.052642
7530 1.996043
7537 12.470224
7540 4.021332
7608 2.562293
7635 0.704960
7641 0.646717
7664 1.206905
7709 2.038736
7738 3.198859
7760 0.666502
7761 1.200565
7785 1.760661
7788 1.060423
7808 1.677686
7859 4.219975
7862 0.960233
7932 1.925471
7948 2.753313
7989 1.048188
8044 1.483112
8083 0.711035
8128 1.182082
8134 2.738384
8150 1.099895
8172 2.039414
8183 1.405946
8206 2.437354
8234 1.275986
8251 3.786572
8272 0.884078
8281 1.367316
8326 1.268562
8377 2.508169
8387 1.709445
8394 1.233234
8419 1.141787
8455 0.436270
8462 1.226501
8469 1.291226
8474 0.982509
8481 2.562293
8482 1.043779
8485 12.266483
8539 2.005039
8560 1.998021
8567 2.437354
8580 1.808965
8605 0.738384
8759 1.483112
8761 2.241474
8767 1.409921
8826 2.304676
8926 2.340444
8931 0.266359
8939 2.426679
8955 1.960233
9047 2.489697
9059 0.542484
9065 0.915562
9110 2.494045
9132 0.731918
9138 0.673926
9163 2.136324
9183 2.340444
9240 2.039414
9318 2.085172
9331 2.194316
9395 2.136324
9469 1.641474
9522 1.507935
9623 0.994091
9632 2.791923
9667 1.158601
9671 1.592256
9698 1.760661
9700 1.677686
9719 1.717195
9770 1.022381
9774 0.956629
9783 0.869152
9811 1.818161
9873 1.376656
9944 1.182082
9963 1.738384
9977 3.282948
9999 1.194316
10036 1.472436
10058 1.212890
10276 0.808965
10309 0.994091
10412 1.808965
10433 1.052642
10487 0.596934
10488 3.726646
10509 0.704960
10526 1.893286
10556 1.182082
10560 1.696991
10581 1.386202
10619 0.528869
10630 1.925471
10639 2.240672
10675 6.118242
10677 0.824570
10691 4.874708
10901 1.893286
10962 1.863323
11046 2.340444
11055 1.471212
11146 6.511030
11155 3.124586
11208 1.471212
11210 0.849082
11229 1.416165
11256 0.779343
11365 1.893286
11376 0.928453
11458 0.854723
11482 1.835294
11502 1.014108
11503 2.652234
11566 1.405946
11570 1.426630
11600 1.055655
