189

71 0.878046
149 2.039414
194 0.723444
258 2.439740
264 1.893286
297 1.182082
318 0.824570
345 0.932204
346 0.506660
404 0.545260
418 1.649141
455 0.753857
458 0.747158
553 1.568283
597 2.039414
611 3.039414
668 1.608050
897 0.860437
910 2.562293
917 1.722094
1167 2.919261
1251 1.437354
1333 0.811527
1466 0.909080
1572 1.376656
1684 2.437354
1686 1.998021
1872 1.276027
1900 1.507935
1943 2.194316
1974 1.738384
2077 1.696991
2107 1.608050
2131 2.036450
2154 0.677686
2259 0.426630
2524 1.048188
2548 1.026577
2550 1.602736
2552 1.043779
2575 0.956629
2602 2.039414
2627 1.530513
2762 0.470040
2825 2.136324
2846 2.039414
2856 1.960233
3122 0.765256
3149 1.120336
3162 1.835294
3203 2.260791
3325 2.261263
3608 1.893286
3726 2.194316
3841 0.477121
3976 16.211292
4005 1.094931
4157 3.617930
4196 0.734063
4215 1.497254
4253 2.194316
4266 2.105285
4268 1.808965
4315 0.756113
4341 2.437354
4401 3.996043
4462 4.567148
4708 0.689166
4738 0.572546
4866 1.891985
4904 1.471212
4955 1.562293
4963 1.893286
5010 2.136324
5121 2.340444
5154 1.808965
5242 2.466468
5243 1.483112
5270 2.791923
5394 0.995670
5401 2.437354
5468 1.194316
5529 1.293434
5656 2.562293
5693 1.261263
5696 3.568283
5719 1.182082
5734 0.562293
5821 0.918840
5838 1.520900
5919 1.624441
5930 2.738384
6112 0.501595
6189 2.738384
6199 1.998021
6231 2.738384
6291 0.806418
6559 2.994064
6587 1.868321
6792 0.519586
6828 1.434390
6864 0.436270
6876 2.437354
6986 2.261263
7060 0.932204
7062 0.343932
7116 3.039414
7126 2.309704
7144 2.261263
7268 3.039414
7295 2.039414
7369 1.261263
7422 3.617930
7460 0.990196
7498 0.355467
7527 2.562293
7537 6.235112
7540 6.702221
7709 2.718315
7713 1.416165
7738 1.066286
7758 0.994091
7788 0.530212
7859 0.904280
7861 0.696991
7873 1.717195
7904 1.275986
7908 1.960233
8098 2.494045
8241 1.018225
8272 0.884078
8295 1.358173
8348 1.534264
8404 1.044436
8455 0.436270
8457 1.194316
8474 1.965019
8482 1.043779
8485 3.345404
8529 1.066286
8539 1.336693
8761 0.747158
8767 0.704960
8826 0.177283
8931 0.799078
8939 1.213339
9065 0.915562
9093 0.949509
9130 0.767573
9240 2.039414
9381 2.251201
9438 1.562293
9548 3.039414
9557 1.696991
9718 1.405946
9747 0.945992
9811 0.909080
9865 0.796376
9933 1.075626
9999 1.194316
10010 1.061691
10058 0.606445
10077 2.646822
10181 2.039414
10195 0.846290
10224 1.738384
10309 1.988182
10475 2.158908
10486 1.641474
10488 1.863323
10505 1.507935
10581 1.386202
10700 1.835294
10779 1.608050
10839 3.039414
10969 3.039414
11152 1.786572
11153 1.437354
11210 0.849082
11278 1.893286
11332 0.715132
11335 2.087558
11386 1.349218
11423 0.816698
11458 0.854723
11466 1.109995
11532 1.956073
11566 1.405946
11600 1.759426
