232

74 0.063689
85 0.043891
99 0.036829
258 0.041216
297 0.079878
318 0.027860
352 0.044999
380 0.055460
386 0.076401
404 0.036845
457 0.035871
479 0.040995
553 0.026494
595 0.061119
600 0.032815
665 0.042766
666 0.054331
757 0.058735
839 0.047503
917 0.019395
942 0.065056
1132 0.021383
1175 0.061119
1296 0.032941
1428 0.070451
1456 0.028688
1462 0.058019
1487 0.028314
1499 0.035565
1592 0.075705
1653 0.100219
1664 0.079076
1689 0.048564
1721 0.025244
1872 0.064669
1915 0.086572
1979 0.055460
1997 0.050110
2084 0.100367
2131 0.034403
2161 0.046197
2224 0.155057
2230 0.096403
2240 0.074139
2259 0.043244
2268 0.025700
2340 0.034403
2344 0.044160
2444 0.053282
2504 0.043112
2566 0.079076
2572 0.089611
2626 0.079878
2696 0.023090
2757 0.086572
2762 0.015881
2843 0.049708
2895 0.079076
2904 0.066230
2967 0.049316
3121 0.026494
3149 0.075705
3151 0.066230
3178 0.164701
3203 0.038193
3204 0.038393
3205 0.047848
3258 0.082351
3260 0.074139
3263 0.059487
3275 0.061960
3361 0.072180
3370 0.037503
3466 0.110921
3531 0.026658
3613 0.033989
3620 0.062956
3691 0.025095
3758 0.039939
3823 0.042861
3850 0.025623
3917 0.040778
3951 0.023818
3963 0.074139
3976 0.800527
4000 0.092521
4032 0.092521
4131 0.060281
4148 0.033068
4176 0.059487
4179 0.050110
4195 0.039537
4215 0.084313
4239 0.082351
4255 0.061119
4266 0.035565
4268 0.061119
4342 0.060281
4573 0.036751
4592 0.086572
4680 0.055460
4694 0.079076
4708 0.023285
4840 0.082351
4869 0.053282
4888 0.092521
4906 0.061119
4956 0.059487
4967 0.045586
4988 0.079076
5007 0.059487
5029 0.086572
5075 0.122239
5096 0.057336
5100 0.023683
5112 0.064887
5137 0.062009
5157 0.061119
5184 0.074139
5242 0.041667
5243 0.050110
5307 0.034828
5324 0.032815
5379 0.061119
5395 0.034973
5532 0.029973
5702 0.056684
5743 0.025319
5753 0.021970
5754 0.176204
5795 0.039537
5838 0.051386
5855 0.062009
5857 0.037853
5885 0.023886
5890 0.086572
5972 0.092521
6030 0.063968
6070 0.025095
6112 0.016947
6163 0.070451
6385 0.074139
6433 0.051247
6568 0.048886
6570 0.033720
6584 0.144604
6864 0.029480
6913 0.092521
6991 0.092521
7060 0.031496
7061 0.016161
7217 0.026907
7320 0.056059
7329 0.074139
7385 0.026013
7388 0.052304
7468 0.082351
7501 0.035565
7537 0.126399
7540 0.317026
7589 0.042614
7664 0.040778
7678 0.076401
7709 0.068883
7723 0.086572
7730 0.056059
7738 0.036026
7785 0.118974
7788 0.089571
7859 0.010184
7881 0.052304
7929 0.051386
7981 0.031269
8087 0.039145
8128 0.039939
8172 0.068905
8207 0.082351
8213 0.072180
8241 0.034403
8251 0.063968
8264 0.061119
8485 0.075354
8546 0.072180
8777 0.065056
8826 0.029949
8926 0.079076
8930 0.035415
8934 0.059487
8939 0.040995
8992 0.072180
9065 0.030934
9075 0.051386
9104 0.030181
9270 0.036342
9295 0.082351
9446 0.066230
9562 0.033196
9582 0.086572
9584 0.045289
9618 0.032443
9646 0.041216
9698 0.059487
9731 0.086572
9783 0.029366
9963 0.117469
10057 0.043891
10058 0.061470
10122 0.063968
10132 0.062009
10181 0.068905
10258 0.047848
10309 0.067174
10509 0.047637
10534 0.049708
10582 0.058019
10639 0.037853
10846 0.079076
10852 0.082351
10870 0.092521
10892 0.041440
11075 0.086572
11194 0.034264
11210 0.028688
11229 0.047848
11278 0.063968
11306 0.019906
11355 0.053797
11376 0.015685
11458 0.028878
11523 0.018189
11566 0.047503
11600 0.011889
