301

52 0.039450
85 0.064372
97 0.022524
127 0.035613
157 0.033651
194 0.035849
228 0.033429
258 0.030224
264 0.046909
287 0.057988
304 0.054752
329 0.120778
334 0.033877
380 0.040670
398 0.034109
404 0.013510
418 0.061290
420 0.044205
455 0.037356
458 0.018512
479 0.060125
586 0.018512
587 0.049504
599 0.028706
600 0.024064
612 0.039073
666 0.039842
668 0.039842
685 0.056026
697 0.020300
831 0.020300
857 0.028706
959 0.067847
1198 0.040248
1251 0.035613
1269 0.023266
1296 0.024156
1333 0.040214
1385 0.025970
1572 0.034109
1573 0.044205
1653 0.036746
1666 0.037356
1721 0.018512
1750 0.044205
1872 0.031615
1982 0.057988
1986 0.027888
1997 0.036746
2021 0.035613
2064 0.059806
2084 0.220802
2086 0.035088
2131 0.075684
2165 0.100217
2189 0.043623
2219 0.060389
2224 0.056853
2244 0.034834
2259 0.010570
2260 0.054367
2262 0.046167
2263 0.034834
2268 0.018846
2320 0.043071
2344 0.032383
2348 0.023702
2375 0.042546
2421 0.024438
2539 0.028020
2544 0.067847
2550 0.019855
2572 0.021904
2575 0.023702
2584 0.054367
2602 0.050529
2626 0.117151
2627 0.037921
2762 0.011646
2769 0.027629
2777 0.052931
2804 0.028849
2892 0.037683
3006 0.043623
3017 0.045472
3037 0.043071
3095 0.014636
3122 0.056881
3149 0.027758
3177 0.028706
3193 0.041109
3203 0.070018
3221 0.057988
3275 0.030291
3361 0.105861
3366 0.033877
3402 0.032789
3455 0.029438
3535 0.024925
3608 0.046909
3818 0.017466
3841 0.011821
3869 0.105263
3919 0.063485
3976 0.679730
4110 0.024064
4205 0.030388
4215 0.037097
4258 0.042045
4310 0.025331
4331 0.042546
4333 0.028154
4342 0.044205
4346 0.084091
4557 0.060389
4566 0.020496
4577 0.060389
4677 0.026745
4680 0.040670
4725 0.039073
4734 0.030696
4770 0.031250
4834 0.026192
4866 0.023438
4869 0.039073
4930 0.046167
4963 0.046909
5007 0.043623
5012 0.020496
5023 0.053068
5067 0.028849
5075 0.089640
5076 0.075306
5095 0.040670
5100 0.034735
5157 0.044820
5161 0.067847
5242 0.091666
5243 0.073493
5376 0.031250
5491 0.010033
5645 0.063485
5689 0.020763
5701 0.032998
5714 0.035347
5734 0.013932
5735 0.037361
5743 0.018567
5749 0.023972
5754 0.043071
5763 0.043623
5792 0.024156
5795 0.202951
5838 0.075365
5851 0.041936
5855 0.045472
6060 0.024064
6133 0.043071
6153 0.039842
6178 0.184666
6199 0.099008
6292 0.075306
6535 0.039842
6541 0.039073
6559 0.024727
6568 0.089622
6584 0.106041
6587 0.015430
6605 0.036164
6638 0.049504
6657 0.036451
6792 0.025747
6816 0.024249
6828 0.017770
6864 0.043237
6874 0.024793
7032 0.034345
7061 0.023702
7062 0.017043
7126 0.095377
7144 0.056026
7341 0.111148
7385 0.019075
7388 0.038355
7422 0.044820
7498 0.008807
7501 0.026081
7530 0.049455
7537 0.123587
7540 0.166057
7550 0.040248
7635 0.017466
7664 0.029903
7694 0.019250
7709 0.101025
7738 0.079256
7760 0.016514
7761 0.029746
7785 0.043623
7788 0.065684
7856 0.031072
7859 0.067215
7861 0.017269
7862 0.023791
7895 0.046167
7915 0.025861
7920 0.051506
7948 0.034109
8175 0.035885
8251 0.093818
8326 0.031430
8351 0.030555
8387 0.021177
8419 0.028289
8449 0.069174
8462 0.030388
8463 0.023791
8469 0.031992
8474 0.024343
8482 0.025861
8485 0.276291
8494 0.031992
8560 0.049504
8580 0.044820
8605 0.018295
8621 0.031802
8693 0.057988
8726 0.075306
8780 0.031992
8826 0.030747
8931 0.013199
8939 0.060125
8955 0.048568
8999 0.045472
9047 0.041124
9052 0.020899
9059 0.013441
9075 0.037683
9104 0.044265
9110 0.030897
9137 0.035885
9138 0.033395
9163 0.052931
9183 0.057988
9240 0.050529
9270 0.026650
9288 0.048568
9318 0.051663
9516 0.054367
9522 0.037361
9552 0.056026
9562 0.024343
9618 0.023791
9623 0.049260
9667 0.028706
9671 0.039450
9698 0.043623
9718 0.034834
9767 0.007025
9770 0.025331
9774 0.023702
9782 0.067847
9783 0.021535
9811 0.090095
9873 0.034109
9934 0.044820
9944 0.029288
9957 0.035613
9977 0.040670
9999 0.029591
10058 0.060102
10276 0.020043
10309 0.049260
10433 0.026081
10488 0.046167
10509 0.034933
10534 0.036451
10581 0.068690
10596 0.029591
10639 0.027758
10677 0.020430
10691 0.120778
10745 0.041109
10917 0.079684
11003 0.035613
11046 0.057988
11056 0.075306
11146 0.053773
11155 0.038708
11203 0.040670
11229 0.035088
11256 0.038619
11365 0.046909
11376 0.034506
11397 0.024156
11466 0.027502
11503 0.043809
11560 0.057988
11566 0.034834
11570 0.070694
11600 0.008718
