239

74 1.885008
85 1.299051
99 1.090024
258 1.219870
297 2.364163
318 0.824570
352 1.331844
380 1.641474
386 2.261263
404 1.090519
457 1.061691
479 1.213339
553 0.784142
595 1.808965
600 0.971228
665 1.265748
666 1.608050
757 1.738384
839 1.405946
917 0.574031
942 1.925471
959 2.738384
1132 0.632874
1175 1.808965
1296 0.974956
1428 2.085172
1456 0.849082
1462 1.717195
1487 0.838017
1499 1.052642
1592 2.240672
1636 1.115135
1653 2.966223
1664 2.340444
1689 1.437354
1721 0.747158
1872 1.914041
1915 2.562293
1979 1.641474
1997 1.483112
2084 2.970588
2131 1.018225
2161 1.367316
2224 5.736598
2230 2.853261
2240 2.194316
2259 1.279891
2268 0.760661
2340 1.018225
2344 1.307020
2444 1.577016
2504 1.275986
2566 2.340444
2572 2.652234
2626 2.364163
2696 0.683388
2757 2.562293
2762 0.470040
2843 1.471212
2895 2.340444
2904 1.960233
2967 1.459631
3121 0.784142
3149 2.240672
3151 1.960233
3178 4.874708
3203 1.130396
3204 1.136324
3205 1.416165
3258 2.437354
3260 2.194316
3263 1.760661
3275 1.833838
3361 2.136324
3370 1.109995
3466 3.282948
3531 0.788994
3613 1.005990
3620 1.863323
3691 0.742749
3758 1.182082
3823 1.268562
3850 0.758381
3917 1.206905
3951 0.704960
3963 2.194316
3976 22.446404
4000 2.738384
4032 2.738384
4131 1.784142
4148 0.978716
4176 1.760661
4179 1.483112
4195 1.170182
4215 2.495423
4239 2.437354
4255 1.808965
4266 1.052642
4268 1.808965
4342 1.784142
4573 0.543870
4592 2.562293
4680 1.641474
4694 2.340444
4708 0.689166
4840 2.437354
4869 1.577016
4888 2.738384
4906 1.808965
4956 1.760661
4967 1.349218
4988 2.340444
5007 1.760661
5029 2.562293
5075 3.617930
5096 1.696991
5100 0.700958
5112 1.920466
5137 1.835294
5157 1.808965
5184 2.194316
5242 1.233234
5243 1.483112
5307 1.030814
5324 0.971228
5379 1.808965
5395 1.035093
5532 0.887126
5702 1.677686
5743 0.749380
5753 0.650248
5754 5.215152
5795 1.170182
5838 1.520900
5855 1.835294
5857 1.120336
5885 0.706976
5890 2.562293
5972 2.738384
6030 1.893286
6070 0.742749
6112 1.003190
6163 2.085172
6222 2.562293
6385 2.194316
6433 1.516762
6568 1.446888
6570 0.998021
6584 4.279891
6864 0.872539
6913 2.738384
6991 2.738384
7060 0.932204
7061 0.478313
7217 0.796376
7320 1.659203
7329 2.194316
7385 0.769901
7388 1.548052
7468 2.437354
7501 1.052642
7537 3.741067
7540 9.383109
7589 1.261263
7664 1.206905
7678 2.261263
7709 2.038736
7723 2.562293
7730 1.659203
7738 1.066286
7785 3.521321
7788 2.651058
7859 0.301427
7881 1.548052
7929 3.041800
7981 0.925471
8087 1.158601
8128 1.182082
8172 2.039414
8207 2.437354
8213 2.136324
8241 1.018225
8251 1.893286
8264 1.808965
8410 1.307020
8485 2.230270
8546 2.136324
8767 0.704960
8777 1.925471
8826 0.886414
8926 2.340444
8930 1.048188
8934 1.760661
8939 1.213339
8992 2.136324
9065 0.915562
9075 1.520900
9104 0.893286
9270 1.075626
9295 2.437354
9446 1.960233
9562 0.982509
9582 2.562293
9584 1.340444
9618 0.960233
9646 1.219870
9698 1.760661
9731 2.562293
9783 0.869152
9963 3.476768
10057 1.299051
10058 1.819334
10122 1.893286
10127 2.340444
10132 1.835294
10181 2.039414
10258 1.416165
10309 1.988182
10509 1.409921
10534 1.471212
10582 1.717195
10639 1.120336
10846 2.340444
10852 2.437354
10870 2.738384
10892 1.226501
11075 2.562293
11194 1.014108
11210 0.849082
11229 1.416165
11278 1.893286
11306 0.589165
11355 1.592256
11376 0.464226
11458 0.854723
11523 0.538355
11536 1.323411
11566 1.405946
11600 0.351885
