266

36 0.037327
79 0.026009
83 0.043663
85 0.036640
99 0.061489
149 0.057523
188 0.031600
194 0.020405
213 0.023714
258 0.034407
304 0.031165
386 0.063780
404 0.030759
418 0.069772
444 0.058813
477 0.046298
508 0.021848
583 0.047864
596 0.038308
612 0.044480
630 0.015617
665 0.035701
668 0.090711
793 0.066013
807 0.085728
831 0.023109
889 0.063780
895 0.071610
897 0.024269
917 0.032382
1028 0.038829
1048 0.171456
1091 0.056355
1149 0.045818
1167 0.041169
1190 0.154474
1198 0.045818
1252 0.057523
1275 0.036420
1498 0.035990
1617 0.036420
1649 0.024850
1721 0.063222
1730 0.043663
1734 0.171456
1744 0.040239
1831 0.021650
1875 0.043275
1973 0.095729
1994 0.030745
2000 0.027820
2046 0.028719
2057 0.046798
2069 0.085728
2084 0.111716
2126 0.057523
2131 0.028719
2165 0.022817
2166 0.085064
2259 0.048133
2261 0.060256
2268 0.021455
2290 0.043275
2313 0.038308
2318 0.051765
2348 0.053964
2378 0.047864
2421 0.027820
2455 0.024028
2507 0.010731
2550 0.090412
2618 0.032841
2626 0.033341
2627 0.043169
2638 0.029945
2661 0.061892
2690 0.027499
2692 0.072271
2756 0.133441
2758 0.057523
2762 0.013258
2819 0.085728
2837 0.077237
2856 0.055289
2892 0.042898
2904 0.055289
2954 0.026389
2981 0.171456
3095 0.016661
3149 0.031600
3150 0.033172
3179 0.021781
3203 0.047825
3269 0.068747
3275 0.034483
3495 0.033005
3542 0.047320
3546 0.055210
3573 0.022254
3592 0.047864
3637 0.032050
3841 0.026915
3976 0.773801
4091 0.039096
4196 0.020705
4215 0.042231
4268 0.051023
4315 0.021326
4317 0.070744
4319 0.060256
4341 0.068747
4462 0.032205
4610 0.037094
4663 0.025108
4701 0.035990
4708 0.019438
4719 0.085728
4770 0.035574
4869 0.044480
4908 0.050322
4930 0.052556
4954 0.039944
4956 0.049660
4972 0.061892
5007 0.049660
5019 0.068747
5064 0.066682
5067 0.032841
5075 0.051023
5081 0.116298
5100 0.019771
5112 0.027084
5143 0.025461
5157 0.051023
5242 0.069568
5243 0.125495
5376 0.035574
5496 0.027605
5529 0.018241
5532 0.075065
5732 0.066556
5734 0.031719
5743 0.021137
5753 0.018341
5754 0.049032
5795 0.033005
5833 0.028154
5838 0.128693
5920 0.034784
5926 0.019715
6071 0.017472
6097 0.030883
6111 0.045356
6117 0.090711
6133 0.049032
6222 0.072271
6354 0.052556
6377 0.066013
6568 0.020405
6584 0.201193
6605 0.041169
6792 0.043965
6864 0.036915
6874 0.014112
7008 0.024766
7039 0.070744
7048 0.054309
7050 0.032841
7061 0.013491
7101 0.068747
7126 0.086862
7296 0.052556
7334 0.046798
7350 0.046798
7388 0.043663
7530 0.056299
7537 0.105518
7540 0.113423
7709 0.153342
7788 0.044865
7856 0.035372
7859 0.025506
7862 0.027084
7981 0.026103
8007 0.023637
8098 0.070346
8172 0.057523
8272 0.024936
8300 0.085728
8334 0.038829
8373 0.077237
8404 0.029459
8455 0.012305
8485 0.220170
8488 0.052556
8508 0.036203
8539 0.056553
8554 0.051765
8555 0.050322
8605 0.020826
8629 0.040239
8677 0.076616
8761 0.021074
8767 0.039767
8826 0.015001
8853 0.154474
8870 0.085728
8897 0.085728
8916 0.052556
8931 0.015026
8939 0.034223
8989 0.041496
9059 0.030602
9062 0.030338
9099 0.074188
9110 0.035173
9130 0.021650
9132 0.061932
9138 0.019008
9163 0.060256
9270 0.030338
9318 0.058813
9528 0.115045
9579 0.037094
9608 0.063780
9632 0.039374
9646 0.068814
9672 0.053401
9729 0.038055
9770 0.028837
9824 0.072271
9872 0.032205
9904 0.050322
9957 0.040541
9998 0.043275
9999 0.067372
10000 0.040851
10058 0.017105
10059 0.049660
10077 0.037327
10139 0.085728
10248 0.051765
10291 0.057523
10309 0.112155
10325 0.058149
10326 0.020644
10378 0.019275
10509 0.019884
10639 0.031600
10667 0.045818
10810 0.106802
10892 0.034594
10898 0.082339
11000 0.066013
11175 0.068747
11210 0.023949
11229 0.039944
11233 0.071979
11256 0.021982
11356 0.060256
11376 0.013094
11411 0.047320
11503 0.049872
11521 0.030338
11566 0.039655
11600 0.029775
