153

97 0.035016
98 0.041072
157 0.052315
258 0.046988
304 0.042560
346 0.019516
418 0.031761
479 0.046736
566 0.117074
599 0.044628
600 0.037410
602 0.056223
665 0.024377
668 0.061940
917 0.022111
1198 0.062571
1252 0.078555
1269 0.036171
1744 0.054952
1757 0.072927
1831 0.029566
2084 0.076282
2131 0.039221
2244 0.054155
2259 0.016433
2344 0.100689
2375 0.066144
2507 0.014654
2550 0.061735
2602 0.235666
2618 0.044849
2627 0.029477
2690 0.037554
2708 0.039870
2720 0.040546
2762 0.036211
2851 0.045074
3203 0.195935
3275 0.023546
3313 0.058083
3482 0.037268
3550 0.053394
3818 0.027154
3841 0.018378
3926 0.075984
3976 0.384268
4005 0.042175
4196 0.028275
4215 0.057672
4520 0.084331
4573 0.020949
4663 0.034289
4943 0.022054
5009 0.053027
5067 0.044849
5068 0.093883
5157 0.069679
5242 0.047502
5376 0.048582
5620 0.053027
5689 0.032279
5692 0.029037
5693 0.048582
5696 0.068723
5714 0.054952
5734 0.108294
5753 0.025047
5764 0.151011
5838 0.175749
6071 0.047721
6112 0.019321
6133 0.066960
6178 0.287090
6291 0.031062
6308 0.028865
6568 0.111464
6792 0.060041
6864 0.033609
6871 0.058083
6874 0.019272
7061 0.018424
7062 0.013248
7126 0.088966
7150 0.037699
7188 0.053027
7339 0.210957
7385 0.029655
7411 0.068816
7444 0.084522
7498 0.013692
7537 0.336235
7540 0.206528
7550 0.062571
7641 0.024911
7655 0.035520
7709 0.183235
7760 0.025673
7788 0.040846
7847 0.035907
7859 0.081274
7920 0.040037
7937 0.057599
8007 0.032279
8083 0.027388
8150 0.042366
8334 0.106054
8449 0.107541
8455 0.050413
8470 0.044409
8485 0.171814
8489 0.057599
8580 0.069679
8605 0.056883
8677 0.104630
8693 0.180301
8761 0.028779
8826 0.013657
8939 0.046736
8959 0.043770
9052 0.032491
9059 0.020896
9065 0.070532
9110 0.048034
9333 0.054952
9381 0.043357
9619 0.067818
9767 0.010922
9811 0.070033
9905 0.061940
10058 0.046719
10309 0.038291
10378 0.052646
10487 0.068979
10555 0.105334
10579 0.061940
10581 0.106789
10587 0.074166
10619 0.020371
10639 0.043154
10810 0.072927
11044 0.098696
11055 0.056669
11099 0.117074
11146 0.125398
11210 0.032705
11233 0.098298
11256 0.030019
11290 0.059629
11306 0.022694
11332 0.027546
11376 0.035763
11377 0.047243
11600 0.027108
