62

455 0.753857
458 0.747158
623 2.039414
630 0.553693
913 2.078828
1248 2.562293
1649 0.881052
1651 1.784142
2000 0.986336
2249 1.760661
2507 0.380449
2627 0.765256
2720 1.052642
2950 1.395961
3029 1.520900
3049 1.835294
3203 0.565198
4315 0.756113
4537 1.109995
4734 0.619458
4901 0.902694
4956 1.760661
5297 5.327376
5352 2.437354
5569 1.026577
5689 2.514051
6012 3.996043
6060 0.971228
6436 1.824619
6760 3.039414
6812 2.453002
6864 0.436270
7377 1.275986
7498 0.355467
7641 0.646717
7738 1.066286
7788 1.060423
7859 0.301427
8085 1.507935
8558 1.863323
8559 1.562293
8761 0.747158
8956 1.080373
9114 1.349218
9115 1.104916
9444 0.939044
9903 2.381704
9957 1.437354
10276 0.808965
10352 0.971228
10397 0.846290
10475 0.539727
10507 3.067142
10579 1.608050
10651 1.233234
10711 1.268562
10873 3.039414
10991 1.784142
11092 3.039414
11121 1.200163
11242 1.048188
11637 1.857649
