260

36 0.074744
63 0.080142
71 0.024795
74 0.026615
97 0.025672
157 0.076707
194 0.020429
258 0.034448
264 0.053465
287 0.066092
297 0.066762
298 0.047376
304 0.031202
334 0.038612
352 0.037610
380 0.046354
404 0.015398
418 0.023285
455 0.042577
458 0.021099
465 0.050383
479 0.068527
512 0.039145
531 0.025947
585 0.044118
586 0.021099
599 0.032718
612 0.044534
666 0.045410
668 0.045410
671 0.050383
791 0.034082
831 0.023136
1032 0.049720
1167 0.041219
1251 0.040590
1296 0.027532
1333 0.022917
1572 0.038876
1578 0.085830
1592 0.031637
1653 0.041882
1725 0.033903
1756 0.054374
1798 0.033212
1800 0.057591
1872 0.018017
1925 0.077330
1947 0.031202
2053 0.043716
2064 0.034082
2071 0.027427
2084 0.167774
2086 0.039991
2091 0.034448
2131 0.057508
2165 0.022844
2176 0.045410
2224 0.064799
2259 0.012048
2507 0.010744
2524 0.029600
2544 0.077330
2550 0.045260
2552 0.029475
2602 0.057591
2627 0.021610
2638 0.029981
2758 0.057591
2777 0.120656
2856 0.055355
2962 0.041546
3037 0.049090
3095 0.016681
3149 0.031637
3203 0.063843
3243 0.028295
3311 0.058883
3361 0.060328
3473 0.043351
3559 0.045410
3605 0.038101
3659 0.063856
3809 0.051827
3818 0.019907
3850 0.021416
3869 0.079983
3890 0.085830
3908 0.041546
3917 0.034082
3976 0.528222
4215 0.028187
4310 0.028871
4444 0.047376
4557 0.068829
4577 0.068829
4639 0.066092
4677 0.015241
4680 0.046354
4729 0.033903
4734 0.017493
4869 0.089067
4903 0.043716
4920 0.058883
4930 0.052619
4943 0.016168
5053 0.030509
5067 0.032880
5075 0.051084
5095 0.139061
5157 0.051084
5161 0.077330
5242 0.174127
5243 0.167527
5361 0.054374
5376 0.071234
5521 0.036909
5529 0.018263
5692 0.021288
5702 0.047376
5714 0.080574
5719 0.033381
5734 0.031757
5737 0.052619
5749 0.027322
5754 0.049090
5763 0.049720
5792 0.027532
5795 0.033045
5833 0.028187
5851 0.071695
5855 0.051827
5880 0.023588
5885 0.019964
6060 0.027427
6112 0.028329
6133 0.049090
6178 0.052619
6281 0.034082
6433 0.021416
6457 0.042227
6541 0.044534
6568 0.081718
6570 0.028183
6584 0.201434
6605 0.041219
6772 0.085830
6777 0.054374
6799 0.038354
6860 0.035414
6864 0.024640
6871 0.042583
6874 0.014129
6909 0.021099
7061 0.027014
7111 0.014094
7118 0.034524
7126 0.108707
7144 0.063856
7341 0.168909
7369 0.035617
7385 0.021741
7387 0.035617
7388 0.043716
7498 0.020076
7530 0.028183
7537 0.176074
7540 0.113559
7550 0.045873
7641 0.018263
7709 0.038381
7738 0.030111
7785 0.049720
7855 0.041882
7856 0.035414
7859 0.085120
7861 0.039365
7864 0.033045
7920 0.058704
7948 0.038876
7981 0.026134
8007 0.047330
8083 0.020079
8150 0.031060
8245 0.029352
8326 0.035823
8377 0.035414
8404 0.014747
8419 0.032243
8462 0.034635
8468 0.068829
8485 0.346395
8494 0.036463
8520 0.051084
8580 0.051084
8605 0.020851
8693 0.066092
8761 0.042198
8767 0.019907
8826 0.050063
8931 0.015044
8939 0.102791
9047 0.023436
9052 0.023820
9062 0.030375
9130 0.021676
9137 0.040900
9328 0.025855
9378 0.039145
9516 0.061966
9558 0.132184
9562 0.055490
9623 0.028072
9698 0.049720
9767 0.016014
9770 0.028871
9783 0.073632
9811 0.051343
9855 0.046354
9957 0.040590
9969 0.061966
9977 0.092708
9998 0.043326
9999 0.067453
10000 0.040900
10010 0.029981
10058 0.017125
10082 0.035414
10096 0.041882
10141 0.044534
10195 0.023898
10309 0.056145
10378 0.019298
10433 0.029726
10486 0.139061
10487 0.016857
10488 0.052619
10560 0.047922
10581 0.117435
10596 0.067453
10606 0.042583
10644 0.052619
10675 0.172774
10677 0.116426
10701 0.022212
11003 0.040590
11055 0.041546
11084 0.047376
11146 0.061289
11155 0.044118
11229 0.039991
11256 0.154056
11274 0.171661
11306 0.016638
11365 0.053465
11376 0.013109
11397 0.027532
11503 0.024966
11570 0.040287
11600 0.019874
