174

45 2.811891
62 2.738384
63 0.945992
71 0.878046
98 1.066286
258 2.439740
299 3.039414
345 0.932204
346 0.506660
395 9.118242
455 1.507714
612 4.731048
684 1.893286
839 4.217837
1039 2.340444
1251 1.437354
1506 1.115135
1561 1.863323
1572 1.376656
1649 0.881052
1677 1.696991
1721 0.747158
1756 1.925471
1798 4.704365
1831 1.535145
2084 1.980392
2086 1.416165
2115 0.922143
2116 1.592256
2128 2.039414
2131 1.018225
2259 2.559782
2313 1.358173
2370 2.562293
2455 0.851893
2532 2.453002
2572 0.884078
2696 0.683388
2801 2.401130
2832 1.925471
2846 2.039414
2950 1.395961
2956 1.534264
3149 1.120336
3163 3.670588
3211 1.717195
3219 2.194316
3384 1.349218
3394 1.507935
3414 1.109995
3420 2.039414
3481 2.136324
3510 3.920466
3535 3.017971
3626 1.935064
3681 1.158601
3683 1.070931
3719 2.562293
3869 1.416165
3975 2.364163
3976 17.458314
4091 0.693061
4211 0.912309
4215 0.499085
4451 0.878046
4520 0.729784
4610 1.315138
4738 0.572546
4972 4.388632
5007 1.760661
5083 1.349218
5135 0.593810
5154 1.808965
5178 0.832588
5242 9.865873
5482 1.893286
5529 8.407323
5696 1.784142
5753 0.650248
5757 1.960233
5792 0.974956
5833 0.499085
5838 3.041800
5870 1.592256
5920 1.233234
5926 2.096910
5949 0.918840
6035 1.925471
6559 0.998021
6585 6.078828
6605 1.459631
6631 1.386202
6635 1.233234
6874 0.500338
6878 1.275986
7047 1.213339
7131 1.448350
7143 0.922143
7146 5.505882
7212 1.717195
7385 0.769901
7410 2.085172
7411 0.893286
7498 0.355467
7526 2.039414
7537 9.976179
7540 5.361776
7566 5.124586
7589 1.261263
7655 0.922143
7694 0.776963
7705 1.893286
7707 1.066286
7709 0.679579
7737 1.358173
7768 3.039414
7823 2.194316
7859 1.507134
7915 1.043779
7918 1.548052
7925 1.520900
8083 0.711035
8245 1.039414
8382 1.039414
8383 1.426630
8417 1.835294
8455 0.436270
8462 1.226501
8485 5.575674
8499 0.796376
8605 1.476768
8761 0.747158
8826 0.177283
8931 0.532719
8939 1.213339
9062 2.151253
9081 6.078828
9104 0.893286
9142 1.520900
9175 2.562293
9255 1.405946
9280 1.158601
9381 5.628001
9579 6.575691
9614 3.568283
9618 0.960233
9646 1.219870
9767 0.283539
9770 2.044762
9777 1.784142
9889 4.170343
10000 1.448350
10007 3.617930
10015 1.066286
10096 1.483112
10318 1.592256
10352 1.942457
10475 1.619181
10487 0.596934
10530 1.164353
10613 2.136324
10619 1.057738
10711 1.268562
11043 1.998021
11121 4.200570
11153 1.437354
11155 1.562293
11206 2.136324
11228 1.141787
11378 4.078828
11411 1.677686
11423 1.633395
11505 1.426630
11600 0.351885
