41

258 0.139017
373 0.166340
452 0.203322
457 0.120991
2071 0.110682
2077 0.193390
2084 0.225687
2532 0.139773
2550 0.091324
2552 0.118950
3626 0.220521
3976 0.426334
4972 0.250066
5086 0.173323
5095 0.187063
5242 0.140540
5243 0.169016
5795 0.133355
5833 0.056876
6308 0.085400
6541 0.179718
7154 0.156885
7341 0.170411
7537 0.426334
7540 0.305516
7737 0.154778
7859 0.068702
8462 0.139773
8485 0.381244
8931 0.030354
9104 0.101799
9577 0.277762
9619 0.200646
9747 0.107806
9998 0.174846
10486 0.187063
10770 0.223389
11055 0.167660
11121 0.068386
11377 0.139773
11437 0.138273
