293

63 0.098627
70 0.053156
79 0.024035
97 0.023695
121 0.054349
122 0.025510
173 0.041501
194 0.037712
258 0.031795
304 0.086397
318 0.021492
345 0.024297
386 0.058938
401 0.041913
479 0.063250
495 0.071374
602 0.038044
612 0.041104
630 0.014432
632 0.025809
666 0.083825
760 0.052077
787 0.057193
958 0.063528
990 0.034938
1148 0.066784
1251 0.037464
1278 0.099193
1284 0.028159
1302 0.044231
1307 0.047836
1333 0.021152
1344 0.055682
1409 0.040349
1456 0.022131
1508 0.063528
1560 0.079220
1591 0.071374
1592 0.029201
1610 0.117876
1637 0.047836
1721 0.019474
1804 0.034494
1831 0.020006
1900 0.039303
1949 0.043728
2016 0.047836
2084 0.180661
2085 0.188751
2108 0.054349
2131 0.026539
2224 0.059808
2259 0.033359
2263 0.073290
2268 0.019826
2340 0.053079
2348 0.024934
2375 0.044757
2475 0.045890
2507 0.049581
2524 0.027320
2530 0.018693
2532 0.095904
2539 0.029477
2552 0.027205
2572 0.023043
2627 0.019946
2652 0.045310
2744 0.055682
2762 0.012251
2810 0.052077
3060 0.037184
3095 0.030793
3122 0.019946
3153 0.106312
3203 0.058926
3210 0.061002
3218 0.039990
3243 0.052232
3255 0.035638
3275 0.015933
3313 0.039303
3349 0.045310
3350 0.079220
3366 0.035638
3384 0.035166
3387 0.079220
3392 0.057193
3473 0.060019
3481 0.055682
3485 0.038975
3573 0.041129
3605 0.035166
3608 0.049347
3758 0.061620
3783 0.038346
3843 0.071374
3869 0.073823
3897 0.071374
3908 0.038346
3917 0.031457
3976 0.520044
4072 0.079220
4215 0.039025
4237 0.031795
4264 0.200353
4315 0.019708
4317 0.032687
4369 0.079220
4526 0.042784
4584 0.058938
4616 0.066784
4646 0.057193
4663 0.023202
4734 0.016146
4764 0.030050
4896 0.049347
4928 0.084680
4930 0.048566
5081 0.026867
5100 0.018270
5135 0.015477
5143 0.023528
5242 0.032143
5372 0.079220
5376 0.032874
5394 0.012976
5470 0.071374
5491 0.010554
5678 0.025708
5702 0.043728
5734 0.073279
5749 0.025218
5753 0.033897
5757 0.051092
5762 0.115969
5792 0.025412
5795 0.030500
5833 0.013008
5851 0.044116
6054 0.079220
6097 0.028539
6111 0.041913
6112 0.039221
6117 0.041913
6128 0.122004
6167 0.057862
6178 0.048566
6201 0.079220
6291 0.021019
6308 0.058596
6421 0.015396
6568 0.018856
6570 0.026013
6584 0.223105
6587 0.113625
6605 0.076089
6616 0.023446
6828 0.018693
6830 0.079220
6837 0.032322
6864 0.056855
6878 0.033258
6909 0.038948
6982 0.045890
7032 0.036130
7049 0.066784
7061 0.012467
7111 0.039025
7118 0.015933
7124 0.040720
7126 0.060201
7292 0.079220
7334 0.043246
7341 0.311801
7385 0.140469
7442 0.055682
7460 0.025809
7508 0.050186
7537 0.260022
7540 0.034938
7635 0.018374
7709 0.106276
7713 0.036911
7732 0.063528
7739 0.079220
7741 0.079220
7760 0.017372
7761 0.031292
7788 0.013820
7847 0.024297
7859 0.086421
7861 0.054500
7919 0.043246
7945 0.045310
7948 0.035882
7971 0.039641
8098 0.032503
8227 0.021287
8234 0.033258
8253 0.058938
8272 0.046086
8281 0.035638
8294 0.024122
8404 0.027223
8410 0.034067
8419 0.029760
8449 0.036385
8455 0.011371
8463 0.025028
8485 0.203456
8494 0.033655
8539 0.052260
8547 0.050186
8552 0.034714
8580 0.047149
8619 0.033258
8641 0.032687
8727 0.079220
8761 0.019474
8767 0.036749
8826 0.013862
8939 0.063250
8971 0.034067
9047 0.021631
9062 0.028035
9065 0.023863
9130 0.040012
9138 0.035131
9250 0.051092
9328 0.023863
9329 0.039303
9339 0.045890
9461 0.018802
9561 0.079220
9593 0.024748
9618 0.025028
9632 0.036385
9634 0.032503
9680 0.049347
9700 0.043728
9747 0.024657
9767 0.007390
9788 0.041913
9867 0.063528
9977 0.042784
9998 0.079979
9999 0.031129
10006 0.045310
10018 0.038656
10030 0.039990
10059 0.045890
10085 0.027092
10133 0.045310
10141 0.041104
10181 0.053156
10224 0.045310
10276 0.021085
10298 0.063528
10309 0.051821
10326 0.038154
10404 0.071374
10433 0.027436
10475 0.014068
10486 0.085568
10487 0.031117
10526 0.049347
10581 0.036130
10596 0.031129
10619 0.013785
10630 0.050186
10675 0.106312
10677 0.150443
10694 0.063528
10887 0.033064
10903 0.040349
10925 0.055682
10962 0.048566
11003 0.037464
11055 0.038346
11073 0.066784
11079 0.043246
11087 0.066784
11137 0.057193
11146 0.084853
11155 0.040720
11177 0.039303
11229 0.036911
11256 0.081252
11375 0.020628
11376 0.024199
11475 0.038044
11523 0.014032
