180

42 2.437354
64 1.426630
74 0.942504
99 1.090024
122 0.978716
194 0.723444
213 0.840757
258 1.219870
297 1.182082
479 1.213339
492 2.738384
599 1.158601
602 1.459631
604 1.495346
665 0.632874
673 3.039414
697 0.819306
791 1.206905
917 0.574031
1035 2.039414
1251 1.437354
1278 1.268562
1281 2.562293
1487 1.676034
1508 4.874708
1532 0.779343
1618 2.437354
1721 0.747158
1779 1.677686
1789 1.534264
1799 2.738384
1950 1.534264
2000 0.986336
2016 1.835294
2058 1.799070
2084 0.990196
2149 1.395961
2230 1.426630
2259 0.426630
2313 1.358173
2340 1.018225
2488 3.039414
2550 0.801368
2627 0.765256
2652 3.476768
2708 1.035093
2720 1.052642
2906 1.835294
3042 1.835294
3060 1.426630
3149 1.120336
3150 2.352183
3164 1.835294
3203 1.695594
3204 1.136324
3274 1.520900
3349 1.738384
3364 2.136324
3384 1.349218
3466 1.641474
3535 1.005990
3537 1.925471
3550 1.386202
3626 0.967532
3730 3.039414
3758 1.182082
3806 1.395961
3818 0.704960
3850 0.758381
3870 2.085172
3899 2.194316
3926 1.972671
3976 9.976179
3996 2.738384
4215 2.495423
4249 1.358173
4278 1.534264
4310 1.022381
4413 1.005990
4566 0.827227
4610 1.315138
4725 1.577016
4955 1.562293
4964 1.057143
4976 3.039414
5081 1.030814
5091 3.039414
5100 0.700958
5133 1.507935
5135 0.593810
5137 1.835294
5242 1.233234
5369 1.960233
5764 1.960233
5821 0.918840
5885 0.706976
5924 2.437354
5948 0.863323
6071 0.619458
6271 2.738384
6281 1.206905
6317 0.702954
6433 1.516762
6529 1.624441
6584 5.706521
6587 0.622774
6740 1.808965
6792 1.558758
6864 2.617618
7031 2.340444
7060 0.932204
7061 0.478313
7123 1.164353
7124 3.124586
7126 0.769901
7179 3.850942
7263 1.577016
7264 1.641474
7341 1.495346
7385 0.769901
7450 1.376656
7498 0.355467
7537 8.729157
7540 2.680888
7678 2.261263
7697 2.261263
7709 0.679579
7713 1.416165
7737 1.358173
7758 0.994091
7785 1.760661
7788 0.530212
7859 1.205707
7920 1.039414
7936 1.331844
7973 1.696991
7989 1.048188
8044 1.483112
8203 1.863323
8237 1.170182
8272 0.884078
8334 1.376656
8404 0.522218
8456 1.592256
8485 1.115135
8508 2.567079
8512 0.875061
8520 1.808965
8826 0.177283
8959 1.136324
9099 2.630276
9110 1.247022
9163 2.136324
9291 2.437354
9520 1.520900
9560 2.085172
9710 2.738384
9718 2.811891
9761 1.670588
9767 0.283539
10029 1.677686
10058 0.606445
10082 1.254084
10242 1.437354
10433 1.052642
10663 1.835294
10890 0.465383
10919 2.437354
11055 1.471212
11150 1.022381
11153 1.437354
11210 0.849082
11229 1.416165
11332 1.430263
11375 0.791441
11376 0.464226
11386 1.349218
11414 3.039414
11494 3.039414
11620 1.085172
