191

36 0.049321
74 0.035125
83 0.057693
85 0.096826
90 0.087223
99 0.040623
194 0.026961
258 0.045462
297 0.044054
298 0.062524
308 0.034121
380 0.061174
452 0.066491
455 0.028095
467 0.045709
531 0.034243
630 0.020635
668 0.059928
791 0.044979
1157 0.049012
1258 0.046215
1296 0.109003
1343 0.061174
1835 0.048121
1900 0.056197
1947 0.041178
1949 0.062524
1994 0.040623
2000 0.073517
2025 0.053167
2062 0.049635
2077 0.063243
2084 0.221415
2085 0.053977
2086 0.105555
2091 0.045462
2131 0.075894
2138 0.090835
2143 0.090835
2154 0.025256
2165 0.030148
2224 0.128274
2259 0.063598
2340 0.037947
2484 0.069442
2524 0.039064
2532 0.045709
2548 0.038258
2550 0.059730
2552 0.116698
2572 0.032948
2638 0.039567
2856 0.073054
2875 0.114357
2954 0.034868
2962 0.054829
3153 0.076004
3203 0.021064
3205 0.052777
3218 0.057179
3243 0.037342
3258 0.090835
3366 0.050957
3473 0.057211
3531 0.029404
3558 0.044979
3691 0.027681
3772 0.050282
3976 0.604159
4215 0.018600
4331 0.063996
4520 0.027197
4582 0.055728
4613 0.033641
4680 0.061174
4729 0.044742
4851 0.076004
4869 0.058772
4879 0.063996
4920 0.077710
4930 0.138884
4943 0.021338
5007 0.065616
5053 0.040263
5064 0.044054
5075 0.067416
5242 0.137880
5243 0.055272
5521 0.048710
5529 0.048203
5532 0.033061
5692 0.028095
5702 0.125047
5714 0.159502
5743 0.027928
5749 0.036058
5754 0.064786
5763 0.065616
5795 0.087220
5817 0.103321
5833 0.018600
5851 0.031539
5855 0.068397
5880 0.031130
5948 0.032174
5962 0.050282
5967 0.067416
6070 0.027681
6128 0.087223
6167 0.041367
6308 0.027928
6433 0.028263
6541 0.058772
6568 0.026961
6570 0.074388
6584 0.106335
6605 0.217589
6777 0.071758
6860 0.046737
7049 0.095491
7060 0.034741
7061 0.053477
7126 0.114770
7212 0.063996
7341 0.167185
7460 0.036902
7467 0.095491
7501 0.039230
7534 0.059928
7537 0.185895
7540 0.049955
7578 0.095491
7641 0.024102
7709 0.050653
7785 0.065616
7859 0.112335
7920 0.038737
8046 0.045462
8140 0.073054
8326 0.047277
8377 0.046737
8455 0.016259
8468 0.090835
8485 0.166234
8761 0.027845
8826 0.013214
8931 0.029780
8939 0.090437
9104 0.033291
9138 0.025116
9284 0.058772
9355 0.065616
9558 0.087223
9562 0.036616
9698 0.065616
9783 0.064783
9811 0.033879
9944 0.044054
9957 0.053567
9963 0.064786
9977 0.061174
9998 0.114357
9999 0.089019
10000 0.053977
10058 0.022601
10096 0.055272
10125 0.053977
10463 0.102054
10486 0.122348
10487 0.022246
10509 0.026272
10560 0.063243
10596 0.044510
10677 0.092190
10700 0.068397
10863 0.138884
11003 0.053567
11055 0.054829
11073 0.095491
11084 0.062524
11146 0.040442
11177 0.056197
11203 0.061174
11229 0.052777
11256 0.058089
11306 0.021957
11340 0.036759
11365 0.070559
11376 0.034601
11458 0.031854
11600 0.039342
