220

36 0.042780
48 0.098250
63 0.030580
74 0.030467
83 0.050041
85 0.083985
90 0.075656
99 0.035235
194 0.023386
258 0.039433
297 0.038211
298 0.054232
308 0.029596
319 0.069058
380 0.053061
452 0.057673
455 0.024369
467 0.039647
531 0.029702
630 0.017898
668 0.051981
760 0.064587
791 0.039014
895 0.027357
1157 0.042512
1258 0.040086
1296 0.094548
1343 0.053061
1483 0.056914
1637 0.059327
1652 0.050041
1835 0.041739
1900 0.048745
1947 0.035717
1994 0.035235
2000 0.063767
2025 0.046116
2062 0.043052
2077 0.054856
2084 0.224059
2085 0.046818
2086 0.091556
2091 0.039433
2131 0.098744
2138 0.078788
2143 0.078788
2154 0.021906
2165 0.026150
2224 0.111263
2259 0.055164
2267 0.040311
2340 0.032915
2348 0.030923
2484 0.060233
2524 0.033883
2532 0.118941
2548 0.033185
2550 0.051809
2552 0.101222
2572 0.028578
2638 0.034320
2652 0.056194
2758 0.065925
2762 0.030388
2856 0.063365
2875 0.099191
2954 0.030244
2962 0.047558
3095 0.019095
3153 0.065925
3203 0.018270
3205 0.045778
3218 0.049596
3255 0.044199
3258 0.078788
3366 0.044199
3473 0.049624
3531 0.025505
3558 0.039014
3559 0.051981
3691 0.024010
3735 0.047942
3744 0.082827
3772 0.043614
3976 0.685279
4215 0.016133
4310 0.033049
4331 0.055509
4499 0.098250
4520 0.023591
4582 0.048338
4613 0.029180
4680 0.053061
4729 0.038809
4734 0.020024
4776 0.065925
4851 0.065925
4869 0.050978
4879 0.055509
4920 0.067404
4930 0.180698
4943 0.018508
5007 0.056914
5053 0.034923
5075 0.058476
5242 0.119594
5243 0.047942
5521 0.042250
5529 0.041811
5532 0.028677
5689 0.027089
5702 0.108464
5714 0.230582
5734 0.018176
5743 0.024224
5749 0.031276
5754 0.056194
5763 0.056914
5774 0.067404
5795 0.075653
5817 0.089619
5851 0.027357
5855 0.059327
5880 0.027001
5948 0.027907
5962 0.043614
5967 0.116951
6128 0.075656
6167 0.035881
6205 0.047183
6308 0.024224
6433 0.024515
6541 0.050978
6559 0.032261
6568 0.023386
6570 0.064523
6584 0.092233
6605 0.235916
6777 0.062242
6860 0.040539
6909 0.024152
7049 0.082827
7060 0.030134
7061 0.046385
7126 0.074662
7182 0.043052
7212 0.055509
7341 0.193351
7460 0.032008
7467 0.082827
7501 0.034027
7523 0.055509
7534 0.051981
7537 0.201553
7540 0.086661
7578 0.082827
7641 0.020905
7709 0.065903
7785 0.056914
7859 0.097437
7861 0.022531
7920 0.033599
8214 0.078788
8326 0.041007
8343 0.031884
8449 0.045125
8455 0.014103
8468 0.078788
8485 0.144189
8512 0.028287
8761 0.024152
8826 0.011461
8931 0.025831
8939 0.078443
9104 0.028876
9137 0.046818
9138 0.021785
9284 0.050978
9558 0.075656
9562 0.031760
9568 0.034468
9698 0.056914
9783 0.056191
9811 0.029386
9944 0.038211
9957 0.046463
9963 0.056194
9977 0.053061
9998 0.099191
9999 0.115820
10058 0.019604
10096 0.047942
10125 0.046818
10463 0.088519
10486 0.106123
10487 0.019296
10509 0.022788
10530 0.037638
10560 0.054856
10596 0.038607
10677 0.026655
10700 0.059327
10863 0.120465
10869 0.098250
11003 0.046463
11055 0.047558
11073 0.082827
11084 0.054232
11146 0.035079
11177 0.048745
11203 0.053061
11229 0.045778
11256 0.100770
11295 0.039222
11306 0.019045
11340 0.031884
11365 0.061201
11376 0.030013
11458 0.027629
11600 0.034124
