194

23 0.025495
63 0.023687
108 0.029300
122 0.024506
194 0.018114
334 0.171182
476 0.044673
483 0.062802
586 0.018708
599 0.029010
687 0.122059
733 0.044673
757 0.043528
799 0.208844
810 0.156633
845 0.076104
895 0.021190
897 0.021545
917 0.028747
1002 0.032727
1044 0.032331
1132 0.015847
1157 0.032930
1409 0.038762
1422 0.058603
1462 0.042997
1499 0.026357
1513 0.076104
1532 0.019514
1583 0.054944
1622 0.076104
1721 0.018708
1831 0.019219
1859 0.030370
1929 0.614293
1940 0.014486
1994 0.027293
2024 0.025600
2046 0.076486
2058 0.022524
2076 0.036265
2105 0.061029
2115 0.023090
2137 0.130583
2154 0.033937
2165 0.020256
2259 0.032047
2507 0.009526
2576 0.042803
2725 0.046656
2805 0.035990
3122 0.038323
3179 0.019336
3185 0.203373
3186 0.155048
3187 0.053492
3236 0.048824
3259 0.052211
3275 0.015306
3285 0.039487
3521 0.031401
3550 0.034709
3578 0.045954
3592 0.042491
3766 0.038082
3955 0.051065
3984 0.033137
4005 0.027416
4091 0.017354
4196 0.018380
4359 0.026815
4451 0.021986
4513 0.056620
4520 0.018273
4708 0.051768
4721 0.056620
4886 0.076104
4901 0.022603
4969 0.028589
5064 0.029598
5083 0.033783
5100 0.017551
5112 0.024043
5121 0.058603
5176 0.179951
5177 0.207188
5280 0.051065
5289 0.049083
5394 0.012465
5467 0.056620
5491 0.020279
5734 0.014079
5753 0.016282
5885 0.035404
6227 0.029010
6291 0.100960
6346 0.069907
6380 0.070799
6421 0.014791
6433 0.018989
6456 0.040384
6505 0.033137
6547 0.042008
6616 0.045047
6670 0.226480
6813 0.019695
6828 0.053874
6837 0.062101
6968 0.031764
6980 0.029905
6989 0.068567
6990 0.068567
7061 0.011977
7062 0.008612
7325 0.172352
7388 0.038762
7394 0.035722
7404 0.028184
7460 0.173556
7497 0.023600
7515 0.070407
7528 0.030545
7635 0.017652
7707 0.026699
7758 0.024891
7760 0.016689
7816 0.061029
7859 0.022642
7887 0.048637
7904 0.031950
7920 0.052052
7966 0.040264
7978 0.027540
7989 0.026246
7995 0.045954
8083 0.017804
8264 0.045295
8352 0.042803
8404 0.039228
8455 0.010924
8498 0.067127
8509 0.061029
8512 0.021911
8539 0.066939
8613 0.037757
8826 0.066585
8931 0.006669
9052 0.021121
9059 0.027167
9062 0.026933
9138 0.016875
9143 0.053492
9568 0.026699
9649 0.061029
9669 0.019395
9688 0.032930
9718 0.035204
9725 0.030381
9747 0.023687
9767 0.056797
9865 0.139584
9933 0.134664
10009 0.044673
10056 0.076104
10058 0.060739
10163 0.178694
10271 0.122059
10276 0.020256
10352 0.048637
10378 0.017111
10487 0.029893
10541 0.034709
10646 0.030381
10677 0.020647
10890 0.093222
10955 0.056620
11025 0.034127
11121 0.030051
11194 0.279317
11258 0.034709
11306 0.088513
11320 0.025089
11328 0.028868
11346 0.068567
11375 0.059451
11376 0.011624
11451 0.022137
11458 0.021402
11523 0.013480
11532 0.016326
11536 0.033137
11564 0.040264
11600 0.017622
11605 0.016506
