294

74 0.942504
79 0.922143
97 0.909080
98 1.066286
109 2.466468
122 0.978716
186 0.971228
194 0.723444
258 1.219870
264 1.893286
277 3.039414
304 1.104916
318 0.824570
418 0.824570
424 1.358173
456 4.388632
462 2.039414
467 1.226501
479 2.426679
531 0.918840
536 0.905875
666 1.608050
760 1.998021
770 2.562293
878 2.261263
895 0.846290
1002 1.307020
1064 1.426630
1093 1.405946
1214 3.039414
1262 2.039414
1365 2.437354
1409 1.548052
1414 3.039414
1532 0.779343
1548 1.367316
1592 1.120336
1610 2.261263
1613 1.323411
1637 1.835294
1643 1.043779
1652 3.096105
1653 1.483112
1666 0.753857
1721 0.747158
1756 1.925471
1757 1.893286
1828 1.696991
1831 0.767573
1859 0.606445
1872 0.638014
1900 4.523806
1950 1.534264
2050 2.738384
2084 5.941177
2085 1.448350
2146 1.641474
2154 0.677686
2186 1.608050
2224 3.441959
2259 1.279891
2321 2.437354
2363 1.022381
2387 4.522526
2421 0.986336
2507 0.380449
2537 1.893286
2539 2.261858
2548 1.026577
2572 0.884078
2583 3.996043
2626 1.182082
2758 2.039414
2762 0.940080
2768 1.010030
2769 2.230270
2826 2.261263
2875 1.534264
2950 1.395961
2966 5.505882
3010 1.577016
3095 1.181416
3122 0.765256
3150 3.528274
3203 4.521583
3204 1.136324
3241 1.738384
3275 0.611279
3279 3.039414
3282 1.376656
3320 2.194316
3386 1.240074
3495 1.170182
3513 1.717195
3531 2.366982
3546 0.978716
3605 1.349218
3608 1.893286
3657 2.136324
3674 1.835294
3700 3.850618
3735 1.483112
3818 0.704960
3841 0.477121
3850 1.516762
3869 1.416165
3885 1.283539
3897 2.738384
3908 1.471212
3917 1.206905
3926 0.986336
3976 14.964269
3982 1.893286
4195 1.170182
4215 3.992677
4221 2.261263
4225 3.039414
4308 5.476768
4437 2.942425
4566 0.827227
4610 2.630276
4645 1.061691
4663 2.670585
4720 2.562293
4866 0.945992
4928 6.497763
4943 0.572546
5009 1.376656
5010 2.136324
5042 1.562293
5058 1.893286
5064 1.182082
5081 3.092442
5095 1.641474
5100 0.700958
5133 1.507935
5135 1.187620
5242 1.233234
5247 2.194316
5368 1.659203
5394 0.497835
5395 2.070185
5506 2.136324
5712 0.967532
5732 2.359683
5734 1.124586
5753 1.300496
5762 4.449335
5838 1.520900
5851 0.846290
5880 0.835294
5885 0.706976
5895 2.738384
5948 0.863323
6112 0.501595
6317 0.702954
6421 0.590708
6456 1.612836
6543 2.194316
6584 8.559782
6587 3.736642
6605 1.459631
6616 1.799070
6828 1.434390
6864 1.745079
6978 2.039414
7018 1.925471
7061 1.913251
7062 1.375730
7111 2.495423
7118 0.611279
7126 2.309704
7143 1.844286
7150 0.978716
7248 5.124586
7263 1.577016
7297 1.534264
7320 4.977609
7341 25.420883
7357 2.562293
7370 2.085172
7378 2.261263
7385 3.849506
7498 0.710934
7501 3.157927
7508 3.850942
7523 1.717195
7537 8.729157
7540 5.361776
7641 0.646717
7695 3.039414
7709 0.679579
7713 1.416165
7738 1.066286
7758 0.994091
7788 1.590635
7818 1.760661
7859 1.808561
7861 2.787966
7864 1.170182
7887 0.971228
7904 2.551972
7917 2.340444
7926 3.786572
7946 1.026577
8007 0.838017
8046 1.219870
8192 1.925471
8203 1.863323
8253 4.522526
8272 0.884078
8287 1.760661
8315 1.608050
8374 3.039414
8377 1.254084
8404 1.566655
8440 1.386202
8457 1.194316
8485 2.230270
8539 0.668346
8543 2.437354
8555 1.784142
8613 1.507935
8619 2.551972
8668 2.437354
8761 0.747158
8767 1.409921
8826 0.709131
8931 0.799078
8939 1.213339
8959 1.136324
8989 1.471212
9059 0.542484
9097 0.939044
9104 0.893286
9132 0.731918
9162 1.808965
9235 2.340444
9452 1.459631
9461 2.885403
9619 1.760661
9620 3.039414
9642 2.567079
9739 2.437354
9761 0.835294
9783 0.869152
9863 1.219870
9865 0.796376
9873 1.376656
9903 0.793901
9919 1.109995
9933 1.075626
9937 1.863323
9944 1.182082
9977 1.641474
9998 1.534264
9999 2.388632
10000 1.448350
10067 1.018225
10077 1.323411
10141 1.577016
10181 2.039414
10235 4.217837
10326 0.731918
10396 1.014108
10423 0.698970
10475 0.539727
10486 1.641474
10487 0.596934
10488 1.863323
10502 1.835294
10509 0.704960
10526 1.893286
10534 1.471212
10579 1.608050
10581 1.386202
10700 1.835294
10770 1.960233
10863 1.863323
10880 1.659203
10972 2.738384
11055 1.471212
11079 1.659203
11085 2.437354
11139 1.426630
11146 1.085172
11153 1.437354
11162 2.508169
11229 1.416165
11256 1.558685
11275 2.437354
11375 3.165763
11376 1.392679
11600 0.351885
