161

24 2.562293
63 0.945992
127 1.437354
148 1.120336
194 0.723444
401 1.608050
457 1.061691
458 0.747158
531 0.918840
552 1.001988
771 1.182082
857 1.158601
875 1.141787
895 1.692579
913 4.157656
967 3.039414
1074 1.120336
1333 4.057637
1444 1.459631
1466 0.909080
1487 0.838017
1499 1.052642
1605 1.786572
1652 1.548052
1687 4.272648
1807 0.928824
1852 2.437354
1872 0.638014
1991 1.066286
2165 0.808965
2170 1.893286
2259 0.426630
2363 4.089523
2507 0.380449
2575 0.956629
2618 1.164353
2626 1.182082
2633 5.474657
2646 1.925471
2762 0.470040
3014 0.990196
3025 2.738384
3064 2.738384
3203 1.130396
3204 2.272648
3414 1.109995
3432 1.471212
3524 2.039414
3546 0.978716
3621 2.698605
3681 1.158601
3991 2.340444
4063 1.094931
4071 1.018225
4297 1.784142
4538 1.120336
4552 1.548052
4734 0.619458
4866 0.945992
4964 1.057143
5053 1.080373
5324 0.971228
5345 1.471212
5569 7.186038
5734 0.562293
5792 0.974956
5867 1.808965
5945 1.141787
6144 3.805686
6205 2.919261
6436 7.298475
6466 1.075626
6596 1.760661
6688 2.085172
6792 0.519586
6814 1.219870
6823 1.562293
6846 4.078828
6879 3.039414
7060 0.932204
7123 1.164353
7126 3.079605
7215 1.717195
7217 0.796376
7377 3.827958
7411 0.893286
7498 1.421868
7694 0.776963
7704 3.565391
7706 1.893286
7738 1.066286
7782 1.641474
7788 1.060423
7801 1.592256
7859 0.602854
7981 1.850942
8128 1.182082
8157 0.939044
8227 0.816698
8398 2.136324
8455 0.872539
8477 2.261263
8482 1.043779
8487 1.548052
8512 0.875061
8522 1.577016
8545 1.507935
8559 1.562293
8613 1.507935
8662 1.188156
8767 0.704960
8826 0.177283
8931 0.266359
9065 0.915562
9110 1.247022
9116 1.182082
9138 0.673926
9262 1.738384
9357 1.376656
9361 2.261263
9438 1.562293
9443 2.562293
9444 3.756174
9469 1.641474
9543 1.863323
9564 2.562293
9634 1.247022
9669 0.774596
9729 1.349218
9767 0.850618
9774 3.826515
9783 0.869152
9865 0.796376
9873 1.376656
9903 3.969507
10077 1.323411
10251 2.364163
10276 1.617930
10278 3.039414
10397 2.538869
10475 0.539727
10509 4.934723
10548 0.994091
10619 0.528869
10661 1.507935
10701 1.573122
11242 3.144564
11256 0.779343
11258 1.386202
11278 1.893286
11295 1.213339
11306 0.589165
11437 1.213339
11458 0.854723
11482 1.835294
11503 1.768156
11532 1.956073
11600 0.351885
11636 1.164353
11637 0.928824
11675 3.039414
