127

111 0.811527
206 3.726646
217 0.808965
268 3.741067
346 2.026639
485 4.752623
508 1.549193
553 0.784142
630 1.107385
917 0.574031
1053 1.001988
1064 1.426630
1132 1.265748
1259 1.659203
1275 5.164904
1387 1.085172
1487 0.838017
1499 3.157927
1532 0.779343
1767 1.808965
1798 2.352183
1940 0.578516
2005 1.158601
2025 1.426630
2058 0.899535
2071 0.971228
2194 2.039414
2444 1.577016
2651 0.784142
2667 1.376656
2731 1.960233
2762 0.470040
2763 0.756113
2806 1.035093
3121 0.784142
3236 0.974956
3492 4.158367
3841 0.954243
3850 0.758381
3951 0.704960
4359 1.070931
4451 0.878046
4529 1.307020
4538 1.120336
4615 1.483112
4722 2.189863
4738 0.572546
4969 1.141787
5012 0.827227
5025 5.044542
5096 1.696991
5178 0.832588
5232 2.085172
5479 2.136324
5491 1.214811
5689 0.838017
5756 1.471212
5797 1.066286
6227 1.158601
6274 1.200565
6317 0.702954
6421 0.590708
6456 0.806418
6529 1.624441
6616 0.899535
6813 0.786561
6839 1.307020
6878 1.275986
6909 0.747158
7047 2.426679
7061 0.478313
7079 3.039414
7111 0.499085
7217 0.796376
7350 1.659203
7530 0.998021
7532 1.261263
7704 1.426157
7709 0.679579
7745 0.806418
7813 2.261263
7876 1.548052
7889 2.136324
8089 1.893286
8104 2.772403
8352 0.854723
8382 1.039414
8412 1.608050
8455 0.436270
8482 1.043779
8483 2.039414
8605 0.738384
8638 8.777264
8675 7.686879
8826 0.354565
8829 0.648479
8920 9.810217
8930 1.048188
8931 0.532719
9047 0.829899
9435 3.216101
9461 1.442702
9625 1.299051
9632 1.395961
9669 0.774596
9719 1.717195
9761 0.835294
9903 0.793901
10082 1.254084
10185 0.932204
10423 0.698970
10487 0.596934
10517 1.426630
10547 1.717195
10658 1.240074
10824 3.039414
10877 1.863323
11025 0.681479
11375 3.165763
11376 0.464226
11377 1.226501
11443 0.945992
11501 1.254084
11523 1.076710
11526 1.780390
11600 0.351885
11605 0.659203
