230

5 1.471212
63 1.891985
122 0.978716
148 1.120336
213 0.840757
258 1.219870
297 2.364163
373 2.919261
404 0.545260
418 0.824570
455 0.753857
458 0.747158
467 1.226501
479 1.213339
503 2.194316
665 0.632874
668 1.608050
689 1.268562
734 1.448350
839 2.811891
897 0.860437
965 0.963867
990 1.340444
1015 2.437354
1032 1.760661
1251 1.437354
1255 1.760661
1285 1.349218
1334 2.261263
1409 1.548052
1484 1.641474
1507 1.358173
1610 2.261263
1636 2.230270
1721 0.747158
1785 1.760661
1804 1.323411
2000 0.986336
2084 1.980392
2086 2.832330
2108 2.085172
2224 2.294639
2259 1.706521
2318 1.835294
2319 2.832330
2344 1.307020
2387 11.306314
2500 2.261263
2539 1.130929
2552 1.043779
2565 2.832330
2609 1.483112
2626 3.546245
2627 1.530513
2758 2.039414
2801 2.401130
2856 1.960233
2875 3.068528
2911 2.261263
2926 1.520900
2954 0.935610
2983 1.367316
3017 1.835294
3040 1.677686
3149 1.120336
3203 2.260791
3353 1.998021
3550 1.386202
3758 2.364163
3904 1.507935
3917 1.206905
3926 0.986336
3951 0.704960
3976 11.223202
4005 1.094931
4091 0.693061
4196 0.734063
4215 1.497254
4268 1.808965
4286 1.760661
4297 1.784142
4532 1.863323
4573 1.631609
4610 1.315138
4646 2.194316
4677 0.539727
4693 3.850942
4708 0.689166
4734 0.619458
4856 2.738384
4869 1.577016
4880 2.738384
4963 1.893286
4964 1.057143
5009 2.753313
5064 1.182082
5067 1.164353
5094 2.562293
5095 1.641474
5100 1.401915
5112 0.960233
5135 0.593810
5143 0.902694
5154 1.808965
5242 2.466468
5243 1.483112
5247 2.194316
5310 2.738384
5376 1.261263
5532 1.774252
5620 1.376656
5689 0.838017
5697 2.437354
5702 1.677686
5714 2.853261
5734 1.124586
5743 0.749380
5753 1.300496
5770 1.998021
5795 1.170182
5880 0.835294
5885 0.706976
5948 0.863323
5967 1.808965
5968 2.136324
5983 4.272648
6103 4.170343
6112 0.501595
6133 1.738384
6456 1.612836
6568 0.723444
6570 0.998021
6584 4.279891
6605 1.459631
6777 1.925471
6837 1.240074
6860 1.254084
6864 2.181349
6909 0.747158
7018 1.925471
7060 0.932204
7061 0.956625
7118 0.611279
7126 1.539802
7127 2.340444
7129 2.437354
7183 2.085172
7217 0.796376
7341 13.458115
7385 1.539802
7411 1.786572
7469 2.039414
7498 0.355467
7508 9.627354
7515 1.405946
7530 0.998021
7537 7.482135
7540 2.680888
7561 2.738384
7641 0.646717
7679 1.925471
7709 3.397893
7713 1.416165
7758 0.994091
7760 0.666502
7788 1.060423
7859 0.904280
7861 0.696991
7887 1.942457
7908 1.960233
7928 1.863323
7948 1.376656
8128 1.182082
8214 2.437354
8292 1.120336
8343 0.986336
8449 1.395961
8485 2.230270
8499 0.796376
8508 1.283539
8654 2.738384
8706 2.039414
8761 0.747158
8808 1.696991
8826 1.240979
8848 2.562293
8930 1.048188
8931 0.799078
8939 4.853357
9059 0.542484
9099 1.315138
9104 0.893286
9110 1.247022
9137 1.448350
9381 1.125600
9461 0.721351
9562 1.965019
9646 1.219870
9783 0.869152
9811 0.909080
9908 1.562293
9977 1.641474
10141 1.577016
10223 2.085172
10225 2.738384
10235 1.405946
10238 2.437354
10249 0.963867
10281 2.738384
10309 0.994091
10509 0.704960
10530 1.164353
10560 1.696991
10581 1.386202
10677 0.824570
10701 0.786561
10840 2.562293
10863 1.863323
11055 1.471212
11087 2.562293
11137 2.194316
11155 1.562293
11175 2.437354
11229 1.416165
11375 1.582882
11376 0.464226
11503 0.884078
11523 1.076710
11547 1.039414
11600 1.055655
