230

5 0.052746
63 0.067831
122 0.035089
148 0.040166
213 0.030143
258 0.043734
297 0.084759
373 0.104661
404 0.019549
418 0.029562
455 0.027027
458 0.026787
467 0.043972
479 0.043500
503 0.078670
665 0.022690
668 0.057651
689 0.045480
734 0.051926
839 0.100811
897 0.030848
965 0.034556
990 0.048057
1015 0.087383
1032 0.063123
1251 0.051532
1255 0.063123
1285 0.048372
1334 0.081070
1409 0.055500
1484 0.058850
1507 0.048693
1610 0.081070
1636 0.079959
1721 0.026787
1785 0.063123
1804 0.047447
2000 0.035362
2084 0.071000
2086 0.101544
2108 0.074757
2224 0.082267
2259 0.061182
2318 0.065798
2319 0.101544
2344 0.046859
2387 0.405351
2500 0.081070
2539 0.040546
2552 0.037421
2565 0.101544
2609 0.053172
2626 0.127139
2627 0.054872
2758 0.073117
2801 0.086085
2856 0.070278
2875 0.110012
2911 0.081070
2926 0.054527
2954 0.033543
2983 0.049021
3017 0.065798
3040 0.060148
3149 0.040166
3203 0.081053
3353 0.071633
3550 0.049698
3758 0.084759
3904 0.054062
3917 0.043270
3926 0.035362
3951 0.025274
3976 0.402371
4005 0.039255
4091 0.024847
4196 0.026317
4215 0.053679
4268 0.064855
4286 0.063123
4297 0.063965
4532 0.066803
4573 0.058496
4610 0.047150
4646 0.078670
4677 0.019350
4693 0.138063
4708 0.024708
4734 0.022209
4856 0.098176
4869 0.056539
4880 0.098176
4963 0.067878
4964 0.037900
5009 0.098711
5064 0.042380
5067 0.041744
5094 0.091863
5095 0.058850
5100 0.050261
5112 0.034426
5135 0.021289
5143 0.032363
5154 0.064855
5242 0.088427
5243 0.053172
5247 0.078670
5310 0.098176
5376 0.045218
5532 0.063610
5620 0.049356
5689 0.030044
5697 0.087383
5702 0.060148
5714 0.102294
5734 0.040318
5743 0.026867
5753 0.046625
5770 0.071633
5795 0.041953
5880 0.029947
5885 0.025346
5948 0.030952
5967 0.064855
5968 0.076591
5983 0.153182
6103 0.149514
6112 0.017983
6133 0.062324
6456 0.057823
6568 0.025937
6570 0.035781
6584 0.153442
6605 0.052330
6777 0.069031
6837 0.044459
6860 0.044961
6864 0.078205
6909 0.026787
7018 0.069031
7060 0.033421
7061 0.034297
7118 0.021915
7126 0.055205
7127 0.083909
7129 0.087383
7183 0.074757
7217 0.028551
7341 0.482497
7385 0.055205
7411 0.064052
7469 0.073117
7498 0.012744
7508 0.345157
7515 0.050406
7530 0.035781
7537 0.268248
7540 0.096114
7561 0.098176
7641 0.023186
7679 0.069031
7709 0.121820
7713 0.050772
7758 0.035640
7760 0.023895
7788 0.038018
7859 0.032420
7861 0.024988
7887 0.069640
7908 0.070278
7928 0.066803
7948 0.049356
8128 0.042380
8214 0.087383
8292 0.040166
8343 0.035362
8449 0.050048
8485 0.079959
8499 0.028551
8508 0.046017
8654 0.098176
8706 0.073117
8761 0.026787
8808 0.060840
8826 0.044491
8848 0.091863
8930 0.037579
8931 0.028648
8939 0.174001
9059 0.019449
9099 0.047150
9104 0.032026
9110 0.044708
9137 0.051926
9381 0.040355
9461 0.025862
9562 0.070449
9646 0.043734
9783 0.031161
9811 0.032592
9908 0.056011
9977 0.058850
10141 0.056539
10223 0.074757
10225 0.098176
10235 0.050406
10238 0.087383
10249 0.034556
10281 0.098176
10309 0.035640
10509 0.025274
10530 0.041744
10560 0.060840
10581 0.049698
10677 0.029562
10701 0.028200
10840 0.091863
10863 0.066803
11055 0.052746
11087 0.091863
11137 0.078670
11155 0.056011
11175 0.087383
11229 0.050772
11375 0.056749
11376 0.016643
11503 0.031696
11523 0.038602
11547 0.037265
11600 0.037847
