103

111 1.623055
166 1.376656
175 2.453002
188 1.120336
308 1.831125
313 1.448350
318 0.824570
398 1.376656
423 1.240074
458 1.494316
485 1.188156
486 1.395961
630 1.107385
633 1.206905
665 0.632874
872 1.677686
897 0.860437
917 0.574031
1007 1.099895
1106 0.971228
1132 3.164370
1135 3.850618
1296 0.974956
1506 1.115135
1532 0.779343
1542 0.814105
1872 0.638014
1940 2.314065
1986 1.125600
2031 2.437354
2058 0.899535
2091 2.439740
2264 1.437354
2482 2.340444
2507 0.380449
2554 1.358173
2711 1.562293
2762 0.470040
3122 0.765256
3124 2.136324
3236 1.949912
3286 1.395961
3374 1.170182
3464 1.426630
3492 1.386122
3514 1.808965
3524 2.039414
3807 1.386202
3818 0.704960
4267 1.577016
5025 0.840757
5104 1.835294
5135 3.562859
5457 2.896699
5491 0.809874
5624 2.199790
5712 0.967532
5857 2.240672
6060 0.971228
6217 1.206905
6421 0.590708
6434 1.863323
6587 1.245547
6725 1.275986
6759 2.261263
7008 0.878046
7062 0.687865
7143 0.922143
7165 1.115135
7411 0.893286
7490 1.405946
7498 0.355467
7641 0.646717
7745 0.806418
7855 1.483112
7862 0.960233
8083 1.422069
8338 0.953054
8455 0.436270
8477 2.261263
8684 1.268562
8826 0.709131
8829 0.648479
8835 2.437354
8920 2.180048
8931 0.532719
9097 0.939044
9242 0.753857
9390 1.998021
9461 0.721351
9592 3.212794
9667 1.158601
9767 0.567079
10017 2.786473
10092 1.774252
10222 2.942425
10399 2.437354
10423 0.698970
10890 0.930766
11025 0.681479
11139 1.426630
11306 0.589165
11606 3.728817
