132

36 1.323411
64 1.426630
79 1.844286
179 1.268562
297 1.182082
308 0.915562
318 0.824570
346 0.506660
465 1.784142
479 1.213339
552 3.005963
606 5.880699
637 1.275986
665 1.265748
813 5.476768
1141 1.323411
1231 1.022381
1258 1.240074
1269 0.939044
1390 1.307020
1419 2.340444
1465 1.386202
1542 0.814105
1614 2.085172
1822 4.449335
1952 1.507935
1991 1.066286
2005 1.158601
2052 1.367316
2136 5.124586
2268 0.760661
2272 2.194316
2421 0.986336
2475 1.760661
2496 2.437354
2576 3.418891
2762 0.470040
2950 2.791923
3165 1.534264
3179 0.772242
3236 0.974956
3285 1.577016
3351 1.094931
3377 3.015870
3535 1.005990
3546 0.978716
3567 0.711035
3613 1.005990
3850 0.758381
3889 2.039414
4211 0.912309
4215 0.998169
4520 0.729784
4534 1.182082
4537 1.109995
4670 1.624441
4849 1.395961
4896 1.893286
4970 1.367316
5100 0.700958
5363 2.480147
5468 1.194316
5489 6.078828
5529 0.646717
5613 1.960233
5751 1.893286
6165 1.808965
6167 1.109995
6291 0.806418
6589 3.039414
6596 1.760661
6616 1.799070
6627 3.425361
6638 1.998021
6806 0.677686
6922 2.340444
7032 1.386202
7043 1.760661
7061 1.434938
7062 0.687865
7111 0.499085
7445 1.925471
7493 1.608050
7641 1.940151
7735 13.565576
7788 0.530212
7899 0.887126
8030 1.696991
8083 0.711035
8266 2.136324
8271 0.925471
8343 0.986336
8377 1.254084
8382 1.039414
8387 1.709445
8414 1.925471
8419 1.141787
8476 3.434390
8529 1.066286
8539 1.336693
8784 0.932204
8785 1.698165
8826 0.709131
8931 0.799078
9051 1.125600
9062 2.151253
9270 1.075626
9461 0.721351
9537 1.760661
9623 0.994091
9643 1.170182
9767 0.567079
9770 1.022381
9951 1.459631
10058 0.606445
10092 0.887126
10258 1.416165
10329 1.641474
10331 1.760661
10353 2.738384
10405 1.835294
10415 1.659203
10423 1.397940
10521 1.233234
10621 2.251201
10698 1.808965
10701 0.786561
10892 1.226501
11015 1.075626
11152 0.893286
11251 3.039414
11375 0.791441
