140

26 0.097762
65 0.070029
404 0.024888
447 0.055087
508 0.035355
552 0.045734
776 0.277459
808 0.135389
831 0.037396
863 0.100156
917 0.026201
1106 0.044330
1274 0.067151
1559 0.089472
1721 0.034103
1822 0.067694
1939 0.064172
1954 0.100156
1956 0.396730
1974 0.079346
1991 0.048669
2010 0.066623
2064 0.055087
2110 0.081435
2115 0.042090
2259 0.019473
2304 0.101328
2342 0.066108
2455 0.077767
2536 0.062409
2638 0.096919
2648 0.124990
2667 0.062835
2708 0.047245
2824 0.158648
2875 0.070029
3095 0.026962
3169 0.138730
3252 0.138730
3459 0.077457
3482 0.044162
3486 0.087885
3489 0.128345
3492 0.094901
3502 0.086416
3539 0.076576
3613 0.045917
3621 0.041058
3761 0.054232
3850 0.034615
3971 0.065606
4215 0.045560
4266 0.048046
4769 0.052624
4843 0.073397
4857 0.095175
4943 0.026133
5012 0.037758
5053 0.049312
5100 0.063988
5143 0.041202
5491 0.018483
5513 0.190349
5548 0.138730
5601 0.237173
5749 0.044162
5753 0.029680
5827 0.063271
5833 0.068340
5865 0.124990
5985 0.116952
6082 0.087885
6211 0.055982
6281 0.055087
6317 0.032085
6456 0.036808
6463 0.066108
6574 0.085049
6631 0.063271
6802 0.045917
6806 0.092796
6864 0.019913
6878 0.058241
6968 0.057902
7001 0.061992
7009 0.078379
7023 0.067694
7061 0.087328
7062 0.031397
7111 0.022780
7120 0.038002
7147 0.100156
7150 0.044672
7191 0.091197
7315 0.079346
7736 0.111249
7760 0.030422
7807 0.138730
7887 0.044330
7911 0.056601
7969 0.100156
8264 0.082568
8440 0.063271
8445 0.072676
8455 0.039826
8529 0.146007
8616 0.062409
8785 0.193776
8826 0.072826
8829 0.029599
8893 0.203083
8931 0.036473
9019 0.096504
9020 0.097509
9031 0.040352
9059 0.024761
9132 0.066815
9242 0.034409
9279 0.062409
9329 0.068828
9370 0.140059
9674 0.111249
9738 0.124990
9767 0.012942
9974 0.339608
10015 0.146007
10327 0.064639
10363 0.071981
10423 0.031903
10521 0.168868
10562 0.085049
10635 0.076576
10890 0.021242
10958 0.095175
11135 0.294681
11271 0.111249
11362 0.106290
11376 0.021189
11397 0.044500
11532 0.059521
