151

98 1.066286
122 0.978716
194 0.723444
198 1.152923
213 0.840757
258 2.439740
379 2.562293
418 0.824570
441 1.998021
553 0.784142
612 1.577016
665 0.632874
668 1.608050
865 3.154032
1022 2.085172
1302 1.696991
1617 1.291226
1670 3.318406
1798 1.176091
1800 2.039414
1872 1.276027
2115 0.922143
2224 1.147320
2259 0.426630
2387 2.261263
2500 2.261263
2507 0.380449
2532 1.226501
2537 1.893286
2550 1.602736
2769 1.115135
2954 0.935610
3132 1.960233
3149 1.120336
3179 0.772242
3203 1.130396
3235 2.039414
3236 2.924868
3275 0.611279
3325 2.261263
3353 1.998021
3498 1.459631
3513 1.717195
3531 0.788994
3568 1.808965
3626 1.935064
3758 1.182082
3818 0.704960
3951 0.704960
3952 1.136324
3976 11.223202
4091 0.693061
4195 1.170182
4215 0.998169
4249 1.358173
4257 2.437354
4341 2.437354
4538 1.120336
4724 1.696991
4729 1.200565
4869 1.577016
4963 1.893286
5086 1.520900
5171 1.677686
5242 11.099107
5243 11.864893
5247 2.194316
5394 0.497835
5532 1.774252
5609 2.738384
5710 2.738384
5734 0.562293
5753 0.650248
5792 0.974956
5838 3.041800
5857 1.120336
5894 1.696991
5920 1.233234
6065 1.358173
6071 0.619458
6281 1.206905
6291 0.806418
6456 0.806418
6529 1.624441
6657 1.471212
6799 1.358173
6837 1.240074
6864 1.308809
7058 1.925471
7061 0.478313
7062 1.031797
7111 0.499085
7146 1.835294
7341 1.495346
7369 1.261263
7498 0.355467
7508 1.925471
7537 4.988090
7540 2.680888
7641 1.293434
7694 0.776963
7709 0.679579
7758 0.994091
7859 1.205707
7887 0.971228
7911 1.240074
7992 2.194316
8245 3.118242
8353 1.548052
8404 1.044436
8455 1.308809
8469 1.291226
8482 1.043779
8485 1.115135
8499 0.796376
8605 0.738384
8761 0.747158
8826 0.531848
8931 1.065438
8939 1.213339
8941 6.078828
9052 0.843514
9059 0.542484
9100 3.039414
9142 1.520900
9318 2.085172
9596 1.213339
9642 1.283539
9783 6.084067
9867 2.437354
10030 1.534264
10185 0.932204
10235 1.405946
10378 3.416941
10433 1.052642
10437 1.696991
10486 4.924422
10487 0.596934
10509 0.704960
10639 1.120336
10661 3.015870
10779 1.608050
10818 2.598103
11055 1.471212
11121 0.600081
11306 0.589165
11334 3.039414
11376 0.928453
11377 1.226501
11464 2.194316
11600 1.055655
