122

46 0.114267
74 0.051649
98 0.058432
108 0.064126
199 0.073937
216 0.081944
345 0.051084
346 0.083294
407 0.109491
497 0.133566
508 0.042448
797 0.128256
831 0.044898
1262 0.111759
1333 0.044471
1569 0.120248
1859 0.199398
2002 0.139847
2017 0.092995
2259 0.023379
2653 0.165269
2720 0.057684
2763 0.041435
2768 0.055349
2801 0.065791
3095 0.032371
3121 0.042971
3150 0.064449
3164 0.100573
3179 0.042319
3233 0.084833
3241 0.095263
3332 0.128256
3384 0.073937
3470 0.097770
3473 0.042063
3495 0.064126
3500 0.088121
3526 0.166559
3887 0.075963
3928 0.078767
4005 0.120004
4091 0.037980
4215 0.027350
4267 0.172840
4318 0.100573
4566 0.045332
4770 0.069117
4916 0.069517
4943 0.031375
5038 0.123916
5178 0.045626
5306 0.133566
5400 0.166559
5491 0.022190
5692 0.041311
5723 0.090924
5807 0.086420
5826 0.061975
5869 0.115369
6112 0.027487
6168 0.083345
6297 0.166559
6346 0.076498
6504 0.095581
6962 0.065791
6965 0.062873
7118 0.100494
7385 0.042190
7394 0.078179
7411 0.048952
7498 0.038959
7694 0.042577
7707 0.058432
7775 0.073456
7856 0.068723
7859 0.066072
7874 0.069924
7892 0.096484
7899 0.048614
7937 0.245833
7974 0.085613
7984 0.128256
7987 0.075440
8272 0.048447
8281 0.074928
8382 0.170879
8457 0.065448
8494 0.070759
8512 0.047953
8605 0.040463
8688 0.120248
8826 0.029145
9052 0.046224
9110 0.068336
9189 0.079369
9328 0.050173
9593 0.052033
9635 0.084833
9734 0.090924
9767 0.015538
9811 0.049817
9999 0.130896
10185 0.051084
10195 0.046376
10359 0.120248
10475 0.029577
10556 0.194333
10735 0.084833
10890 0.025503
10962 0.102109
11063 0.094102
11078 0.114267
11160 0.640688
11161 0.075963
11162 0.068723
11210 0.093059
11238 0.081944
11345 0.166559
11437 0.066491
11475 0.159975
11600 0.038566
