38

79 0.110217
111 0.096996
485 0.284024
630 0.066179
1007 0.262925
1106 0.116084
1132 0.151286
1157 0.157189
1182 0.243757
1896 0.161262
1940 0.138292
3492 0.082837
3567 0.084985
4677 0.064510
5025 0.100490
5491 0.048399
5624 0.262925
6308 0.089568
6456 0.096385
6587 0.074436
7062 0.041108
7143 0.110217
7165 0.133284
7745 0.096385
7859 0.036027
7887 0.116084
7952 0.238809
7991 0.186730
8829 0.077508
8920 0.260566
8931 0.063672
10092 0.212064
10326 0.087481
10487 0.071347
11025 0.081452
11605 0.078790
11606 0.334259
11609 0.145022
