205

52 1.592256
63 0.945992
74 0.942504
79 0.922143
157 1.358173
213 0.840757
217 0.808965
258 1.219870
297 3.546245
304 2.209831
352 1.331844
381 3.039414
404 0.545260
423 2.480147
447 2.413810
455 0.753857
458 0.747158
467 1.226501
479 1.213339
549 1.459631
586 1.494316
637 2.551972
665 2.531496
668 1.608050
791 1.206905
1035 2.039414
1195 1.808965
1240 2.261263
1251 1.437354
1364 1.520900
1431 6.078828
1532 1.558685
1542 0.814105
1721 0.747158
1803 1.254084
1872 0.638014
2005 1.158601
2022 1.717195
2058 0.899535
2064 1.206905
2084 1.980392
2086 1.416165
2115 0.922143
2186 1.608050
2224 4.589278
2268 0.760661
2278 1.219870
2339 1.147320
2340 2.036450
2507 0.380449
2530 0.717195
2609 1.483112
2638 1.061691
2804 1.164353
2875 1.534264
2923 2.136324
2950 1.395961
3006 1.760661
3014 0.990196
3095 1.181416
3203 1.130396
3217 2.039414
3307 3.039414
3322 1.395961
3372 2.039414
3423 1.850942
3509 1.520900
3531 0.788994
3623 1.998021
3685 1.437354
3917 1.206905
3951 2.114881
3967 3.039414
3976 17.458314
4091 1.386122
4195 1.170182
4215 0.499085
4520 0.729784
4663 0.890195
4784 1.677686
4794 6.078828
4851 2.039414
4943 0.572546
4958 2.562293
4963 1.893286
5009 1.376656
5064 1.182082
5095 1.641474
5135 3.562859
5242 4.932937
5243 2.966223
5337 1.835294
5368 1.659203
5376 1.261263
5395 1.035093
5532 0.887126
5651 1.315138
5678 0.986336
5692 0.753857
5701 1.331844
5702 1.677686
5719 1.182082
5734 0.562293
5749 0.967532
5758 1.219870
5838 1.520900
5865 2.738384
6133 1.738384
6421 1.181416
6433 0.758381
6457 1.495346
6568 0.723444
6570 1.996043
6584 9.986412
6605 1.459631
6777 1.925471
6792 0.519586
6795 1.784142
6813 0.786561
6841 3.039414
6864 0.436270
6874 0.500338
7048 1.925471
7061 1.434938
7062 0.687865
7120 1.665176
7126 0.769901
7143 1.844286
7320 3.318406
7341 1.495346
7387 1.261263
7469 2.039414
7521 1.863323
7537 2.494045
7542 3.039414
7582 2.738384
7641 0.646717
7668 1.641474
7704 2.139235
7756 1.641474
7760 1.333004
7856 1.254084
7859 2.109988
7861 0.696991
7932 1.925471
7972 2.508169
7978 1.099895
8007 0.838017
8044 1.483112
8142 6.408972
8183 2.811891
8271 1.850942
8294 0.925471
8343 0.986336
8368 1.998021
8382 1.039414
8404 0.522218
8455 0.872539
8469 3.873678
8485 2.230270
8491 1.659203
8594 1.808965
8764 1.548052
8826 1.240979
8939 1.213339
9362 2.562293
9363 3.039414
9395 2.136324
9618 0.960233
9623 0.994091
9632 1.395961
9646 1.219870
9700 1.677686
9761 0.835294
9783 1.738305
9953 3.039414
10020 2.340444
10082 1.254084
10141 1.577016
10185 0.932204
10309 0.994091
10329 1.641474
10396 1.014108
10423 0.698970
10458 1.299051
10486 1.641474
10487 0.596934
10526 1.893286
10548 0.994091
10560 1.696991
10579 3.216101
10605 2.194316
10630 1.925471
10677 0.824570
10732 10.249171
10863 1.863323
11055 1.471212
11153 1.437354
11155 1.562293
11174 3.039414
11229 1.416165
11375 0.791441
11376 0.928453
11437 1.213339
11503 0.884078
