200

63 0.945992
64 1.426630
71 0.878046
98 1.066286
104 2.136324
198 1.152923
271 5.476768
346 0.506660
401 1.608050
404 0.545260
508 0.774596
630 1.661078
831 0.819306
838 1.863323
913 2.078828
917 0.574031
1074 1.120336
1132 1.265748
1172 1.925471
1251 1.437354
1333 0.811527
1357 2.194316
1428 4.170343
1466 0.909080
1605 3.573144
1616 1.483112
1649 0.881052
1750 1.784142
1758 6.078828
1835 1.291226
1859 1.212890
2073 1.376656
2076 1.448350
2159 2.194316
2259 0.426630
2267 1.247022
2350 1.893286
2515 4.522526
2548 1.026577
2565 2.832330
2572 0.884078
2618 1.164353
2626 2.364163
2627 0.765256
2708 1.035093
2756 1.577016
2762 0.470040
2768 2.020061
2769 1.115135
2770 1.717195
2954 0.935610
3095 1.181416
3122 0.765256
3131 3.015870
3203 0.565198
3287 1.641474
3432 1.471212
3437 2.874708
3509 1.520900
3598 1.534264
3660 3.039414
3717 1.998021
3818 0.704960
3930 1.893286
4088 9.118242
4091 0.693061
4126 1.717195
4266 1.052642
4343 1.835294
4396 1.520900
4451 0.878046
4542 1.416165
4646 2.194316
4708 0.689166
4738 2.290186
5050 0.945992
5066 2.340444
5115 2.194316
5156 6.078828
5491 0.809874
5496 1.957433
5529 3.880303
5678 0.986336
5712 0.967532
5734 1.124586
5821 0.918840
5827 1.386202
5833 0.499085
5885 1.413951
5926 0.698970
6060 0.971228
6070 1.485498
6205 1.459631
6281 1.206905
6436 7.298475
6445 2.966223
6542 1.659203
6559 2.994064
6779 1.592256
6796 2.734633
6852 2.340444
6934 1.448350
7041 1.376656
7062 0.343932
7123 1.164353
7125 1.416165
7126 3.079605
7274 2.085172
7320 3.318406
7377 3.827958
7379 3.039414
7411 0.893286
7498 2.488269
7526 2.039414
7594 1.507935
7704 0.713078
7707 2.132573
7709 1.359157
7713 2.832330
7760 0.666502
7788 0.530212
7798 2.437354
7857 1.925471
7859 1.205707
7864 1.170182
7867 1.495346
7873 1.717195
7904 2.551972
7911 1.240074
7981 0.925471
8007 1.676034
8062 4.522526
8083 1.422069
8104 1.386202
8207 4.874708
8241 1.018225
8245 1.039414
8351 1.233234
8381 1.164353
8404 0.522218
8419 1.141787
8455 0.436270
8459 4.170343
8482 3.131337
8483 2.039414
8494 1.291226
8539 0.668346
8547 1.925471
8559 4.686879
8605 3.691921
8690 2.562293
8761 0.747158
8826 0.177283
8969 4.522526
9034 1.233234
9049 2.437354
9051 1.125600
9099 3.945415
9114 5.396872
9115 3.314747
9116 1.182082
9175 2.562293
9209 2.261263
9357 2.753313
9522 1.507935
9551 1.893286
9618 0.960233
9675 3.039414
9700 1.677686
9873 1.376656
9895 3.476768
9903 0.793901
9933 2.151253
10147 3.096105
10352 1.942457
10378 7.517271
10412 1.808965
10475 1.619181
10619 1.057738
10720 3.355373
10735 1.548052
10762 2.738384
10872 2.340444
11063 1.717195
11121 2.400326
11162 1.254084
11194 3.042325
11306 2.945825
11332 1.430263
11423 1.633395
11443 0.945992
11456 3.096105
11475 1.459631
11480 1.760661
11486 2.136324
11503 0.884078
11505 1.426630
11515 5.476768
11523 0.538355
11600 0.351885
