488

9 2.562293
13 2.874708
45 1.405946
46 2.085172
64 5.706521
71 1.756092
79 0.922143
99 1.090024
111 4.869164
150 2.738384
165 22.359874
166 6.883281
175 1.226501
188 3.361008
194 0.723444
199 4.047654
206 1.863323
207 3.039414
209 3.039414
213 1.681514
216 1.495346
280 2.562293
281 4.680888
282 4.187884
297 1.182082
304 5.524578
308 0.915562
318 0.824570
320 1.738384
334 2.734633
337 2.136324
346 2.026639
371 3.039414
404 4.362076
443 5.679858
458 0.747158
467 1.226501
483 16.303096
486 4.187884
514 1.784142
531 1.837680
536 5.435251
552 2.003975
586 0.747158
587 1.998021
592 3.434390
596 1.358173
599 1.158601
630 2.768463
632 0.990196
639 1.960233
665 0.632874
802 1.659203
822 1.495346
831 2.457918
857 1.158601
873 1.784142
895 0.846290
897 0.860437
917 1.148063
933 6.078828
960 1.066286
963 2.437354
965 0.963867
992 2.317201
1000 3.039414
1003 2.085172
1007 10.998949
1013 3.039414
1112 0.765256
1114 4.170343
1132 10.125983
1135 2.567079
1176 2.340444
1185 1.893286
1269 1.878087
1275 1.291226
1295 1.219870
1307 1.835294
1377 2.437354
1390 1.307020
1400 1.395961
1428 2.085172
1487 2.514051
1506 1.115135
1532 0.779343
1542 0.814105
1572 1.376656
1611 1.659203
1649 0.881052
1666 0.753857
1797 0.702954
1803 1.254084
1804 1.323411
1841 7.686879
1850 3.039414
1872 1.276027
1940 6.942195
1963 1.738384
1981 1.871221
2002 3.827958
2024 1.022381
2025 1.426630
2028 1.548052
2043 2.085172
2046 2.036450
2096 6.078828
2105 2.437354
2124 2.261263
2134 1.562293
2137 1.738384
2141 1.376656
2146 1.641474
2147 1.738384
2158 2.261263
2159 2.194316
2164 3.039414
2210 3.039414
2244 1.405946
2259 1.706521
2263 2.811891
2318 1.835294
2358 3.039414
2388 2.136324
2398 4.874708
2507 0.380449
2518 0.824570
2532 1.226501
2543 1.141787
2548 1.026577
2550 1.602736
2572 0.884078
2638 3.185072
2639 2.340444
2651 0.784142
2653 3.015870
2658 1.696991
2677 1.548052
2682 3.726646
2690 0.974956
2696 0.683388
2711 3.124586
2731 1.960233
2762 0.940080
2804 2.328706
2812 2.437354
2879 2.437354
2927 1.624441
2950 1.395961
3014 0.990196
3034 1.358173
3049 1.835294
3095 1.181416
3121 2.352425
3162 1.835294
3177 1.158601
3185 1.624441
3186 1.548052
3219 2.194316
3275 0.611279
3282 1.376656
3301 1.960233
3306 2.738384
3316 1.233234
3374 1.170182
3380 3.039414
3415 1.386202
3423 1.850942
3424 3.039414
3437 1.437354
3455 2.376312
3464 1.426630
3485 1.495346
3489 1.405946
3495 1.170182
3500 1.608050
3531 0.788994
3546 0.978716
3555 2.136324
3562 1.562293
3573 0.788994
3611 12.822364
3665 2.085172
3674 1.835294
3682 1.893286
3683 2.141862
3685 1.437354
3691 1.485498
3693 1.437354
3694 1.240074
3841 0.477121
3887 1.386202
3926 0.986336
4071 2.036450
4091 2.079183
4215 7.486270
4315 6.805016
4318 1.835294
4333 1.136324
4346 1.696991
4359 1.070931
4413 2.011981
4451 0.878046
4458 1.043779
4467 1.835294
4510 1.808965
4520 1.459568
4562 1.577016
4566 0.827227
4573 3.263219
4613 0.902694
4645 1.061691
4650 3.039414
4669 3.393983
4729 1.200565
4764 1.152923
4770 1.261263
4801 2.136324
4822 2.738384
4835 2.039414
4866 0.945992
4868 3.039414
4901 0.902694
4916 1.268562
4943 2.862732
5010 2.136324
5025 0.840757
5042 1.562293
5050 1.891985
5056 2.039414
5081 3.092442
5104 5.505882
5121 2.340444
5131 2.340444
5135 2.969050
5143 1.805387
5151 2.194316
5168 14.560072
5178 0.832588
5217 1.299051
5225 2.261263
5241 1.696991
5295 6.078828
5307 1.030814
5324 0.971228
5333 1.998021
5334 2.437354
5382 1.426630
5460 1.247022
5468 2.388632
5479 4.272648
5491 2.024684
5529 0.646717
5532 1.774252
5605 1.863323
5624 10.998949
5678 1.972671
5689 0.838017
5692 4.523141
5732 1.573122
5734 2.811464
5792 0.974956
5797 2.132573
5817 1.386202
5833 1.996339
5857 4.481344
5885 2.827903
5914 1.960233
5931 1.677686
5948 0.863323
5949 0.918840
5968 4.272648
5993 3.039414
6071 1.238917
6112 1.003190
6181 2.340444
6207 2.261263
6291 0.806418
6295 3.039414
6308 0.749380
6317 4.920681
6331 1.808965
6332 2.562293
6380 0.942504
6418 11.677044
6419 5.476768
6421 1.181416
6433 0.758381
6456 2.419254
6478 2.562293
6505 1.323411
6550 5.124586
6570 0.998021
6587 0.622774
6631 1.386202
6649 1.471212
6725 3.827958
6785 3.039414
6799 1.358173
6806 0.677686
6816 0.978716
6837 2.480147
6860 3.762253
6934 1.448350
6953 6.078828
6965 1.147320
7008 0.878046
7031 4.680888
7051 2.562293
7061 1.913251
7062 6.190784
7082 1.147320
7111 1.497254
7118 1.222559
7150 0.978716
7165 1.115135
7194 2.738384
7217 1.592752
7262 2.340444
7299 2.194316
7308 1.562293
7358 2.261263
7387 1.261263
7393 2.039414
7411 2.679858
7490 2.811891
7497 1.885008
7498 0.355467
7521 1.863323
7528 1.219870
7641 0.646717
7655 0.922143
7694 0.776963
7704 1.426157
7707 3.198859
7709 2.038736
7756 1.641474
7760 1.333004
7775 1.340444
7788 2.651058
7839 2.340444
7859 1.205707
7861 2.090974
7868 3.039414
7873 1.717195
7874 1.275986
7887 2.913685
7911 1.240074
7913 1.534264
7920 1.039414
7936 1.331844
7937 1.495346
7945 8.691921
7978 2.199790
7995 1.835294
8046 1.219870
8083 2.133104
8150 1.099895
8227 2.450093
8245 1.039414
8272 0.884078
8292 1.120336
8298 5.994064
8326 1.268562
8338 2.859163
8376 2.136324
8382 1.039414
8385 2.261263
8391 2.039414
8396 1.608050
8417 3.670588
8455 3.053888
8470 1.152923
8487 1.548052
8512 1.750123
8520 1.808965
8539 0.668346
8543 2.437354
8545 1.507935
8563 2.919261
8605 1.476768
8621 1.283539
8629 1.426630
8728 1.233234
8762 1.448350
8767 0.704960
8812 2.340444
8819 1.299051
8821 1.416165
8826 1.418262
8828 1.835294
8829 0.648479
8838 3.039414
8842 2.261263
8846 29.192610
8871 7.128935
8920 5.450121
8931 2.663594
8971 1.307020
9043 2.437354
9047 0.829899
9051 1.125600
9059 0.542484
9065 0.915562
9095 1.194316
9097 2.817131
9099 1.315138
9107 1.291226
9132 0.731918
9133 1.659203
9142 3.041800
9196 1.893286
9242 1.507714
9255 1.405946
9280 1.158601
9355 1.760661
9378 1.386202
9381 1.125600
9393 2.039414
9553 2.738384
9554 2.136324
9562 2.947528
9579 1.315138
9596 2.426679
9602 1.577016
9618 0.960233
9747 0.945992
9767 1.134157
9811 1.818161
9840 3.039414
9933 2.151253
9944 2.364163
9950 1.315138
10000 1.448350
10005 3.039414
10015 4.265145
10017 0.928824
10020 2.340444
10024 2.261263
10057 1.299051
10058 1.819334
10092 2.661377
10147 1.548052
10159 2.261263
10185 0.932204
10230 2.738384
10275 1.182082
10276 0.808965
10305 2.896699
10306 3.039414
10308 2.085172
10326 5.123427
10361 2.738384
10378 0.683388
10397 1.692579
10433 3.157927
10547 3.434390
10578 2.261263
10582 1.717195
10596 1.194316
10619 0.528869
10621 3.376801
10623 6.118242
10646 4.853357
10651 1.233234
10658 2.480147
10667 1.624441
10694 2.437354
10715 1.416165
10769 1.893286
10890 0.930766
10892 1.226501
10938 2.738384
10950 2.261263
11139 1.426630
11166 2.039414
11177 1.507935
11306 0.589165
11326 2.340444
11328 2.305847
11332 0.715132
11335 2.087558
11376 1.392679
11397 3.899825
11532 1.956073
11600 1.055655
11605 9.228840
11606 21.440695
