274

49 2.738384
63 1.891985
71 1.756092
79 0.922143
81 1.608050
186 0.971228
191 1.659203
194 0.723444
204 1.315138
255 1.784142
297 1.182082
389 6.078828
458 0.747158
463 2.136324
508 0.774596
514 1.784142
627 2.039414
630 0.553693
633 1.206905
697 0.819306
944 3.039414
994 1.448350
1102 1.247022
1161 3.039414
1269 0.939044
1333 0.811527
1336 1.608050
1466 2.727241
1532 0.779343
1548 1.367316
1611 1.659203
1649 0.881052
1664 2.340444
1831 0.767573
1872 0.638014
1976 1.808965
1994 1.090024
2000 1.972671
2002 1.275986
2008 1.548052
2067 1.261263
2073 1.376656
2084 7.921569
2154 0.677686
2249 1.760661
2259 0.426630
2263 2.811891
2283 2.738384
2339 2.294639
2348 0.956629
2507 0.380449
2543 1.141787
2572 1.768156
2575 0.956629
2580 2.261263
2602 2.039414
2627 0.765256
2646 3.850942
2667 1.376656
2682 1.863323
2690 0.974956
2696 0.683388
2708 1.035093
2851 1.170182
2954 0.935610
3150 1.176091
3179 0.772242
3203 3.956385
3275 0.611279
3304 1.608050
3316 1.233234
3384 1.349218
3386 1.240074
3419 1.738384
3455 1.188156
3465 1.738384
3510 1.960233
3517 3.039414
3535 1.005990
3547 1.835294
3558 1.206905
3621 0.899535
3626 0.967532
3674 1.835294
3685 1.437354
3688 2.136324
3841 1.431364
3850 0.758381
3944 1.784142
4063 1.094931
4071 1.018225
4091 0.693061
4094 4.874708
4125 3.039414
4215 0.499085
4268 5.426896
4396 3.041800
4416 3.568283
4593 1.863323
4708 0.689166
4843 1.608050
4904 1.471212
4970 2.734633
5053 1.080373
5100 2.803831
5350 9.118242
5382 1.426630
5394 1.493505
5491 0.404937
5496 0.978716
5529 1.293434
5562 5.469265
5569 1.026577
5689 0.838017
5713 2.261263
5732 1.573122
5734 1.124586
5735 3.015870
5736 2.437354
5749 0.967532
5753 1.300496
5762 1.483112
5817 1.386202
5837 9.118242
5900 1.039414
5948 0.863323
5964 1.659203
6060 0.971228
6117 1.608050
6171 2.039414
6240 1.448350
6281 1.206905
6291 0.806418
6308 2.997518
6309 2.437354
6436 15.509258
6456 0.806418
6463 1.448350
6473 2.085172
6490 3.039414
6559 0.998021
6583 1.677686
6587 1.868321
6639 1.760661
6792 0.519586
6796 1.367316
6864 0.872539
6874 1.000676
6918 2.738384
6941 1.808965
7028 2.562293
7050 1.164353
7062 0.687865
7111 0.499085
7118 0.611279
7122 1.677686
7126 0.769901
7217 0.796376
7385 18.477628
7388 1.548052
7498 0.710934
7501 4.210570
7526 4.078828
7530 0.998021
7532 1.261263
7635 0.704960
7655 0.922143
7707 1.066286
7709 2.038736
7715 1.233234
7738 3.198859
7788 2.120846
7826 1.299051
7847 0.932204
7859 1.205707
7861 0.696991
7872 1.416165
7966 1.608050
7978 1.099895
8007 0.838017
8098 2.494045
8111 1.035093
8175 1.448350
8186 1.548052
8203 1.863323
8237 1.170182
8240 1.534264
8241 1.018225
8245 1.039414
8326 3.805686
8343 0.986336
8387 0.854723
8404 1.044436
8407 1.448350
8455 0.436270
8462 1.226501
8485 1.115135
8492 2.738384
8512 0.875061
8558 1.863323
8603 1.784142
8621 1.283539
8629 4.279891
8684 1.268562
8759 2.966223
8767 0.704960
8826 2.481958
8919 3.803303
8930 1.048188
9046 2.738384
9052 0.843514
9059 0.542484
9097 1.878087
9110 1.247022
9114 5.396872
9115 9.944241
9116 2.364163
9144 0.925471
9172 1.998021
9290 1.738384
9329 1.507935
9378 1.386202
9381 1.125600
9438 1.562293
9444 0.939044
9521 16.314228
9539 2.085172
9604 2.738384
9634 2.494045
9662 1.677686
9729 1.349218
9767 0.283539
10000 1.448350
10010 2.123381
10058 0.606445
10085 1.039414
10092 0.887126
10097 1.925471
10125 1.448350
10133 1.738384
10185 0.932204
10228 1.213339
10276 0.808965
10338 4.522526
10403 1.376656
10430 2.039414
10475 0.539727
10487 0.596934
10530 1.164353
10581 1.386202
10627 3.124586
10646 1.213339
10715 1.416165
10835 2.738384
10890 0.465383
10910 2.261263
10999 2.791923
11015 1.075626
11121 0.600081
11194 1.014108
11195 1.534264
11242 1.048188
11256 1.558685
11376 0.928453
11443 0.945992
11458 0.854723
11482 1.835294
11503 1.768156
11532 1.304049
11600 1.055655
11636 4.657411
11637 1.857649
11649 2.261263
11672 5.215152
