186

28 0.099838
52 0.065221
71 0.035966
74 0.038606
122 0.040090
258 0.049968
337 0.087507
386 0.092625
455 0.061758
467 0.050239
479 0.049700
508 0.031729
666 0.065868
668 0.065868
697 0.033560
897 0.035245
1002 0.053538
1093 0.057590
1251 0.058876
1269 0.038465
1278 0.051962
1284 0.044254
1296 0.039936
1333 0.066483
1409 0.063411
1649 0.072179
1666 0.030879
1721 0.030605
1746 0.089883
1818 0.053538
1851 0.104956
1881 0.070339
2005 0.047458
2084 0.081120
2224 0.046996
2259 0.017475
2363 0.041878
2486 0.065868
2618 0.047694
2627 0.031346
2652 0.071207
2674 0.085412
2687 0.059327
2776 0.095868
2875 0.062846
2962 0.060263
3095 0.048393
3122 0.031346
3125 0.069511
3149 0.091782
3150 0.048175
3203 0.092606
3269 0.099838
3275 0.050078
3415 0.056781
3473 0.031441
3550 0.056781
3633 0.049968
3637 0.046546
3683 0.043867
3713 0.124499
3917 0.049437
3926 0.040402
3976 0.510800
3979 0.060263
4063 0.044850
4215 0.040887
4609 0.095868
4616 0.104956
4708 0.056459
4734 0.025374
4928 0.133079
4967 0.055266
5075 0.074098
5095 0.268950
5157 0.074098
5242 0.050515
5243 0.060751
5376 0.051663
5732 0.032219
5734 0.023032
5753 0.026635
5754 0.071207
5795 0.047933
5838 0.062298
6060 0.039783
6071 0.050748
6112 0.041092
6133 0.071207
6144 0.051962
6377 0.095868
6456 0.033032
6541 0.064597
6570 0.040881
6580 0.191737
6587 0.025510
6631 0.056781
6833 0.080294
6864 0.142962
6874 0.020495
6986 0.092625
7044 0.077552
7061 0.019592
7082 0.046996
7113 0.085412
7118 0.025039
7126 0.031536
7150 0.040090
7166 0.191737
7320 0.067964
7341 0.306259
7411 0.036590
7450 0.056390
7460 0.040560
7498 0.043681
7537 0.204320
7635 0.057753
7664 0.049437
7704 0.029209
7709 0.111347
7713 0.058008
7788 0.065155
7794 0.059327
7855 0.060751
7859 0.086428
7861 0.028550
7876 0.063411
7981 0.037909
7982 0.085412
8020 0.124499
8326 0.051962
8334 0.112780
8455 0.035741
8485 0.091355
8494 0.052891
8613 0.061767
8677 0.111266
8733 0.089883
8761 0.030605
8826 0.014524
8845 0.077552
8931 0.010911
8956 0.044254
9104 0.036590
9110 0.051080
9162 0.148196
9357 0.056390
9382 0.104956
9461 0.029548
9631 0.124499
9634 0.051080
9646 0.049968
9704 0.069511
9718 0.057590
9767 0.011614
9856 0.078870
9899 0.075177
9999 0.048921
10000 0.059327
10058 0.024841
10125 0.059327
10147 0.063411
10185 0.038185
10224 0.071207
10235 0.057590
10252 0.099838
10291 0.083538
10309 0.122159
10635 0.068721
10701 0.032219
10810 0.077552
10898 0.059789
11055 0.120526
11065 0.070339
11153 0.058876
11162 0.051369
11195 0.062846
11223 0.124499
11233 0.104533
11256 0.031923
11290 0.063411
11335 0.042755
11375 0.129675
11376 0.019015
11440 0.073081
11600 0.043241
