36

71 0.878046
111 0.811527
186 0.971228
600 0.971228
630 0.553693
1132 1.265748
1542 0.814105
1666 0.753857
1940 0.578516
2125 1.784142
2174 0.949509
3455 1.188156
3492 0.693061
4458 1.043779
5025 0.840757
5100 0.700958
5135 1.187620
5491 0.404937
6060 0.971228
6587 0.622774
6874 0.500338
7862 0.960233
7972 1.254084
8083 0.711035
8104 1.386202
8512 0.875061
8829 0.648479
8931 0.266359
9568 1.066286
9592 1.070931
10092 2.661377
10326 0.731918
10677 0.824570
11025 0.681479
11551 1.808965
11606 0.932204
