106

92 2.340444
100 3.521321
103 1.219870
188 2.240672
346 1.013319
466 1.835294
586 1.494316
600 0.971228
831 0.819306
1461 1.893286
1542 2.442315
1797 0.702954
1807 0.928824
1838 4.644157
1859 2.425779
1942 2.194316
1995 1.141787
2107 1.608050
2154 0.677686
2174 1.899018
2372 1.835294
2446 3.521321
2475 1.760661
2576 1.709445
2690 0.974956
2756 1.577016
3203 0.565198
3367 1.784142
3423 2.776412
3436 1.367316
3455 1.188156
3509 1.520900
3564 2.340444
3611 1.972671
3760 1.483112
3806 1.395961
3927 1.696991
4534 1.182082
4537 1.109995
4693 1.925471
4738 1.717639
4747 2.551972
4901 0.902694
4943 0.572546
4967 4.047654
5112 0.960233
5178 0.832588
5204 1.738384
5241 1.696991
5382 2.853261
5410 3.039414
5529 0.646717
5620 1.376656
5743 0.749380
5744 2.738384
5781 4.078828
5821 0.918840
5949 0.918840
6240 1.448350
6336 1.925471
6657 1.471212
6708 1.323411
6864 0.436270
7061 0.478313
7383 5.505882
7480 15.681863
7487 1.998021
7491 2.562293
7498 0.355467
7614 2.085172
7859 0.904280
7915 1.043779
8044 1.483112
8128 1.182082
8272 0.884078
8284 1.426630
8387 0.854723
8469 1.291226
8479 1.760661
8552 3.995532
8597 2.136324
8650 1.299051
8694 1.925471
8826 0.709131
8931 0.266359
9105 2.123381
9130 0.767573
9263 2.562293
9379 1.471212
9593 1.899018
9625 1.299051
9669 0.774596
9767 0.283539
9774 0.956629
10010 1.061691
10036 1.472436
10092 1.774252
10309 1.988182
10378 0.683388
10578 2.261263
10890 0.465383
11121 0.600081
11423 2.450093
11451 0.884078
11600 0.351885
11620 1.085172
