122

83 0.084960
122 0.161142
157 0.149079
194 0.079408
258 0.066949
304 0.060640
346 0.055613
352 0.073094
479 0.066591
508 0.042511
586 0.041006
594 0.097917
599 0.063586
1364 0.166940
1409 0.169921
1803 0.068827
1859 0.033283
1909 0.150288
1973 0.093135
2046 0.055882
2121 0.105674
2224 0.062967
2252 0.333619
2348 0.052502
2387 0.124103
2391 0.150288
2507 0.020880
2554 0.074539
2626 0.064875
2627 0.125997
2651 0.129106
2652 0.095406
3060 0.078297
3179 0.042382
3203 0.093058
3204 0.062364
3274 0.083470
3286 0.076613
3383 0.100725
3386 0.068058
3550 0.076078
3573 0.043302
3618 0.096629
3793 0.111927
3885 0.070443
3926 0.054132
3976 0.410635
4091 0.038037
4215 0.109563
4520 0.040052
4577 0.133767
4613 0.049542
4617 0.080743
4693 0.105674
4834 0.058018
4964 0.058018
5023 0.117550
5059 0.089153
5095 0.090088
5242 0.067683
5247 0.120429
5369 0.107582
5382 0.078297
5696 0.097917
5735 0.082759
5749 0.053100
5838 0.083470
5926 0.038361
6017 0.133767
6568 0.039704
6858 0.062068
6864 0.023943
6980 0.065547
7062 0.075503
7150 0.053714
7248 0.140624
7341 0.410339
7411 0.049025
7501 0.057771
7508 0.105674
7537 0.068439
7550 0.089153
7847 0.102323
7859 0.049629
7861 0.038252
7896 0.078885
7920 0.057045
7947 0.174773
7995 0.100725
8042 0.095406
8334 0.151108
8343 0.054132
8449 0.076613
8455 0.023943
8485 0.061201
8487 0.084960
8494 0.070865
8693 0.128449
8826 0.048648
8931 0.014618
8939 0.066591
9052 0.046294
9097 0.051537
9138 0.036987
9522 0.082759
9587 0.070865
9667 0.063586
9767 0.077806
9811 0.049892
9944 0.064875
10015 0.058520
10058 0.033283
10192 0.117246
10581 0.076078
10588 0.140624
10890 0.025541
10933 0.099280
11055 0.080743
11210 0.046599
11376 0.050955
11397 0.053508
11600 0.019312
