254

38 0.091146
74 0.028264
79 0.055306
118 0.065803
148 0.033597
185 0.044842
258 0.036581
297 0.035448
345 0.027955
404 0.016351
455 0.022607
552 0.060095
586 0.022406
612 0.094583
632 0.029694
633 0.036193
666 0.048222
734 0.043433
791 0.036193
895 0.025379
963 0.073091
965 0.028904
1022 0.062530
1126 0.076838
1149 0.097427
1251 0.043103
1252 0.061158
1258 0.037187
1302 0.050889
1400 0.041862
1466 0.027262
1498 0.038264
1507 0.040729
1563 0.091146
1643 0.031301
1649 0.026421
1721 0.044812
1724 0.073091
1798 0.035269
1807 0.027854
1872 0.019133
2024 0.030659
2077 0.101779
2084 0.029694
2149 0.041862
2154 0.020322
2174 0.028474
2189 0.052799
2224 0.034406
2241 0.082119
2259 0.012794
2344 0.039195
2348 0.028687
2507 0.011409
2539 0.033914
2548 0.030785
2550 0.288377
2575 0.028687
2638 0.031838
2653 0.045220
2690 0.058474
2762 0.014096
2769 0.033441
2875 0.046010
2918 0.062530
2957 0.091146
2962 0.044119
3006 0.052799
3095 0.035428
3125 0.050889
3153 0.122316
3177 0.034744
3203 0.033898
3204 0.034076
3229 0.058783
3236 0.087711
3245 0.065803
3275 0.018331
3293 0.057741
3294 0.091146
3299 0.052799
3419 0.104261
3428 0.076838
3464 0.042782
3480 0.041283
3485 0.044842
3495 0.070183
3547 0.055037
3598 0.046010
3601 0.065803
3626 0.029014
3681 0.034744
3732 0.055877
3864 0.065803
3877 0.073091
3926 0.029578
3930 0.056776
3952 0.034076
3976 0.523540
4005 0.032835
4215 0.014967
4312 0.076838
4315 0.022674
4342 0.053503
4413 0.030168
4451 0.026331
4566 0.024807
4663 0.026695
4725 0.047292
4729 0.036003
4849 0.041862
4866 0.028368
4875 0.045609
4938 0.082006
4943 0.034339
4975 0.091146
5064 0.035448
5081 0.061824
5112 0.028795
5135 0.017807
5242 0.110947
5243 0.177902
5327 0.055037
5345 0.044119
5363 0.037187
5496 0.029350
5664 0.055037
5692 0.022607
5740 0.038042
5754 0.052131
5762 0.044476
5821 0.055108
5949 0.027554
6071 0.055729
6167 0.033287
6273 0.056776
6281 0.036193
6291 0.024183
6308 0.022472
6433 0.045485
6444 0.091146
6445 0.044476
6514 0.046010
6570 0.029929
6584 0.171127
6587 0.018676
6605 0.043771
6631 0.041569
6792 0.031163
6860 0.037607
6864 0.013083
6924 0.091146
7039 0.037607
7060 0.027955
7069 0.057741
7126 0.069263
7217 0.023882
7238 0.057741
7296 0.055877
7334 0.049756
7369 0.037823
7385 0.023088
7450 0.041283
7460 0.089082
7498 0.053299
7515 0.042162
7526 0.061158
7537 0.299166
7540 0.080394
7587 0.046850
7641 0.058181
7681 0.091146
7709 0.101896
7737 0.040729
7738 0.031976
7756 0.049225
7770 0.073091
7788 0.015900
7817 0.076838
7859 0.063274
7904 0.038264
7915 0.062602
7920 0.031170
7978 0.032984
8070 0.048714
8083 0.021323
8104 0.041569
8142 0.064064
8227 0.024491
8272 0.026512
8348 0.046010
8356 0.115482
8386 0.091146
8404 0.015660
8416 0.082119
8485 0.133763
8539 0.040085
8605 0.022143
8608 0.065803
8621 0.076982
8761 0.022406
8762 0.043433
8767 0.021140
8772 0.091146
8826 0.042531
8931 0.031950
8939 0.036386
9083 0.056776
9142 0.045609
9381 0.033755
9424 0.044476
9449 0.091146
9490 0.082119
9522 0.045220
9612 0.115482
9734 0.049756
9767 0.017006
9770 0.030659
9783 0.026064
9863 0.036581
9933 0.064512
9981 0.062530
9999 0.035815
10000 0.043433
10015 0.031976
10018 0.044476
10030 0.046010
10058 0.163675
10077 0.158746
10085 0.031170
10133 0.052131
10185 0.027955
10244 0.082119
10276 0.024259
10309 0.059622
10325 0.030912
10401 0.030659
10433 0.031567
10486 0.049225
10509 0.063421
10854 0.073091
10890 0.013956
10981 0.047292
11049 0.076838
11121 0.017995
11155 0.046850
11210 0.025462
11226 0.091146
11306 0.017668
11320 0.030048
11365 0.056776
11376 0.013921
11521 0.064512
11564 0.096444
