65

36 1.323411
63 2.837977
79 1.844286
1192 3.039414
1390 1.307020
1573 1.784142
1847 8.340686
2115 0.922143
2268 2.281982
2576 0.854723
2720 1.052642
2950 4.187884
2954 0.935610
3122 0.765256
3166 1.641474
3423 3.701883
3469 3.039414
3482 0.967532
3535 1.005990
4071 1.018225
5012 2.481680
5036 1.562293
5067 1.164353
5227 2.582452
5394 0.497835
5683 3.015870
5693 1.261263
5719 3.546245
5795 1.170182
6421 0.590708
6568 0.723444
6627 4.567148
6864 0.872539
6874 0.500338
7039 3.762253
7293 2.738384
7522 5.124586
7735 4.932937
7915 1.043779
7929 1.520900
7952 1.998021
7987 1.376656
8455 0.872539
8457 1.194316
8784 0.932204
8785 1.698165
8826 0.354565
8931 0.799078
9051 2.251201
9095 1.194316
9646 1.219870
9729 1.349218
9933 1.075626
10254 1.659203
10329 1.641474
10331 1.760661
10487 0.596934
10521 1.233234
10619 0.528869
10621 1.125600
10892 2.453002
11029 3.039414
11030 6.078828
11233 2.551972
11566 1.405946
