81

63 0.064971
149 0.140068
258 0.083781
297 0.081186
467 0.084236
479 0.166665
602 0.100248
1044 0.088682
1409 0.106321
1487 0.057555
1507 0.093280
1508 0.167398
1609 0.076588
1613 0.090892
1721 0.051315
1808 0.310608
2084 0.136014
2115 0.063333
2154 0.093087
2224 0.078798
2259 0.029301
2638 0.072917
2668 0.564219
3203 0.116454
3313 0.103565
3550 0.095205
3850 0.052086
3869 0.097263
3926 0.067742
3976 0.256938
4091 0.095199
4385 0.208748
4511 0.188073
4573 0.037353
4663 0.061139
4876 0.160742
5095 0.112737
5732 0.054021
5838 0.313368
6185 0.269259
6456 0.166155
6580 0.160742
6587 0.042772
6605 0.100248
6792 0.035685
6864 0.089889
6874 0.034363
7182 0.091471
7341 0.205402
7508 0.396726
7537 0.428229
7540 0.092062
7709 0.046674
7758 0.068274
7847 0.064024
7859 0.082808
7887 0.133408
7896 0.098718
7920 0.071387
8175 0.099473
8455 0.059926
8539 0.091804
8684 0.087125
8761 0.051315
8767 0.048417
8826 0.012176
8931 0.018294
8959 0.078043
9052 0.115866
9080 0.122535
9459 0.208748
9634 0.085646
10141 0.108310
10486 0.112737
10487 0.040998
10587 0.132242
10863 0.127974
10890 0.031963
11055 0.202087
11227 0.208748
11233 0.087635
