174

45 1.405946
79 0.922143
318 0.824570
404 0.545260
536 0.905875
586 0.747158
665 0.632874
734 1.448350
763 1.641474
897 0.860437
913 2.078828
916 1.808965
1171 6.078828
1177 2.085172
1198 1.624441
1333 1.623055
1487 1.676034
1611 1.659203
1625 3.039414
1649 0.881052
1777 26.712968
1798 1.176091
1804 1.323411
1807 2.786473
1872 0.638014
1880 1.395961
1931 2.562293
1986 1.125600
1997 1.483112
2073 1.376656
2115 0.922143
2165 1.617930
2440 12.157656
2548 1.026577
2638 1.061691
2667 1.376656
2687 1.448350
2720 1.052642
2875 1.534264
2927 3.248882
2954 1.871221
3021 3.039414
3049 1.835294
3073 3.039414
3201 2.340444
3203 0.565198
3236 0.974956
3282 1.376656
3370 2.219990
3495 1.170182
3535 2.011981
3539 3.355373
3741 2.085172
3926 0.986336
4005 1.094931
4063 1.094931
4157 3.617930
4181 1.520900
4211 0.912309
4215 1.497254
4266 1.052642
4451 0.878046
4452 1.483112
4469 1.863323
4627 1.784142
4644 1.562293
4645 2.123381
4708 0.689166
4714 2.136324
4830 1.426630
4849 1.395961
4932 3.039414
4954 1.416165
4964 7.400000
5012 0.827227
5112 0.960233
5270 2.791923
5394 0.995670
5569 1.026577
5678 0.986336
5821 0.918840
5833 0.998169
5900 1.039414
5948 0.863323
6071 0.619458
6359 3.039414
6404 3.039414
6415 0.928824
6436 4.561547
6456 1.612836
6567 6.078828
6582 17.554529
6583 23.487608
6587 0.622774
6596 5.281982
6657 1.471212
6874 0.500338
7010 3.039414
7061 1.434938
7111 0.998169
7146 1.835294
7162 18.089652
7385 1.539802
7394 1.426630
7498 0.710934
7689 5.124586
7694 0.776963
7760 0.666502
7812 1.507935
7861 0.696991
7873 1.717195
7884 3.786572
7887 0.971228
7952 1.998021
8083 0.711035
8089 1.893286
8237 1.170182
8251 1.893286
8281 2.734633
8348 1.534264
8352 2.564168
8396 1.608050
8397 4.272648
8404 1.044436
8449 1.395961
8462 4.906003
8564 6.078828
8605 2.215152
8761 0.747158
8767 1.409921
8826 0.709131
8931 2.929954
9059 0.542484
9107 2.582452
9114 2.698436
9115 8.839325
9116 5.910408
9141 3.039414
9264 1.315138
9328 0.915562
9355 1.760661
9378 1.386202
9444 0.939044
9461 0.721351
9521 1.483112
9587 1.291226
9599 2.738384
9662 3.355373
9669 0.774596
9767 0.283539
9865 0.796376
9903 0.793901
9933 1.075626
10096 1.483112
10195 0.846290
10309 0.994091
10378 0.683388
10396 1.014108
10475 0.539727
10487 0.596934
10534 1.471212
10548 0.994091
10619 2.115476
10700 1.835294
10701 1.573122
11228 1.141787
11242 1.048188
11256 0.779343
11306 0.589165
11335 1.043779
11357 2.085172
11532 1.304049
11600 0.351885
11637 1.857649
