251

31 0.182176
74 0.105669
97 0.033974
148 0.083738
188 0.041869
258 0.045589
297 0.044176
318 0.030816
455 0.028173
531 0.068677
538 0.067604
612 0.058936
637 0.047686
645 0.091088
665 0.023652
666 0.060096
678 0.052170
791 0.135312
850 0.227176
866 0.067604
883 0.056839
887 0.084507
914 0.113588
917 0.042905
928 0.113588
960 0.039849
990 0.050095
1039 0.087467
1128 0.113588
1149 0.060708
1251 0.053716
1278 0.142225
1391 0.087467
1451 0.061345
1580 0.095757
1618 0.091088
1721 0.055845
1800 0.076216
1875 0.057338
1902 0.037899
1921 0.113588
1950 0.057338
1991 0.039849
2022 0.064175
2024 0.038208
2084 0.037005
2086 0.052925
2189 0.065799
2224 0.042877
2340 0.038053
2486 0.060096
2524 0.117518
2530 0.026803
2539 0.042265
2552 0.039008
2708 0.038683
2762 0.017566
2804 0.043514
2916 0.054549
2950 0.052170
2983 0.051099
3006 0.065799
3100 0.074670
3122 0.028599
3125 0.063420
3203 0.021122
3207 0.113588
3230 0.091088
3245 0.082005
3313 0.056354
3370 0.082965
3450 0.064966
3464 0.053316
3488 0.084507
3531 0.058972
3546 0.073153
3818 0.026346
3841 0.017831
3883 0.068588
3908 0.054982
3964 0.182176
3975 0.044176
3976 0.233017
3984 0.049458
4042 0.084507
4071 0.038053
4161 0.084507
4215 0.018652
4344 0.070755
4413 0.037596
4503 0.124015
4609 0.174933
4610 0.147447
4613 0.067470
4634 0.076216
4663 0.033268
4677 0.020171
4738 0.128382
4841 0.063420
4858 0.059505
4958 0.095757
4982 0.084507
5012 0.030915
5050 0.035353
5059 0.060708
5071 0.074670
5081 0.077047
5143 0.033735
5171 0.062698
5242 0.138264
5243 0.055426
5702 0.125396
5732 0.058790
5734 0.021014
5749 0.072317
5753 0.024301
5826 0.042265
5833 0.018652
5838 0.056839
5857 0.083738
5885 0.026421
5895 0.204676
5949 0.034339
5994 0.113588
5999 0.095757
6001 0.087467
6112 0.018745
6213 0.076216
6415 0.034712
6421 0.022076
6433 0.113368
6455 0.071958
6568 0.027036
6570 0.037298
6584 0.639788
6587 0.069822
6588 0.113588
6605 0.054549
6777 0.071958
6814 0.045589
6838 0.041869
6864 0.032608
6909 0.027923
7060 0.034838
7061 0.035751
7062 0.038560
7132 0.095757
7182 0.049773
7217 0.029762
7296 0.069636
7334 0.062007
7336 0.113588
7340 0.137176
7357 0.095757
7369 0.047136
7453 0.070755
7498 0.013284
7502 0.073257
7523 0.064175
7537 0.279620
7540 0.100189
7580 0.046867
7615 0.091088
7635 0.026346
7646 0.065799
7651 0.074670
7704 0.026649
7713 0.052925
7729 0.155853
7737 0.050757
7746 0.102338
7785 0.065799
7788 0.039630
7859 0.033795
7867 0.055884
7911 0.046344
7920 0.038845
7978 0.041105
8142 0.079838
8183 0.052543
8292 0.041869
8372 0.066677
8404 0.019516
8451 0.113588
8456 0.059505
8467 0.058936
8485 0.041675
8491 0.062007
8539 0.024977
8545 0.056354
8605 0.027595
8728 0.046088
8761 0.027923
8764 0.057853
8784 0.034838
8826 0.039752
8842 0.084507
8912 0.070755
8931 0.009954
8939 0.045345
9031 0.033040
9051 0.126197
9110 0.093207
9130 0.028686
9138 0.025186
9163 0.079838
9497 0.079838
9593 0.035485
9619 0.065799
9643 0.043732
9688 0.049149
9698 0.131598
9700 0.062698
9770 0.038208
9783 0.032482
9811 0.033974
9818 0.113588
9903 0.059339
10018 0.055426
10036 0.027514
10132 0.205764
10134 0.061345
10185 0.034838
10276 0.030232
10526 0.070755
10541 0.051805
10548 0.037151
10560 0.063420
10610 0.113588
10677 0.061631
10690 0.174933
10807 0.084507
10863 0.069636
11018 0.102338
11153 0.053716
11155 0.058386
11162 0.046867
11229 0.052925
11278 0.070755
11298 0.044176
11306 0.022018
11368 0.066677
11376 0.017349
11463 0.113588
11471 0.067604
11508 0.068588
11532 0.024367
11566 0.052543
11600 0.013151
11620 0.040555
11676 0.113588
