229

41 2.261263
60 2.437354
61 8.215152
62 2.738384
68 3.041800
74 0.942504
81 1.608050
108 1.170182
112 2.194316
148 1.120336
157 1.358173
158 1.577016
194 1.446888
198 1.152923
213 0.840757
308 0.915562
364 2.738384
423 1.240074
455 0.753857
458 0.747158
508 0.774596
553 0.784142
586 0.747158
598 6.636812
600 0.971228
632 0.990196
634 1.233234
644 5.505882
678 1.395961
950 3.282948
965 0.963867
1141 1.323411
1155 6.408972
1538 2.039414
1542 0.814105
1731 2.039414
1831 1.535145
1859 5.458003
1986 1.125600
2021 1.437354
2033 1.562293
2044 1.738384
2058 0.899535
2077 1.696991
2115 0.922143
2278 1.219870
2507 0.380449
2543 1.141787
2547 3.039414
2550 0.801368
2610 2.738384
2651 3.920708
2768 1.010030
2769 1.115135
2770 1.717195
2901 2.340444
2954 2.806831
2967 1.459631
3017 3.670588
3095 0.590708
3102 1.608050
3122 1.530513
3150 1.176091
3163 1.835294
3236 2.924868
3275 0.611279
3311 2.085172
3374 1.170182
3480 4.129969
3573 0.788994
3637 1.136324
3793 2.039414
3818 0.704960
3850 0.758381
3926 0.986336
3938 1.233234
4015 3.039414
4071 2.036450
4082 3.039414
4110 0.971228
4120 1.677686
4211 0.912309
4249 1.358173
4331 1.717195
4447 1.448350
4526 1.641474
4530 3.039414
4537 1.109995
4573 1.087740
4663 0.890195
4738 1.717639
4747 1.275986
4770 2.522526
4834 1.057143
4901 0.902694
4954 1.416165
5012 0.827227
5064 1.182082
5067 2.328706
5100 1.401915
5102 10.681621
5394 0.497835
5640 26.810895
5678 0.986336
5712 0.967532
5732 0.786561
5735 1.507935
5743 0.749380
5797 1.066286
5833 0.499085
5870 1.592256
5914 1.960233
5926 0.698970
5948 0.863323
6071 0.619458
6112 0.501595
6220 1.416165
6380 0.942504
6395 2.340444
6466 2.151253
6587 0.622774
6627 1.141787
6792 1.039172
6795 1.784142
6858 1.130929
6864 1.745079
6874 0.500338
6915 3.039414
6938 3.039414
6962 1.200565
6968 1.268562
6980 1.194316
6982 1.760661
7047 1.213339
7058 1.925471
7060 0.932204
7062 2.407527
7104 2.738384
7111 0.499085
7143 0.922143
7365 3.039414
7498 0.710934
7641 0.646717
7676 2.340444
7690 2.562293
7694 1.553926
7701 2.437354
7703 2.194316
7708 2.562293
7709 0.679579
7847 0.932204
7859 1.808561
7862 0.960233
7876 1.548052
7904 1.275986
7915 3.131337
8104 1.386202
8234 1.275986
8255 2.194316
8271 0.925471
8395 2.085172
8396 3.216101
8449 1.395961
8455 0.436270
8499 0.796376
8512 0.875061
8605 3.691921
8619 1.275986
8761 0.747158
8785 0.849082
8826 0.709131
8879 1.659203
8931 0.532719
9027 2.562293
9056 3.521321
9057 2.437354
9059 0.542484
9097 0.939044
9105 1.061691
9139 2.340444
9155 12.157656
9272 2.738384
9359 2.136324
9380 1.136324
9461 0.721351
9468 3.039414
9522 1.507935
9589 3.039414
9596 1.213339
9618 1.920466
9634 7.482135
9635 1.548052
9667 1.158601
9718 1.405946
9725 1.213339
9767 1.701236
9827 2.562293
9872 1.141787
9929 3.039414
9971 1.448350
10015 1.066286
10185 0.932204
10195 0.846290
10235 1.405946
10275 1.182082
10338 6.783789
10351 5.476768
10403 1.376656
10509 0.704960
10556 2.364163
10578 2.261263
10582 12.020364
10864 3.039414
10890 0.465383
10892 1.226501
10912 2.340444
11130 1.784142
11160 5.196206
11161 1.386202
11203 1.641474
11268 3.039414
11287 1.043779
11327 3.039414
11423 2.450093
11523 0.538355
11529 3.039414
11541 3.726646
11568 1.349218
11600 0.703770
