62

36 1.323411
79 1.844286
98 1.066286
318 0.824570
514 3.568283
586 1.494316
637 2.551972
678 1.395961
895 0.846290
1390 1.307020
1872 1.276027
2268 2.281982
2455 0.851893
2576 2.564168
2609 1.483112
3166 3.282948
3691 0.742749
3951 0.704960
4215 0.499085
4479 2.136324
4903 1.548052
4987 1.592256
5012 1.654453
5036 1.562293
5227 2.582452
5683 3.015870
5719 1.182082
6239 1.738384
6421 0.590708
6433 0.758381
6627 2.283574
6874 0.500338
7039 1.254084
7050 1.164353
7450 1.376656
7735 6.166171
7784 3.039414
7856 2.508169
7862 0.960233
7899 0.887126
7971 4.562701
8007 0.838017
8009 1.608050
8455 0.436270
8476 1.717195
8785 2.547247
8931 0.799078
9051 2.251201
9105 1.061691
9537 1.760661
9646 1.219870
9668 1.717195
9788 1.608050
10058 0.606445
10521 1.233234
10619 0.528869
10621 2.251201
11028 6.078828
11119 1.659203
11233 1.275986
11375 0.791441
11376 0.464226
