123

63 0.945992
122 0.978716
149 2.039414
258 1.219870
345 0.932204
404 0.545260
418 0.824570
479 2.426679
1285 1.349218
1508 2.437354
1757 1.893286
1802 2.437354
1994 1.090024
2084 0.990196
2085 1.448350
2131 1.018225
2224 1.147320
2248 1.141787
2627 1.530513
2661 2.194316
2668 2.738384
2744 2.136324
2762 0.470040
2764 2.340444
2768 1.010030
2954 1.871221
3150 1.176091
3164 1.835294
3203 1.130396
3204 1.136324
3482 0.967532
3495 2.340365
3550 2.772403
3885 1.283539
3926 1.972671
3928 1.437354
3976 4.988090
4045 1.677686
4091 0.693061
4215 1.996339
4297 1.784142
4310 1.022381
4511 5.476768
4520 1.459568
4610 1.315138
4770 2.522526
4930 1.863323
4969 1.141787
4978 1.495346
5064 1.182082
5067 1.164353
5081 1.030814
5095 1.641474
5135 0.593810
5143 0.902694
5178 0.832588
5242 1.233234
5368 1.659203
5369 1.960233
5395 1.035093
5714 1.426630
5732 0.786561
5734 0.562293
5735 1.507935
5926 0.698970
6103 2.085172
6112 0.501595
6308 0.749380
6456 2.419254
6580 4.680888
6605 1.459631
6792 1.558758
6828 0.717195
7050 1.164353
7126 0.769901
7341 8.972076
7385 0.769901
7388 1.548052
7389 1.426630
7498 0.355467
7508 1.925471
7537 6.235112
7540 1.340444
7694 0.776963
7707 1.066286
7788 0.530212
7856 1.254084
7859 2.411414
7861 0.696991
7887 0.971228
7920 1.039414
7972 1.254084
8007 0.838017
8287 1.760661
8334 4.129969
8449 1.395961
8485 1.115135
8494 2.582452
8605 1.476768
8939 1.213339
9052 0.843514
9059 0.542484
9080 1.784142
9130 0.767573
9132 1.463836
9345 3.039414
9623 0.994091
9767 0.850618
9811 0.909080
9907 1.520900
10058 1.819334
10890 1.861531
11045 1.863323
11055 1.471212
11078 2.085172
11162 1.254084
11229 1.416165
11238 1.495346
11256 0.779343
11258 1.386202
11437 1.213339
11523 1.076710
11600 0.351885
