184

23 0.030617
74 0.028340
194 0.021753
258 0.036681
292 0.033531
304 0.033224
308 0.027530
346 0.015235
418 0.024794
455 0.022668
458 0.044933
479 0.036484
531 0.027629
536 0.027239
549 0.043890
553 0.023579
585 0.046977
586 0.022466
612 0.094839
666 0.048353
806 0.041395
917 0.017261
990 0.080612
1251 0.043220
1278 0.038145
1285 0.040570
1331 0.070375
1409 0.093098
1466 0.027335
1532 0.046868
1721 0.112332
1727 0.057897
1981 0.028133
1995 0.034333
2084 0.059549
2085 0.043551
2086 0.042583
2154 0.020378
2224 0.034499
2259 0.025657
2263 0.126827
2507 0.034319
2539 0.034006
2552 0.031386
2565 0.042583
2618 0.035011
2664 0.154092
2762 0.014134
2851 0.035186
3095 0.017762
3193 0.049891
3203 0.016995
3275 0.018381
3367 0.053648
3464 0.042898
3466 0.049358
3546 0.058859
3558 0.072581
3608 0.056930
3623 0.060079
3633 0.036681
3818 0.021198
3841 0.028693
3975 0.035544
3976 0.374970
3998 0.077046
4060 0.054394
4071 0.030617
4091 0.020840
4181 0.045732
4215 0.075035
4529 0.039301
4610 0.039545
4615 0.044596
4841 0.051027
4938 0.041114
4969 0.034333
5009 0.041395
5050 0.028445
5053 0.032486
5070 0.056029
5081 0.030996
5095 0.049358
5110 0.054394
5135 0.017855
5242 0.037082
5499 0.054394
5692 0.068004
5702 0.050447
5737 0.056029
5753 0.019552
5797 0.032062
5870 0.047878
5885 0.021258
6272 0.051027
6291 0.024248
6317 0.021137
6421 0.035524
6456 0.048497
6466 0.032343
6559 0.030010
6570 0.030010
6584 0.643465
6587 0.018726
6605 0.043890
6777 0.057897
6792 0.015624
6864 0.026237
7047 0.036484
7060 0.028031
7061 0.028765
7062 0.010342
7111 0.015007
7126 0.023150
7131 0.087102
7150 0.058859
7182 0.040048
7320 0.149673
7334 0.149673
7335 0.091393
7341 0.134892
7469 0.061324
7534 0.048353
7537 0.074994
7580 0.113128
7704 0.021442
7758 0.029892
7788 0.031886
7859 0.045318
7887 0.058408
7948 0.041395
7978 0.033073
8026 0.091393
8196 0.039301
8264 0.108788
8326 0.038145
8343 0.029658
8444 0.048353
8449 0.041975
8452 0.104544
8467 0.047420
8485 0.134125
8539 0.040193
8761 0.022466
8826 0.063969
8834 0.901185
8931 0.008009
8939 0.036484
9131 0.067994
9138 0.020264
9163 0.064238
9329 0.045342
9646 0.073361
9698 0.052942
9767 0.008526
9783 0.026135
9811 0.054671
10140 0.077046
10141 0.047420
10223 0.062700
10275 0.035544
10329 0.049358
10331 0.105883
10401 0.030742
10403 0.041395
10530 0.035011
10560 0.051027
10619 0.031805
10639 0.033688
10818 0.039061
10863 0.056029
11055 0.044238
11079 0.049891
11153 0.043220
11155 0.046977
11229 0.042583
11287 0.031386
11306 0.017716
11320 0.030129
11368 0.053648
11375 0.023798
11376 0.041877
11377 0.036880
11440 0.053648
