110

23 0.043576
183 0.292579
318 0.035288
391 0.058124
604 0.063995
661 0.050588
875 0.293184
895 0.036218
960 0.045633
992 0.049584
1617 0.110519
1636 0.047723
1641 0.055594
1643 0.044670
1855 0.117192
1981 0.040040
2018 0.117192
2357 0.100162
2396 0.178474
2539 0.048399
2769 0.047723
2886 0.067490
2967 0.124933
3275 0.026160
3299 0.075349
3374 0.050079
3414 0.047503
3438 0.117192
3473 0.032849
3531 0.033766
3573 0.033766
3618 0.075349
3727 0.068818
3938 0.052778
3951 0.030170
4237 0.052206
4315 0.032359
4374 0.077417
4677 0.023098
4708 0.029494
4908 0.076354
5394 0.021305
5399 0.067490
5591 0.392717
5851 0.036218
5896 0.091426
5945 0.048864
5947 0.160103
6047 0.081025
6136 0.068818
6213 0.174558
6217 0.154952
6445 0.063471
6964 0.075349
7095 0.078543
7111 0.021359
7118 0.104641
7404 0.048171
7549 0.062466
7635 0.030170
7655 0.078928
7656 0.225131
7694 0.066502
7758 0.042543
7874 0.054607
8111 0.044298
8117 0.067490
8186 0.132501
8227 0.069903
8240 0.065660
8292 0.047946
8410 0.055935
8598 0.117192
8785 0.036337
8822 0.539920
8826 0.030348
8867 0.735460
8919 0.065107
8959 0.048630
9062 0.046033
9085 0.174558
9087 0.200580
9110 0.053368
9138 0.028841
9383 0.065660
9407 0.054607
9469 0.070249
9755 0.065660
9811 0.038905
10302 0.061984
10378 0.029246
10465 0.057366
10502 0.078543
10544 0.227991
10619 0.022634
10644 0.079743
10760 0.130075
10818 0.055594
11121 0.025681
11192 0.130075
11306 0.025214
11376 0.019867
11457 0.071798
11458 0.182894
11466 0.047503
11503 0.189175
11532 0.027904
11600 0.045178
11611 0.068818
11625 0.047286
