149

41 0.079209
79 0.032301
97 0.095531
99 0.038182
166 0.048222
175 0.042962
320 0.060893
346 0.017748
404 0.019100
508 0.027133
630 0.019395
665 0.022169
897 0.030140
917 0.020107
1007 0.154111
1053 0.035098
1080 0.054226
1090 0.057498
1132 0.110843
1487 0.029354
1542 0.199618
1605 0.031290
1611 0.058119
1666 0.052813
1940 0.020265
2046 0.071334
2125 0.062496
2154 0.023738
2174 0.033260
2268 0.026645
2313 0.047575
2340 0.071334
2530 0.100489
2550 0.028071
2575 0.100528
2576 0.029940
2696 0.023938
2769 0.039061
2770 0.060151
2916 0.051129
3054 0.046652
3122 0.026806
3149 0.039244
3236 0.102454
3454 0.230591
3473 0.026887
3492 0.024277
3498 0.051129
3531 0.027637
3535 0.035238
3539 0.058767
3621 0.126037
3679 0.052821
3975 0.041407
4116 0.106466
4163 0.061673
4205 0.042962
4315 0.026485
4317 0.043929
4413 0.035238
4471 0.079209
4537 0.038881
4566 0.028976
4645 0.037189
4876 0.081982
4943 0.020055
4969 0.039995
4970 0.095790
5023 0.037513
5025 0.029450
5135 0.062401
5143 0.221340
5307 0.036108
5363 0.130314
5389 0.480648
5393 0.479607
5491 0.028369
5624 0.154111
5653 0.079209
5678 0.138199
5681 0.080378
5719 0.207033
5743 0.026250
5781 0.071438
5833 0.034964
5885 0.024764
6070 0.078052
6110 0.214313
6112 0.052710
6317 0.024623
6587 0.065444
6792 0.018200
6816 0.034283
6828 0.025122
6864 0.076409
7008 0.030757
7032 0.048557
7050 0.040786
7150 0.034283
7165 0.039061
7387 0.044180
7485 0.246693
7498 0.049806
7530 0.034959
7556 0.064288
7594 0.052821
7641 0.022654
7668 0.057498
7729 0.292162
7821 0.089753
7972 0.087857
7973 0.178329
8007 0.029354
8083 0.024906
8245 0.036409
8272 0.030968
8402 0.067446
8404 0.018293
8419 0.039995
8470 0.080770
8684 0.044436
8826 0.012420
8876 0.214313
8931 0.027990
8959 0.039804
9008 0.202339
9062 0.075355
9080 0.124992
9103 0.069988
9130 0.026887
9132 0.025638
9138 0.023607
9190 0.106466
9761 0.058518
10092 0.062149
10324 0.059443
10325 0.216647
10396 0.035523
10397 0.029644
10556 0.041407
10600 0.106466
10619 0.018525
10621 0.394281
10890 0.016302
11162 0.087857
11532 0.022839
11600 0.012326
11605 0.023091
11620 0.152048
