321

23 1.018225
71 0.878046
99 1.090024
123 1.459631
194 0.723444
199 1.349218
213 0.840757
218 1.608050
255 5.352425
259 1.367316
266 2.261263
304 2.209831
318 0.824570
373 1.459631
404 1.090519
419 2.738384
447 2.413810
531 0.918840
536 0.905875
604 1.495346
633 1.206905
662 2.562293
781 1.659203
783 1.998021
857 1.158601
913 2.078828
917 0.574031
936 3.039414
992 1.158601
1028 1.376656
1132 0.632874
1157 2.630276
1231 1.022381
1238 2.562293
1296 0.974956
1353 2.340444
1456 1.698165
1533 1.738384
1546 3.039414
1566 3.039414
1641 1.299051
1666 0.753857
1900 9.047611
1950 1.534264
1965 1.925471
2000 0.986336
2115 0.922143
2130 2.340444
2165 1.617930
2185 1.182082
2259 0.426630
2291 2.039414
2313 1.358173
2343 1.893286
2344 1.307020
2348 1.913257
2366 1.717195
2524 1.048188
2543 1.141787
2569 1.677686
2575 0.956629
2601 1.507935
2618 1.164353
2626 1.182082
2627 2.295769
2690 0.974956
2762 0.470040
2801 1.200565
2872 2.136324
2917 3.039414
2923 2.136324
2926 1.520900
2936 18.089652
2954 0.935610
2980 1.998021
3027 1.925471
3115 1.784142
3179 0.772242
3203 1.695594
3210 2.340444
3243 2.003975
3281 1.784142
3282 1.376656
3324 2.738384
3331 2.738384
3383 1.835294
3401 1.340444
3402 1.323411
3414 1.109995
3420 2.039414
3425 2.738384
3465 1.738384
3473 3.070290
3490 2.194316
3492 0.693061
3510 1.960233
3535 2.011981
3546 0.978716
3558 2.413810
3613 1.005990
3621 2.698605
3682 1.893286
3688 2.136324
3805 3.039414
3841 2.385606
3850 1.516762
3869 1.416165
3953 1.784142
3982 1.893286
4033 1.283539
4215 2.495423
4278 1.534264
4343 1.835294
4399 3.039414
4573 1.087740
4593 1.863323
4609 2.340444
4645 1.061691
4701 1.275986
4854 2.562293
4908 1.784142
4943 1.145093
4955 1.562293
4961 2.562293
4964 2.114286
5004 2.039414
5009 1.376656
5084 3.154032
5241 1.696991
5307 1.030814
5309 2.738384
5316 3.039414
5345 1.471212
5394 0.497835
5491 0.404937
5562 9.571214
5569 20.531538
5679 1.548052
5681 2.294639
5711 3.039414
5734 1.124586
5743 0.749380
5758 2.439740
5817 2.772403
5821 0.918840
5833 0.998169
5851 0.846290
5869 1.052642
5880 1.670588
5885 0.706976
5926 0.698970
5949 1.837680
5954 3.039414
5988 1.960233
6013 2.738384
6023 1.416165
6060 0.971228
6070 0.742749
6112 0.501595
6227 1.158601
6291 0.806418
6317 0.702954
6418 4.378892
6421 1.181416
6436 7.298475
6445 1.483112
6456 1.612836
6559 0.998021
6583 5.033059
6792 1.039172
6796 4.101949
6818 3.039414
6853 1.960233
6864 2.181349
6871 1.507935
6946 2.085172
6962 1.200565
7008 0.878046
7062 1.031797
7082 2.294639
7111 0.499085
7122 1.677686
7125 1.416165
7126 1.539802
7150 0.978716
7151 2.738384
7258 3.039414
7323 2.738384
7377 1.275986
7378 2.261263
7380 3.039414
7385 3.849506
7411 0.893286
7429 2.437354
7460 0.990196
7501 2.105285
7511 1.592256
7670 2.738384
7704 0.713078
7706 1.893286
7709 1.359157
7715 1.233234
7737 1.358173
7738 1.066286
7753 1.998021
7788 1.060423
7801 1.592256
7830 1.808965
7858 3.039414
7859 1.507134
7862 0.960233
7887 0.971228
7914 3.039414
7915 2.087558
7930 3.039414
7946 1.026577
7973 1.696991
7989 1.048188
7991 1.562293
7993 2.437354
7995 1.835294
8007 0.838017
8016 0.939044
8085 4.523806
8087 1.158601
8089 1.893286
8098 1.247022
8237 1.170182
8348 6.137057
8351 2.466468
8352 0.854723
8359 1.893286
8382 2.078828
8404 0.522218
8425 1.808965
8462 1.226501
8464 3.039414
8485 1.115135
8489 1.495346
8505 2.562293
8555 1.784142
8629 1.426630
8765 3.039414
8767 1.409921
8826 0.531848
8931 0.266359
9022 1.835294
9034 1.233234
9047 0.829899
9051 1.125600
9052 0.843514
9059 1.084969
9065 0.915562
9097 2.817131
9104 0.893286
9114 4.047654
9115 14.363904
9116 3.546245
9173 2.738384
9189 1.448350
9252 3.039414
9328 0.915562
9378 1.386202
9394 1.925471
9410 2.437354
9435 1.608050
9444 0.939044
9521 2.966223
9643 1.170182
9650 2.738384
9662 1.677686
9715 3.039414
9729 1.349218
9755 1.534264
9767 0.283539
9884 2.437354
9998 1.534264
10027 2.738384
10058 0.606445
10103 2.437354
10215 1.641474
10327 2.832330
10378 0.683388
10401 1.022381
10403 1.376656
10433 1.052642
10442 5.124586
10475 0.539727
10582 1.717195
10619 1.057738
10639 1.120336
10646 1.213339
10701 0.786561
10810 1.893286
10818 1.299051
10820 1.998021
10857 2.437354
10890 0.930766
10916 2.194316
10930 2.738384
10943 2.738384
11015 1.075626
11062 2.437354
11121 1.200163
11157 6.078828
11194 1.014108
11242 1.048188
11256 2.338028
11306 1.178330
11320 1.001988
11332 0.715132
11355 1.592256
11376 0.928453
11396 4.712521
11397 2.924868
11536 1.323411
11565 1.998021
11600 0.703770
11637 5.572946
11671 1.592256
11672 1.738384
