75

272 0.183589
418 0.145199
458 0.065784
553 0.069040
865 0.138849
913 0.091515
1221 0.199093
1278 0.111691
1285 0.118792
1333 0.071451
1579 0.225597
1605 0.078649
1651 0.157085
1797 0.061892
1831 0.067581
1881 0.151191
2165 0.071225
2363 0.090016
2507 0.033497
2552 0.091900
2618 0.102516
2633 0.192807
2884 0.169528
3122 0.067377
3275 0.107640
3621 0.158399
3913 0.188093
3926 0.173684
4160 0.241101
4569 0.206065
4734 0.054540
5112 0.084544
5227 0.113686
5345 0.129533
5569 0.180770
5734 0.099014
5919 0.143024
5945 0.100529
6060 0.085512
6070 0.065395
6112 0.044163
6240 0.127520
6436 0.321297
6491 0.241101
6874 0.044052
7126 0.135572
7377 0.224689
7498 0.062594
7635 0.062068
7704 0.062783
7736 0.214597
7788 0.046683
7859 0.026539
7982 0.183589
8404 0.045979
8449 0.122908
8620 0.193199
8931 0.023452
9115 0.097282
9138 0.059336
9444 0.165356
9774 0.084226
9811 0.080040
9903 0.069899
10251 0.208153
10276 0.142451
10378 0.060169
10397 0.074512
10475 0.047520
10500 0.125608
10779 0.141581
11242 0.092288
11411 0.147712
11521 0.094704
11532 0.057408
