40

108 0.154994
218 0.212991
346 0.067109
630 0.220015
1007 0.145685
1940 0.076626
2417 0.227448
2696 0.090517
2804 0.154222
4211 0.120838
4359 0.141848
4621 0.402580
5135 0.078652
5248 0.339384
5333 0.264644
5624 0.145685
5740 0.168025
6380 0.124838
6418 0.193333
6421 0.078241
6587 0.082488
6725 0.169008
6806 0.089762
6812 0.324908
6874 0.132543
7165 0.147703
7528 0.161576
7641 0.171320
7887 0.128642
8456 0.210899
9242 0.099851
9592 0.141848
10092 0.117503
10279 0.133247
10325 0.136535
10326 0.096945
10433 0.139426
10487 0.079066
10507 0.135418
11543 0.167058
