151

36 0.056482
68 0.064910
79 0.078712
93 0.109356
194 0.030876
308 0.078151
318 0.035192
479 0.051784
514 0.076145
552 0.042764
553 0.033466
630 0.023631
633 0.051509
697 0.034967
982 0.129719
1094 0.170547
1141 0.056482
1204 0.104024
1390 0.055782
1465 0.059162
1506 0.047593
1532 0.033262
1614 0.088993
1666 0.064348
1705 0.418304
1822 0.063298
1872 0.027230
2005 0.049448
2058 0.038391
2146 0.070056
2455 0.036358
2507 0.032474
2576 0.182393
2609 0.063298
2618 0.049693
2948 0.056842
3095 0.050422
3165 0.065481
3179 0.032959
3351 0.046731
3377 0.064357
3405 0.085273
3417 0.045907
3473 0.032759
3495 0.049942
3567 0.091039
3613 0.042935
3850 0.032367
3889 0.087040
3891 0.056129
3926 0.042096
4352 0.060887
4534 0.050450
4537 0.047373
4708 0.029413
4734 0.026438
4737 0.129719
4796 0.302700
4910 0.083661
4964 0.045118
4987 0.067956
5100 0.029916
5217 0.055442
5320 0.038799
5363 0.158775
5693 0.053829
5719 0.050450
5751 0.080803
5821 0.039215
5870 0.067956
6060 0.041451
6165 0.077205
6239 0.148385
6283 0.091813
6433 0.032367
6568 0.030876
6587 0.053159
6627 0.194921
6806 0.028923
6828 0.030609
7039 0.053523
7061 0.020414
7111 0.042601
7118 0.026089
7188 0.058754
7217 0.033989
7310 0.066069
7393 0.087040
7453 0.080803
7485 0.075143
7493 0.068630
7523 0.073288
7546 0.116871
7554 0.087040
7664 0.051509
7730 0.070813
7735 0.684231
7760 0.028446
7899 0.113585
7919 0.070813
7972 0.053523
7981 0.039498
8010 0.064357
8196 0.055782
8266 0.091176
8377 0.053523
8387 0.036479
8414 0.082177
8444 0.068630
8469 0.110216
8529 0.045508
8539 0.028524
8784 0.079571
8785 0.036238
8826 0.037831
8959 0.048497
9105 0.090624
9193 0.082177
9255 0.060004
9306 0.068630
9312 0.091176
9379 0.125580
9537 0.075143
9568 0.045508
9592 0.045706
9623 0.042427
9730 0.088993
9747 0.040374
9865 0.033989
9923 0.080803
9951 0.062296
10010 0.090624
10058 0.025882
10258 0.060440
10331 0.075143
10423 0.029831
10521 0.105266
10619 0.022572
10621 0.240197
10677 0.070384
10701 0.067139
11015 0.045907
11031 0.061814
11119 0.141626
11210 0.072476
11332 0.030521
11375 0.033778
11376 0.019813
11443 0.040374
11532 0.027828
11600 0.015018
