225

63 0.029577
72 0.095028
97 0.028423
109 0.038557
188 0.035028
198 0.036046
404 0.017048
458 0.023360
467 0.076694
476 0.055782
577 0.040371
598 0.051875
633 0.037734
634 0.038557
695 0.055782
697 0.025616
748 0.070699
875 0.035698
895 0.026459
1049 0.085616
1112 0.023926
1140 0.056558
1333 0.025373
1405 0.070699
1483 0.055048
1489 0.199129
1507 0.042464
1523 0.152558
1605 0.027929
1617 0.040371
1637 0.057381
1679 0.073175
1820 0.147918
1859 0.170646
1924 0.102642
1995 0.071397
1997 0.046370
2051 0.080111
2221 0.085616
2225 0.060200
2268 0.023782
2301 0.055782
2304 0.034704
2493 0.124937
2497 0.050276
2507 0.071369
2533 0.073175
2548 0.032096
2549 0.095028
2627 0.071778
2768 0.031579
2781 0.095028
2797 0.127526
3070 0.080111
3075 0.085616
3095 0.018469
3121 0.024516
3171 0.045998
3177 0.036224
3203 0.035342
3313 0.047146
3316 0.038557
3417 0.033630
3446 0.065193
3495 0.036586
3531 0.049336
3535 0.031453
3569 0.076205
3693 0.044939
3742 0.070699
3806 0.043645
3869 0.044277
3870 0.065193
3885 0.040130
3946 0.219524
3947 0.190056
3968 0.044939
4196 0.022951
4199 0.053057
4213 0.078419
4217 0.035871
4266 0.032911
4462 0.071397
4566 0.025863
4623 0.047969
4624 0.039662
4645 0.033194
4646 0.068606
4738 0.053702
4745 0.059194
4764 0.036046
4796 0.036958
4805 0.146349
4867 0.080111
4901 0.028223
4943 0.017901
4945 0.240801
4960 0.048846
5086 0.047551
5178 0.052062
5256 0.041909
5278 0.055048
5307 0.064457
5320 0.028423
5324 0.030366
5329 0.059194
5363 0.038771
5394 0.015565
5437 0.073175
5460 0.077977
5491 0.012660
5508 0.061287
5625 0.143908
5678 0.030838
5734 0.035160
5743 0.023430
5821 0.028728
5833 0.062416
5851 0.026459
5926 0.021853
5949 0.028728
5950 0.212097
5988 0.061287
5989 0.080111
6035 0.060200
6070 0.023222
6071 0.019368
6112 0.015683
6291 0.025213
6308 0.070289
6433 0.023711
6434 0.058257
6463 0.045283
6509 0.075871
6514 0.047969
6568 0.022619
6828 0.022423
6864 0.040920
6987 0.095028
7047 0.037935
7061 0.059818
7082 0.035871
7153 0.146349
7265 0.063763
7411 0.055858
7482 0.076205
7583 0.103751
7584 0.051321
7643 0.029468
7694 0.024292
7704 0.022295
7859 0.018848
7931 0.051875
8007 0.026201
8044 0.046370
8150 0.034389
8237 0.036586
8241 0.063670
8271 0.028935
8292 0.070055
8449 0.043645
8455 0.040920
8463 0.090066
8653 0.033778
8671 0.042750
8677 0.042464
8707 0.070699
8780 0.040371
8826 0.049885
8931 0.016656
8959 0.035527
8971 0.081729
9034 0.038557
9051 0.070384
9059 0.016961
9064 0.080111
9090 0.190056
9093 0.534360
9097 0.029359
9103 0.062469
9130 0.023998
9132 0.045767
9137 0.045283
9270 0.033630
9279 0.042750
9366 0.041909
9397 0.066793
9412 0.070699
9473 0.046370
9587 0.040371
9643 0.073172
9669 0.024218
9682 0.068606
9717 0.146349
9724 0.080111
9942 0.043340
10063 0.042750
10067 0.031835
10195 0.026459
10249 0.030136
10378 0.106832
10411 0.070699
10487 0.018663
10502 0.057381
10541 0.043340
10563 0.043340
10604 0.045283
10618 0.068606
10619 0.016535
10639 0.035028
10677 0.051561
10709 0.095028
10779 0.050276
10912 0.073175
11121 0.056285
11162 0.039209
11417 0.095028
11423 0.025534
11441 0.043340
11456 0.048400
11458 0.026723
11500 0.076205
11502 0.031706
11523 0.033664
11600 0.011002
