126

79 0.922143
90 4.680888
139 1.219870
308 0.915562
377 2.136324
455 0.753857
457 1.061691
479 2.426679
552 2.003975
606 3.920466
637 1.275986
717 2.261263
798 1.307020
815 2.562293
860 2.261263
895 0.846290
917 0.574031
1141 1.323411
1390 1.307020
1419 2.340444
1465 1.386202
1542 0.814105
1705 1.960233
1939 1.405946
1986 1.125600
2017 3.393983
2070 2.261263
2115 0.922143
2154 0.677686
2268 0.760661
2507 0.760899
2646 1.925471
2828 2.340444
2950 1.395961
3165 1.534264
3177 1.158601
3465 1.738384
3482 0.967532
3558 1.206905
3567 0.711035
3685 1.437354
4071 1.018225
4195 1.170182
4462 1.141787
4520 0.729784
4534 1.182082
4663 0.890195
5012 0.827227
5081 2.061628
5122 1.893286
5363 2.480147
5612 1.677686
5751 1.893286
5920 1.233234
6239 3.476768
6385 2.194316
6421 0.590708
6540 1.960233
6627 2.283574
6665 1.835294
6802 1.005990
6806 0.677686
6922 2.340444
7061 0.478313
7445 1.925471
7735 9.865873
7859 0.301427
7899 0.887126
7927 2.738384
7929 1.520900
7981 0.925471
8007 0.838017
8048 1.188156
8196 1.307020
8245 2.078828
8387 0.854723
8414 1.925471
8455 0.436270
8457 1.194316
8539 0.668346
8630 2.039414
8784 1.864408
8826 0.709131
9105 2.123381
9132 0.731918
9144 0.925471
9253 2.194316
9261 1.376656
9333 1.426630
9351 1.367316
9602 1.577016
9646 1.219870
9737 3.039414
9767 1.134157
9796 1.592256
9863 1.219870
9974 2.480147
10048 3.039414
10185 0.932204
10254 1.659203
10258 5.664659
10327 1.416165
10413 5.476768
10521 7.399405
10556 1.182082
10576 2.261263
10596 1.194316
10619 0.528869
10621 1.125600
10778 2.562293
10782 2.738384
10827 1.717195
10856 1.925471
10887 1.268562
10890 1.396149
10892 1.226501
10991 1.784142
11119 3.318406
11228 1.141787
11310 2.085172
11332 0.715132
11362 1.164353
11375 0.791441
11397 0.974956
11443 0.945992
11600 0.703770
