51

111 0.098412
352 0.161510
553 0.095091
630 0.067145
889 0.274218
1053 0.121509
1106 0.117779
1135 0.155652
1940 0.210466
1986 0.136499
2519 0.159484
2720 0.127652
3423 0.112230
3473 0.093082
3492 0.084046
3611 0.119611
4359 0.129869
4764 0.139812
5491 0.049106
6421 0.071634
6456 0.097793
6587 0.075522
6806 0.082182
7050 0.141199
7062 0.041708
7430 0.210810
7497 0.114295
7498 0.043107
7528 0.147931
7532 0.152951
7704 0.086473
7745 0.195585
7887 0.117779
7972 0.152080
8829 0.078640
8909 0.191241
8931 0.064602
9059 0.065786
9104 0.108327
9242 0.091419
9905 0.195005
10017 0.112637
10619 0.064135
10621 0.136499
10701 0.095385
11025 0.082642
11376 0.056296
11521 0.130439
11547 0.126047
11605 0.159880
11606 0.113046
