98

26 2.141862
103 1.219870
160 2.261263
345 0.932204
398 5.506625
404 0.545260
630 0.553693
671 1.784142
992 1.158601
1333 0.811527
1582 9.118242
1723 1.386202
1725 3.601695
1940 1.157033
2000 0.986336
2013 2.039414
2259 0.853261
2499 1.307020
2507 1.141348
2524 1.048188
2575 0.956629
2762 1.410121
2763 0.756113
2764 4.680888
2769 1.115135
3567 1.422069
3598 1.534264
3600 3.039414
3618 1.760661
3626 1.935064
3637 1.136324
3691 0.742749
3695 1.405946
3968 1.437354
3984 1.323411
4211 0.912309
4315 1.512226
4451 0.878046
4542 1.416165
4573 0.543870
4591 4.680888
4708 0.689166
4734 1.238917
4938 1.367316
4943 1.145093
5320 0.909080
5394 0.995670
5491 1.619747
5529 3.233586
5603 3.039414
5637 2.738384
5753 0.650248
5948 2.589969
6008 5.124586
6112 0.501595
6317 2.108863
6635 4.932937
6637 3.039414
6806 1.355373
6874 0.500338
7310 1.548052
7329 4.388632
7450 1.376656
7515 1.405946
7694 0.776963
7897 3.039414
7925 1.520900
8042 1.738384
8150 1.099895
8237 1.170182
8271 0.925471
8455 1.308809
8808 3.393983
8829 3.242395
8871 2.376312
8883 6.078828
9130 1.535145
9361 2.261263
9379 1.471212
9522 1.507935
9564 2.562293
9587 1.291226
9808 3.039414
9915 2.194316
10058 0.606445
10326 0.731918
10396 1.014108
10465 1.340444
10628 1.960233
10667 1.624441
10686 2.261263
11025 2.044438
11121 0.600081
11130 1.784142
11502 3.042325
11547 1.039414
11564 3.216101
11570 1.426630
