368

71 0.066600
74 0.017872
79 0.017486
122 0.018559
173 0.060387
198 0.021863
276 0.057635
297 0.044831
308 0.052085
346 0.028823
377 0.040510
401 0.030493
457 0.040265
458 0.014168
465 0.033832
479 0.046016
514 0.101496
552 0.057001
595 0.102908
606 0.185856
609 0.051927
630 0.010499
637 0.024196
665 0.012001
678 0.026471
695 0.033832
717 0.300157
798 0.049569
815 0.145764
831 0.015536
860 0.085759
897 0.032632
903 0.038673
960 0.020220
985 0.040510
1141 0.025095
1153 0.057635
1387 0.041156
1390 0.049569
1399 0.044381
1419 0.044381
1465 0.026286
1487 0.015891
1506 0.021146
1532 0.014778
1542 0.046313
1548 0.025928
1636 0.021146
1663 0.041610
1666 0.028590
1705 0.074343
1796 0.027678
1807 0.017613
1814 0.048588
1822 0.056248
1831 0.029110
1851 0.048588
1859 0.023000
1872 0.036295
1939 0.026660
1949 0.031813
1986 0.021344
1994 0.020670
2005 0.021970
2008 0.029355
2046 0.019308
2052 0.025928
2053 0.029355
2057 0.062926
2071 0.018417
2086 0.080563
2154 0.012851
2156 0.030804
2174 0.018005
2176 0.030493
2185 0.022415
2259 0.008090
2268 0.043272
2272 0.041610
2313 0.025755
2320 0.065929
2364 0.077345
2475 0.033387
2507 0.014429
2539 0.021445
2548 0.019467
2550 0.045588
2552 0.019793
2559 0.051927
2565 0.026854
2575 0.018140
2576 0.032416
2638 0.040265
2680 0.057189
2707 0.037888
2720 0.019961
2762 0.008913
2763 0.014338
2801 0.022766
2828 0.044381
2851 0.022190
2875 0.029094
2913 0.036512
2929 0.046219
2983 0.025928
3017 0.034802
3095 0.044806
3096 0.057635
3165 0.029094
3275 0.034774
3293 0.036512
3298 0.057635
3316 0.023385
3377 0.057189
3423 0.052648
3477 0.044381
3480 0.026105
3495 0.044380
3535 0.019076
3546 0.018559
3567 0.026966
3598 0.029094
3613 0.019076
3688 0.040510
3691 0.014085
3841 0.018095
3850 0.043143
3877 0.046219
3926 0.037407
3971 0.054512
4005 0.020763
4051 0.044381
4071 0.019308
4096 0.057635
4148 0.037118
4196 0.013920
4197 0.044381
4215 0.028392
4310 0.019387
4352 0.027053
4437 0.027898
4451 0.016650
4462 0.064954
4520 0.013839
4534 0.022415
4542 0.053709
4614 0.027053
4645 0.020132
4663 0.016880
4677 0.010235
4734 0.011747
4738 0.010857
4763 0.035902
4764 0.021863
4771 0.029355
4796 0.044831
4866 0.017939
4904 0.027898
4943 0.010857
5012 0.094119
5081 0.019547
5100 0.013292
5104 0.034802
5112 0.018209
5135 0.011260
5141 0.030804
5178 0.031576
5205 0.042880
5320 0.017239
5363 0.117576
5366 0.079081
5368 0.031463
5391 0.057635
5394 0.009440
5468 0.022647
5490 0.115271
5496 0.018559
5612 0.031813
5613 0.037171
5689 0.015891
5692 0.028590
5712 0.018347
5719 0.156908
5740 0.024055
5751 0.035902
5753 0.012330
5758 0.023132
5761 0.057635
5792 0.036976
5814 0.033387
5833 0.018928
5851 0.016048
5926 0.013254
6035 0.036512
6071 0.070480
6129 0.037171
6167 0.021048
6239 0.032964
6291 0.015292
6308 0.014210
6421 0.022403
6514 0.029094
6537 0.044381
6587 0.011809
6627 0.086605
6665 0.034802
6734 0.057635
6802 0.038153
6806 0.012851
6864 0.016546
6909 0.014168
6922 0.044381
6946 0.039540
6989 0.051927
7008 0.016650
7039 0.023781
7060 0.017677
7061 0.018140
7062 0.013044
7082 0.021756
7111 0.009464
7118 0.023183
7122 0.031813
7131 0.109858
7142 0.044381
7353 0.032563
7368 0.020487
7445 0.036512
7492 0.048588
7498 0.013481
7554 0.116018
7641 0.012263
7694 0.014733
7709 0.012887
7735 0.561250
7760 0.012639
7847 0.017677
7855 0.028124
7856 0.047562
7859 0.028579
7864 0.044380
7895 0.035334
7899 0.050467
7904 0.024196
7915 0.079171
7918 0.029355
7919 0.062926
7929 0.057681
7931 0.031463
7939 0.030804
7940 0.057635
7971 0.028840
7978 0.041714
7987 0.026105
7989 0.039753
8007 0.079455
8009 0.030493
8010 0.028594
8030 0.032179
8048 0.135184
8083 0.026966
8179 0.048588
8196 0.024785
8230 0.034303
8245 0.019710
8266 0.040510
8271 0.017549
8272 0.050293
8292 0.021245
8326 0.024055
8356 0.109536
8358 0.037171
8382 0.039420
8383 0.027053
8387 0.032416
8404 0.009903
8407 0.027465
8445 0.030193
8452 0.032964
8455 0.024819
8476 0.065125
8489 0.028356
8494 0.024485
8539 0.025347
8663 0.109536
8784 0.247479
8785 0.112706
8826 0.057150
8845 0.035902
8931 0.025254
8934 0.033387
9051 0.170755
9059 0.020574
9065 0.034723
9083 0.035902
9097 0.017807
9105 0.020132
9132 0.013879
9138 0.025559
9144 0.017549
9162 0.034303
9253 0.083220
9261 0.026105
9357 0.026105
9473 0.028124
9555 0.042880
9592 0.020308
9618 0.036417
9643 0.022190
9646 0.069396
9668 0.032563
9669 0.014688
9702 0.242940
9736 0.051927
9767 0.048390
9770 0.096935
9796 0.030193
9863 0.023132
10010 0.020132
10015 0.020220
10063 0.025928
10114 0.048588
10185 0.035354
10195 0.016048
10254 0.094389
10258 0.053709
10276 0.046020
10329 0.062253
10331 0.066774
10338 0.042880
10339 0.057635
10487 0.011319
10521 0.046771
10537 0.029094
10576 0.085759
10596 0.022647
10621 0.149411
10637 0.148685
10677 0.015636
10778 0.097176
10827 0.065125
10887 0.024055
10890 0.017650
10892 0.069773
10894 0.048588
10895 0.041610
11039 0.172906
11079 0.031463
11119 0.409018
11121 0.011379
11122 0.041610
11130 0.033832
11155 0.029625
11228 0.021651
11332 0.027122
11362 0.022079
11375 0.090047
11376 0.008803
11382 0.035902
11397 0.018488
11423 0.015487
11443 0.071754
11523 0.030626
11564 0.030493
11566 0.026660
11568 0.025585
11600 0.020018
11652 0.057635
