54

79 0.922143
98 1.066286
318 0.824570
346 0.506660
512 1.386202
678 1.395961
1094 1.998021
1141 1.323411
1390 1.307020
1465 1.386202
1542 0.814105
2174 0.949509
2198 2.738384
2268 1.521321
2646 1.925471
3095 0.590708
3166 1.641474
3776 2.738384
4310 1.022381
4534 1.182082
4613 0.902694
4738 0.572546
4849 1.395961
5012 0.827227
5719 1.182082
6587 0.622774
6627 1.141787
6802 1.005990
6874 0.500338
6998 2.085172
7039 2.508169
7061 0.478313
7493 1.608050
7735 3.699702
7899 1.774252
8007 0.838017
8196 1.307020
8387 0.854723
8529 1.066286
8539 0.668346
8785 1.698165
8931 0.266359
9051 1.125600
9105 1.061691
9635 1.548052
9646 1.219870
10010 1.061691
10521 1.233234
10895 2.194316
11332 0.715132
11423 0.816698
11443 0.945992
11568 1.349218
11600 0.351885
