293

74 0.024743
98 0.027992
122 0.051387
136 0.079791
148 0.029411
179 0.033303
213 0.022072
259 0.035895
304 0.029007
308 0.024036
346 0.053204
404 0.014314
418 0.021647
474 0.079791
476 0.046838
478 0.051460
536 0.023781
552 0.026304
553 0.020585
585 0.041014
604 0.039256
632 0.025995
691 0.053539
693 0.042645
771 0.031032
908 0.079791
913 0.081861
917 0.045209
950 0.086185
960 0.027992
994 0.038022
1172 0.101096
1178 0.061442
1278 0.033303
1333 0.042609
1336 0.042215
1357 0.057606
1385 0.027517
1455 0.035420
1456 0.022290
1466 0.023865
1484 0.043092
1542 0.021372
1573 0.046838
1592 0.058823
1605 0.023451
1609 0.029275
1653 0.038935
1666 0.019790
1831 0.100752
1859 0.159205
1872 0.016749
1981 0.024562
1986 0.029550
2000 0.051787
2062 0.034964
2108 0.054740
2116 0.041800
2259 0.089600
2339 0.030120
2507 0.029963
2550 0.021038
2585 0.038623
2626 0.031032
2627 0.020090
2678 0.048916
2693 0.053539
2720 0.027634
2756 0.041400
2762 0.012340
2769 0.029275
2801 0.031518
2804 0.030567
2906 0.048181
2954 0.024562
3029 0.039927
3089 0.051460
3095 0.031015
3136 0.037734
3149 0.058823
3171 0.038623
3179 0.020273
3185 0.042645
3203 0.014838
3255 0.035895
3274 0.079854
3275 0.016047
3401 0.070379
3402 0.069485
3459 0.044550
3488 0.059363
3495 0.030720
3540 0.045636
3758 0.031032
3770 0.035420
3841 0.050102
3850 0.019909
3869 0.037177
3989 0.067266
4046 0.050548
4110 0.025497
4195 0.030720
4205 0.032198
4213 0.032923
4215 0.013102
4315 0.019850
4396 0.039927
4462 0.029974
4469 0.048916
4510 0.047489
4538 0.058823
4708 0.018092
4734 0.016262
4738 0.075153
4858 0.041800
4859 0.041800
4901 0.023698
4934 0.061442
4943 0.015031
4964 0.027752
4980 0.054740
5081 0.027061
5096 0.044550
5100 0.055205
5110 0.094979
5111 0.049703
5112 0.050417
5137 0.048181
5178 0.021857
5351 0.051460
5394 0.013069
5496 0.051387
5529 0.016978
5562 0.071790
5569 0.053900
5693 0.033111
5712 0.025400
5743 0.019673
5749 0.025400
5826 0.059379
6023 0.037177
6065 0.035655
6070 0.019499
6071 0.065049
6162 0.038022
6185 0.051460
6281 0.031684
6324 0.038623
6380 0.024743
6381 0.043092
6421 0.077537
6436 0.239502
6437 0.159583
6455 0.050548
6456 0.021170
6457 0.039256
6570 0.052401
6587 0.016349
6792 0.013640
6802 0.026409
6813 0.020649
6814 0.032024
6838 0.029411
6859 0.048916
6942 0.099406
6980 0.031353
7060 0.073417
7061 0.025114
7062 0.072232
7111 0.013102
7118 0.016047
7122 0.044043
7123 0.030567
7182 0.034964
7217 0.020907
7283 0.042215
7358 0.059363
7377 0.033497
7385 0.020212
7387 0.033111
7388 0.040640
7395 0.061442
7460 0.103979
7498 0.065323
7523 0.045080
7635 0.018507
7643 0.024743
7694 0.040794
7704 0.018720
7709 0.017840
7738 0.055985
7760 0.017497
7783 0.038022
7788 0.027838
7794 0.038022
7821 0.067266
7855 0.038935
7859 0.039566
7861 0.036595
7864 0.030720
7890 0.143777
7896 0.037734
7911 0.032555
7917 0.061442
7920 0.027287
7946 0.026950
7981 0.072887
8087 0.030416
8091 0.050548
8227 0.021440
8259 0.044550
8281 0.035895
8290 0.071889
8339 0.057606
8352 0.022438
8463 0.025208
8499 0.020907
8534 0.048181
8619 0.033497
8621 0.033696
8685 0.042645
8711 0.039927
8761 0.019615
8784 0.024472
8819 0.034103
8826 0.079119
8874 0.069485
8879 0.043558
8931 0.006993
9019 0.027752
9052 0.022144
9059 0.042724
9062 0.028238
9075 0.039927
9097 0.073956
9111 0.071889
9115 0.174039
9197 0.039927
9235 0.061442
9444 0.024652
9568 0.027992
9618 0.025208
9623 0.026097
9634 0.032737
9635 0.040640
9668 0.135241
9747 0.049669
9767 0.022331
9811 0.047731
9903 0.041683
9905 0.042215
10016 0.079791
10058 0.047762
10067 0.026731
10185 0.024472
10195 0.022217
10275 0.031032
10276 0.042474
10291 0.053539
10378 0.035881
10423 0.146796
10509 0.018507
10563 0.036391
10581 0.036391
10619 0.013884
10627 0.041014
10646 0.031853
10686 0.059363
10701 0.020649
10735 0.040640
10865 0.051460
10890 0.024435
10892 0.032198
10999 0.073294
11120 0.057606
11146 0.028488
11194 0.053245
11195 0.080556
11238 0.039256
11242 0.027517
11256 0.020459
11257 0.032198
11320 0.026304
11332 0.018774
11335 0.027402
11386 0.035420
11423 0.107201
11466 0.029140
11523 0.028266
11532 0.017117
11600 0.018476
11636 0.030567
11637 0.097535
