193

64 1.426630
71 0.878046
79 0.922143
97 0.909080
103 4.879481
172 12.157656
259 1.367316
272 2.085172
304 1.104916
308 1.831125
318 0.824570
346 1.013319
404 1.090519
455 0.753857
457 2.123381
586 0.747158
632 0.990196
678 1.395961
697 0.819306
895 0.846290
897 1.720874
960 1.066286
992 1.158601
1094 1.998021
1141 2.646822
1258 1.240074
1296 2.924868
1387 1.085172
1390 1.307020
1465 2.772403
1542 1.628210
1561 1.863323
1617 3.873678
1649 1.762103
1666 2.261570
1687 2.136324
1750 1.784142
1807 1.857649
1838 1.548052
1859 1.819334
1872 0.638014
1950 1.534264
1986 1.125600
2021 1.437354
2022 1.717195
2115 0.922143
2118 1.893286
2174 1.899018
2218 2.340444
2268 2.281982
2403 2.085172
2471 3.039414
2507 0.380449
2523 3.039414
2638 1.061691
2651 1.568283
2762 0.470040
2948 3.995532
2983 1.367316
3115 1.784142
3119 2.194316
3166 4.924422
3275 1.833838
3377 1.507935
3419 1.738384
3436 1.367316
3437 1.437354
3460 1.624441
3473 0.767573
3626 0.967532
3633 1.219870
3850 0.758381
3953 1.784142
3969 7.312062
3979 1.471212
4091 0.693061
4126 1.717195
4196 0.734063
4211 0.912309
4310 1.022381
4352 1.426630
4520 0.729784
4534 4.728326
4538 1.120336
4566 0.827227
4613 0.902694
4771 1.548052
5012 0.827227
5023 1.070931
5036 1.562293
5086 1.520900
5135 0.593810
5178 1.665176
5217 1.299051
5307 2.061628
5368 1.659203
5369 1.960233
5394 0.995670
5496 0.978716
5529 3.233586
5712 0.967532
5719 1.182082
5751 3.786572
5758 2.439740
5833 0.998169
5834 2.562293
5926 0.698970
5949 0.918840
6023 1.416165
6239 1.738384
6324 1.471212
6421 0.590708
6457 1.495346
6596 1.760661
6627 4.567148
6802 1.005990
6846 6.118242
6864 0.436270
6893 2.039414
7008 0.878046
7060 0.932204
7061 0.956625
7118 0.611279
7131 1.448350
7142 2.340444
7217 0.796376
7368 3.241118
7388 3.096105
7411 0.893286
7641 1.293434
7735 16.032044
7760 3.999013
7788 0.530212
7818 3.521321
7859 1.507134
7861 0.696991
7899 1.774252
7920 2.078828
7936 1.331844
7971 1.520900
7978 1.099895
7987 1.376656
8030 3.393983
8042 1.738384
8048 5.940779
8175 2.896699
8196 1.307020
8230 1.808965
8245 1.039414
8387 0.854723
8433 3.039414
8573 2.738384
8767 1.409921
8784 2.796612
8785 6.792659
8826 0.886414
8931 1.065438
9041 2.437354
9051 3.376801
9052 0.843514
9059 1.627453
9105 6.370143
9132 1.463836
9357 2.753313
9579 2.630276
9635 1.548052
9646 1.219870
9668 1.717195
9690 1.592256
9761 0.835294
9767 1.417696
9933 2.151253
10010 1.061691
10058 0.606445
10185 0.932204
10352 0.971228
10475 1.619181
10484 2.738384
10521 2.466468
10617 3.726646
10619 2.115476
10621 3.376801
10868 2.562293
10890 0.930766
10998 2.136324
11003 1.437354
11121 3.600489
11228 3.425361
11386 1.349218
11396 1.885008
11443 0.945992
11532 1.304049
11600 0.351885
