48

318 0.824570
346 1.013319
586 0.747158
798 1.307020
865 1.577016
1094 1.998021
1141 1.323411
1390 2.614041
1465 1.386202
1542 0.814105
1822 1.483112
1859 0.606445
2268 1.521321
3166 3.282948
3531 0.788994
3927 1.696991
4310 1.022381
4352 2.853261
4534 1.182082
5012 0.827227
5110 1.808965
5217 1.299051
6421 0.590708
6587 0.622774
6627 2.283574
6802 1.005990
6874 0.500338
7039 2.508169
7061 0.478313
7530 0.998021
7735 3.699702
7859 0.301427
7899 0.887126
8196 1.307020
8455 0.436270
8712 4.170343
8785 3.396330
9105 1.061691
9643 1.170182
9646 2.439740
9767 0.283539
9825 4.078828
10010 1.061691
10258 1.416165
10521 1.233234
10530 1.164353
10890 0.465383
11600 0.703770
