217

36 0.043632
64 0.047035
79 0.030402
122 0.032267
146 0.064627
166 0.045387
187 0.062420
259 0.090158
308 0.030185
345 0.030734
346 0.033408
529 0.090282
531 0.030293
586 0.024633
665 0.020865
678 0.046023
831 0.027012
839 0.046353
858 0.080357
912 0.074552
917 0.018925
1007 0.036262
1094 0.065873
1141 0.087263
1180 0.140865
1185 0.062420
1232 0.090282
1390 0.043091
1465 0.091403
1489 0.052495
1506 0.073530
1542 0.026840
1548 0.045079
1666 0.074562
1796 0.048123
1822 0.048897
1859 0.059982
1945 0.084476
1952 0.049715
1989 0.048123
1994 0.035937
2013 0.067237
2046 0.067140
2084 0.032646
2140 0.048123
2146 0.054118
2154 0.022343
2165 0.026671
2174 0.062609
2259 0.028131
2268 0.025078
2339 0.037826
2348 0.094617
2409 0.090282
2550 0.052841
2602 0.067237
2618 0.115163
2651 0.129262
2707 0.065873
2762 0.030994
2801 0.039581
2834 0.064627
2996 0.044193
3054 0.043910
3165 0.050583
3316 0.040659
3351 0.036099
3423 0.030512
3458 0.090282
3495 0.038580
3567 0.023442
3841 0.015730
3850 0.025003
3858 0.068746
3926 0.032519
3951 0.023242
4113 0.068746
4114 0.090282
4204 0.072344
4215 0.016454
4279 0.057313
4310 0.067414
4315 0.024928
4420 0.055948
4534 0.077944
4548 0.090282
4623 0.050583
4738 0.037753
4747 0.042068
4771 0.102076
4842 0.053556
4849 0.046023
4901 0.029761
4995 0.090282
5036 0.103015
5053 0.071238
5088 0.084476
5148 0.122864
5179 0.084476
5193 0.171938
5222 0.054118
5395 0.034126
5620 0.045387
5624 0.036262
5665 0.090282
5692 0.024854
5758 0.040218
5792 0.032143
5795 0.038580
5797 0.035154
5841 0.048504
6023 0.046690
6283 0.070925
6291 0.026587
6308 0.024706
6456 0.026587
6587 0.041064
6627 0.075287
6690 0.090282
6806 0.022343
6823 0.051507
6858 0.037286
7008 0.028948
7039 0.041346
7061 0.015770
7062 0.011339
7111 0.016454
7165 0.036765
7575 0.064627
7588 0.077162
7641 0.021322
7664 0.079581
7735 0.528561
7760 0.021974
7859 0.029813
7862 0.031658
7899 0.116991
7949 0.080357
7959 0.129254
7978 0.036262
8007 0.027629
8010 0.049715
8044 0.097793
8048 0.078345
8196 0.086182
8271 0.030512
8281 0.045079
8303 0.077162
8319 0.068746
8352 0.028179
8382 0.068537
8383 0.094069
8387 0.112717
8467 0.051993
8482 0.034412
8499 0.026256
8513 0.051993
8529 0.035154
8539 0.044069
8550 0.054702
8583 0.044482
8761 0.024633
8784 0.153669
8785 0.223947
8819 0.042828
8826 0.058448
8845 0.187259
8947 0.074552
9051 0.037110
9052 0.027810
9104 0.029451
9105 0.070006
9130 0.025306
9162 0.059640
9209 0.074552
9322 0.273511
9328 0.030185
9380 0.037463
9458 0.074552
9475 0.056614
9537 0.058047
9630 0.168953
9669 0.076613
9767 0.084132
9893 0.058821
9907 0.050143
10010 0.035003
10194 0.061432
10215 0.054118
10258 0.046690
10275 0.038972
10311 0.122864
10325 0.033985
10378 0.045061
10418 0.090282
10438 0.065873
10521 0.081317
10598 0.090282
10619 0.017436
10621 0.074220
10677 0.027185
10890 0.030686
10895 0.072344
11015 0.106387
11119 0.054702
11121 0.019784
11206 0.070433
11208 0.048504
11228 0.037644
11293 0.090282
11375 0.026093
11376 0.045915
11389 0.090282
11423 0.053851
11568 0.044482
11570 0.047035
11600 0.011601
