80

63 0.068630
198 0.083642
531 0.066660
763 0.238170
791 0.087558
798 0.094821
913 0.075407
1109 0.240742
1307 0.133146
1396 0.176824
1853 0.123113
1890 0.198663
1994 0.079079
2002 0.092570
2005 0.084054
2073 0.099873
2131 0.073870
2313 0.098532
2543 0.082834
2572 0.064138
2633 0.079435
3125 0.123113
3162 0.133146
3179 0.056024
3203 0.164015
3531 0.057240
3621 0.065259
3926 0.071556
4155 0.441005
4520 0.052944
4526 0.238170
5100 0.050853
5191 0.176824
5569 0.148951
5623 0.169794
5734 0.081586
5926 0.050709
6070 0.053885
6112 0.036390
6211 0.088980
6323 0.135180
6325 0.220502
6436 0.330929
6898 0.169794
7050 0.084471
7126 0.055855
7182 0.096622
7369 0.091502
7377 0.092570
7498 0.025788
7709 0.098604
7738 0.077357
7788 0.076931
7859 0.109339
7861 0.050565
8272 0.064138
8343 0.071556
8462 0.088980
8512 0.063484
8619 0.185140
8784 0.067629
9114 0.195765
9115 0.080159
9116 0.171514
9130 0.055686
9139 0.169794
9444 0.136251
9632 0.101274
9680 0.137353
9740 0.198663
9811 0.065952
10017 0.067384
10257 0.220502
10309 0.072119
10475 0.039156
10758 0.220502
10776 0.151274
11242 0.076044
11600 0.051057
11637 0.202152
