166

36 1.323411
318 1.649141
334 1.367316
457 2.123381
479 1.213339
552 1.001988
586 0.747158
600 0.971228
606 5.880699
985 2.136324
1080 1.548052
1094 1.998021
1141 1.323411
1390 2.614041
1465 1.386202
1542 0.814105
1614 2.085172
1643 1.043779
1666 0.753857
1705 5.880699
1744 2.853261
1798 1.176091
1822 1.483112
1838 3.096105
1859 0.606445
1952 1.507935
1955 2.738384
1991 2.132573
2005 1.158601
2044 1.738384
2115 0.922143
2174 4.747545
2268 0.760661
2348 0.956629
2507 1.141348
2718 1.275986
2769 1.115135
2800 2.136324
2851 1.170182
3095 0.590708
3122 1.530513
3165 1.534264
3179 0.772242
3236 0.974956
3293 1.925471
3351 1.094931
3377 3.015870
3417 1.075626
3445 1.677686
3567 2.844138
3613 1.005990
3850 0.758381
3873 3.039414
3889 2.039414
3906 2.261263
3927 1.696991
3928 2.874708
3951 0.704960
4047 2.136324
4534 1.182082
4537 1.109995
4573 0.543870
4613 0.902694
4796 3.546245
4849 1.395961
5036 1.562293
5053 1.080373
5100 1.401915
5227 1.291226
5368 1.659203
5529 0.646717
5712 0.967532
5719 1.182082
5734 0.562293
5743 0.749380
6065 1.358173
6165 1.808965
6291 1.612836
6308 0.749380
6557 2.340444
6616 0.899535
6627 2.283574
6806 0.677686
6980 1.194316
7039 1.254084
7060 0.932204
7061 0.478313
7062 0.343932
7118 0.611279
7368 3.241118
7445 1.925471
7493 1.608050
7556 1.835294
7611 1.592256
7641 0.646717
7709 0.679579
7730 1.659203
7735 16.032044
7788 0.530212
7794 1.448350
7847 0.932204
7859 1.205707
7861 0.696991
7862 2.880699
7864 1.170182
7892 1.760661
7899 1.774252
8010 1.507935
8046 1.219870
8048 4.752623
8196 1.307020
8241 1.018225
8387 0.854723
8414 1.925471
8445 1.592256
8469 5.164904
8529 1.066286
8539 0.668346
8784 2.796612
8785 0.849082
8826 1.772827
8931 0.266359
9051 1.125600
9105 1.061691
9132 1.463836
9138 0.673926
9253 2.194316
9280 1.158601
9537 1.760661
9592 1.070931
9602 1.577016
9623 0.994091
9643 1.170182
9646 1.219870
9767 0.567079
9811 0.909080
9865 0.796376
9951 1.459631
10010 2.123381
10015 1.066286
10058 0.606445
10195 2.538869
10258 1.416165
10378 0.683388
10423 1.397940
10487 1.193869
10521 1.233234
10582 1.717195
10596 1.194316
10619 0.528869
10651 1.233234
10701 0.786561
10818 1.299051
10827 1.717195
10890 0.465383
11119 3.318406
11121 1.200163
11228 1.141787
11332 0.715132
11375 0.791441
11376 0.464226
11437 1.213339
11443 0.945992
11458 0.854723
11564 1.608050
11600 0.703770
