133

36 1.323411
60 2.437354
141 1.717195
175 1.226501
194 1.446888
259 4.101949
345 0.932204
392 5.679858
447 1.206905
486 1.395961
586 0.747158
592 1.717195
630 1.107385
671 1.784142
734 1.448350
992 1.158601
1007 2.199790
1028 1.376656
1132 0.632874
1258 1.240074
1385 2.096376
1779 3.355373
1929 1.291226
1940 0.578516
1943 2.194316
2046 1.018225
2084 0.990196
2115 0.922143
2149 1.395961
2230 1.426630
2278 1.219870
2348 0.956629
2473 1.026577
2519 1.315138
2548 1.026577
2576 0.854723
2690 0.974956
2769 1.115135
2806 1.035093
2817 1.659203
2879 2.437354
2962 1.471212
3203 0.565198
3236 0.974956
3275 0.611279
3337 2.136324
3450 1.738384
3482 0.967532
3535 2.011981
3625 1.893286
3655 2.340444
3787 1.416165
4110 1.942457
4317 1.254084
4614 1.426630
4677 0.539727
4738 0.572546
4938 1.367316
5012 0.827227
5081 1.030814
5128 2.738384
5177 1.182082
5394 0.497835
5624 2.199790
5743 2.248139
5797 1.066286
5833 0.499085
5869 1.052642
5874 1.960233
5880 0.835294
6023 2.832330
6070 0.742749
6071 0.619458
6119 1.863323
6380 0.942504
6433 0.758381
6523 4.388632
6587 1.868321
6792 1.039172
6796 1.367316
6812 2.453002
6864 0.436270
6874 1.000676
6941 1.808965
7060 0.932204
7061 1.434938
7062 2.407527
7165 2.230270
7179 1.925471
7236 2.738384
7325 1.376656
7498 0.355467
7760 0.666502
7787 2.085172
7814 2.039414
7978 2.199790
8140 1.960233
8499 0.796376
8920 1.090024
8931 1.598157
9052 2.530543
9059 1.627453
9099 1.315138
9568 1.066286
9625 1.299051
9642 1.283539
9761 1.670588
9767 0.567079
9971 1.448350
10067 1.018225
10228 2.426679
10279 1.005990
10299 2.738384
10326 2.195754
10352 0.971228
10401 10.223808
10475 0.539727
10507 5.111904
10619 0.528869
10639 1.120336
11025 0.681479
11121 0.600081
11194 1.014108
11267 2.990692
11306 0.589165
11320 2.003975
11332 0.715132
11359 1.863323
11423 0.816698
11532 0.652024
11600 0.703770
11609 1.213339
11637 0.928824
