68

97 0.070347
318 0.063807
479 0.093891
552 0.077536
586 0.057817
1141 0.102409
1390 0.101140
1465 0.107268
1666 0.058335
1822 0.114767
1838 0.119792
1991 0.330047
2116 0.123212
2174 0.073475
2268 0.058862
2763 0.058510
3166 0.254042
3473 0.059397
3539 0.129823
3599 0.089655
4352 0.110396
4462 0.088354
4520 0.112945
4708 0.053329
4771 0.119792
4849 0.108023
5012 0.128025
5036 0.120894
5612 0.129823
5795 0.090551
6065 0.105099
6283 0.083234
6627 0.176708
6828 0.055498
6874 0.038717
7039 0.097044
7264 0.127021
7304 0.423805
7368 0.334407
7735 0.381722
7859 0.046650
7861 0.107870
8030 0.131317
8048 0.183885
8087 0.089655
8196 0.101140
8284 0.331188
8539 0.051718
8784 0.072136
8785 0.131408
8826 0.041156
8931 0.061835
9051 0.087102
9105 0.082156
9537 0.136244
9566 0.396552
9646 0.094396
9767 0.021941
9872 0.088354
10010 0.082156
10185 0.072136
10521 0.095431
10606 0.116688
10621 0.087102
10827 0.132881
10890 0.036012
11233 0.098739
11375 0.061244
