42

298 0.173040
346 0.052258
1141 0.136499
1400 0.143982
1465 0.142976
1542 0.083969
1666 0.077754
1991 0.329937
2174 0.097934
2268 0.078456
3166 0.169305
3473 0.079169
3926 0.101733
4520 0.075271
5012 0.085322
5036 0.161138
6065 0.140085
6627 0.235533
7368 0.222864
7735 0.635992
7859 0.031090
7861 0.143778
7899 0.091500
8048 0.122549
8196 0.134809
8284 0.147146
8387 0.088158
8455 0.044998
8784 0.192299
8785 0.087576
8931 0.082419
9051 0.116097
9105 0.109505
9646 0.125820
9871 0.125146
9974 0.127904
10010 0.109505
10500 0.147146
10619 0.054549
11228 0.117766
11600 0.036294
11609 0.125146
