197

103 2.439740
122 1.957433
158 1.577016
259 1.367316
297 1.182082
318 0.824570
346 2.026639
374 2.340444
404 2.726298
418 0.824570
457 4.246762
458 2.241474
479 1.213339
552 2.003975
586 0.747158
602 2.919261
764 1.577016
1094 1.998021
1390 1.307020
1506 1.115135
1542 3.256419
1616 1.483112
1617 3.873678
1687 4.272648
1798 1.176091
1822 1.483112
1831 0.767573
1838 1.548052
1859 1.212890
1939 2.811891
1991 7.464004
2005 1.158601
2067 2.522526
2084 0.990196
2174 0.949509
2217 1.659203
2259 0.853261
2264 1.437354
2268 4.563963
2569 1.677686
2585 1.471212
2690 0.974956
2762 0.470040
2769 1.115135
2804 1.164353
2954 1.871221
3018 1.863323
3149 1.120336
3166 1.641474
3179 0.772242
3235 2.039414
3275 0.611279
3341 3.039414
3351 1.094931
3377 1.507935
3384 1.349218
3414 1.109995
3437 1.437354
3477 2.340444
3521 1.254084
3553 1.835294
3593 1.998021
3621 0.899535
3717 1.998021
3850 1.516762
3869 1.416165
3913 2.136324
3928 1.437354
4005 1.094931
4047 4.272648
4343 1.835294
4351 2.437354
4352 1.426630
4451 0.878046
4462 1.141787
4520 1.459568
4534 1.182082
4573 0.543870
4617 1.471212
4849 1.395961
4901 0.902694
4938 1.367316
4969 1.141787
5036 1.562293
5067 2.328706
5122 3.786572
5143 2.708081
5178 0.832588
5217 2.598103
5307 2.061628
5368 1.659203
5482 1.893286
5529 1.940151
5532 0.887126
5612 1.677686
5693 1.261263
5751 1.893286
5758 1.219870
5833 0.499085
5949 0.918840
6023 1.416165
6040 2.562293
6065 1.358173
6071 0.619458
6165 1.808965
6291 0.806418
6324 1.471212
6587 1.245547
6627 3.425361
6822 2.738384
6828 0.717195
6846 10.197071
6864 0.872539
7008 2.634138
7039 1.254084
7061 0.478313
7122 1.677686
7131 2.896699
7143 0.922143
7188 1.376656
7368 5.401864
7404 3.376801
7704 0.713078
7735 7.399405
7788 1.060423
7814 2.039414
7859 1.507134
7861 2.090974
7872 1.416165
7899 0.887126
7920 1.039414
7948 1.376656
7972 1.254084
8007 1.676034
8044 1.483112
8048 10.693402
8087 1.158601
8150 1.099895
8241 2.036450
8245 1.039414
8284 1.426630
8381 1.164353
8382 1.039414
8469 1.291226
8498 1.340444
8605 0.738384
8685 1.624441
8784 4.661021
8785 5.943577
8826 0.354565
8874 2.646822
8931 0.799078
8934 1.760661
9051 1.125600
9052 0.843514
9059 0.542484
9105 2.123381
9132 0.731918
9280 1.158601
9290 5.215152
9328 0.915562
9357 2.753313
9486 2.085172
9579 1.315138
9635 1.548052
9646 6.099351
9668 1.717195
9761 0.835294
9767 0.850618
9933 1.075626
10063 1.367316
10067 1.018225
10092 0.887126
10108 2.261263
10185 0.932204
10276 0.808965
10352 0.971228
10447 2.437354
10475 1.619181
10500 1.426630
10505 3.015870
10521 1.233234
10621 2.251201
10701 0.786561
10769 1.893286
11031 1.448350
11121 1.800244
11228 3.425361
11306 0.589165
11386 1.349218
11397 1.949912
11439 2.085172
11454 4.272648
11532 1.304049
11570 1.426630
11600 0.703770
11609 2.426679
