101

179 1.268562
186 0.971228
191 1.659203
217 2.426896
269 2.437354
345 0.932204
398 1.376656
401 1.608050
600 0.971228
665 0.632874
865 3.154032
870 1.925471
913 3.118242
917 0.574031
1055 2.261263
1364 1.520900
1388 3.039414
1410 4.680888
1473 2.738384
1651 3.568283
1654 2.194316
1721 0.747158
1896 4.047654
2067 1.261263
2076 2.896699
2154 0.677686
2220 1.624441
2279 1.760661
2353 1.784142
2363 2.044762
2421 0.986336
2609 1.483112
2633 3.284794
2653 1.507935
3029 1.520900
3121 0.784142
3237 2.085172
3414 1.109995
3626 0.967532
3818 0.704960
3892 6.783789
4451 0.878046
5064 1.182082
5110 1.808965
5297 1.331844
5620 1.376656
5734 0.562293
5833 0.499085
5880 0.835294
5885 0.706976
5896 2.136324
6012 1.998021
6071 0.619458
6436 0.912309
6668 5.124586
6812 1.226501
6860 3.762253
6874 3.002028
6962 1.200565
7377 1.275986
7411 0.893286
7498 0.710934
7594 6.031741
7704 4.278470
7788 0.530212
7862 0.960233
7936 1.331844
8241 2.036450
8391 2.039414
8445 1.592256
8455 2.181349
8498 1.340444
8534 1.835294
8544 2.562293
8826 1.240979
8949 1.960233
8956 1.080373
9099 1.315138
9116 1.182082
9444 0.939044
9670 2.437354
9903 0.793901
10077 3.970232
10147 1.548052
10251 1.182082
10258 1.416165
10276 3.235861
10396 1.014108
10405 1.835294
10412 1.808965
10423 2.096910
10583 2.738384
10619 0.528869
10701 0.786561
10711 1.268562
10933 1.808965
10999 1.395961
11184 7.312062
11190 3.039414
11637 0.928824
11638 1.863323
