47

586 0.747158
917 0.574031
1102 1.247022
1141 1.323411
1390 1.307020
1465 1.386202
1822 1.483112
1838 3.096105
1991 2.132573
2115 0.922143
2174 1.899018
2268 0.760661
2763 0.756113
3166 1.641474
3377 1.507935
3473 0.767573
3586 2.738384
4520 0.729784
4770 1.261263
4849 1.395961
5012 0.827227
6283 1.075626
6291 0.806418
6627 2.283574
6828 0.717195
7039 1.254084
7368 3.241118
7735 3.699702
7859 0.301427
7861 1.393983
7899 0.887126
8048 1.188156
8196 1.307020
8284 1.426630
8469 1.291226
8784 1.864408
8785 0.849082
8931 0.532719
9105 1.061691
10010 1.061691
10475 0.539727
10521 1.233234
10606 1.507935
11228 1.141787
11306 0.589165
11375 0.791441
11600 0.351885
