102

36 0.095759
122 0.070817
141 0.124252
194 0.052347
259 0.197871
392 0.136993
586 0.054062
622 0.219924
630 0.080128
734 0.104799
992 0.083833
1007 0.079586
1132 0.045793
1250 0.134825
1258 0.089729
1385 0.151688
1859 0.043881
1865 0.309158
1929 0.093430
1940 0.041860
1943 0.158775
2046 0.073676
2084 0.071648
2230 0.103227
2278 0.088267
2348 0.069219
2576 0.061846
2769 0.080688
2806 0.074897
2817 0.120056
3236 0.070545
3275 0.044231
3535 0.072791
3625 0.136993
3655 0.169349
4110 0.140551
4266 0.076167
4677 0.039053
4738 0.041428
4938 0.098936
5128 0.198143
5177 0.085532
5624 0.079586
5740 0.091790
5743 0.162670
5817 0.100302
5869 0.076167
5949 0.066485
6024 0.176361
6071 0.044822
6119 0.134825
6308 0.054223
6369 0.176361
6380 0.068197
6587 0.090125
6792 0.037596
6796 0.098936
6864 0.031567
6941 0.130892
7060 0.067452
7061 0.103828
7062 0.049772
7165 0.080688
7179 0.139322
7236 0.198143
7325 0.099611
7498 0.025721
7760 0.048226
7787 0.150878
7814 0.147567
7978 0.159171
8455 0.031567
8821 0.102470
8826 0.012828
8931 0.057819
9052 0.183104
9059 0.039253
9099 0.095160
9568 0.077154
9625 0.093996
9761 0.120880
9767 0.041032
9872 0.082617
9971 0.104799
10067 0.073676
10228 0.087794
10295 0.185401
10325 0.074587
10352 0.070276
10401 0.369884
10424 0.219924
10475 0.039053
10619 0.038268
10639 0.081065
11194 0.073378
11267 0.108199
11306 0.042630
11320 0.145003
11423 0.059094
11600 0.025462
11609 0.087794
11637 0.067207
