228

19 2.194316
36 1.323411
97 1.818161
98 1.066286
122 0.978716
186 0.971228
213 0.840757
248 1.760661
308 0.915562
318 0.824570
377 2.136324
457 3.185072
479 1.213339
552 1.001988
586 0.747158
606 3.920466
623 2.039414
734 1.448350
831 0.819306
894 2.437354
904 2.562293
985 2.136324
1020 2.562293
1080 1.548052
1141 2.646822
1465 2.772403
1542 1.628210
1548 1.367316
1573 1.784142
1614 2.085172
1669 2.340444
1705 1.960233
1775 2.562293
1807 0.928824
1822 1.483112
1952 1.507935
1991 7.464004
1995 1.141787
2024 1.022381
2110 1.784142
2140 1.459631
2174 1.899018
2259 0.426630
2268 3.042642
2364 2.039414
2444 1.577016
2507 0.380449
2550 1.602736
2576 0.854723
2633 2.189863
2690 0.974956
2851 1.170182
3095 0.590708
3122 1.530513
3165 3.068528
3177 1.158601
3268 2.039414
3351 1.094931
3377 1.507935
3473 0.767573
3500 1.608050
3531 0.788994
3546 0.978716
3567 1.422069
3599 1.158601
3605 1.349218
3613 1.005990
3621 1.799070
3626 0.967532
3767 3.039414
3845 3.039414
3850 1.516762
3889 2.039414
3899 2.194316
3926 2.959007
3928 1.437354
3951 2.819841
3969 2.437354
4131 1.784142
4148 0.978716
4181 1.520900
4195 1.170182
4215 0.499085
4267 1.577016
4488 1.835294
4520 0.729784
4534 2.364163
4552 1.548052
4573 0.543870
4613 0.902694
4677 0.539727
4708 1.378332
4738 0.572546
4770 2.522526
4771 1.548052
4796 1.182082
4849 1.395961
4916 1.268562
5036 3.124586
5053 1.080373
5064 1.182082
5093 2.136324
5100 0.700958
5110 1.808965
5111 1.893286
5135 0.593810
5217 1.299051
5324 0.971228
5363 1.240074
5368 3.318406
5491 0.404937
5581 2.562293
5712 0.967532
5719 2.364163
5743 0.749380
5751 1.893286
5790 1.960233
5792 0.974956
5795 3.510547
5833 0.499085
5949 0.918840
6158 2.562293
6165 1.808965
6281 1.206905
6283 1.075626
6308 2.248139
6627 2.283574
6718 2.437354
6792 0.519586
6802 1.005990
6828 0.717195
6874 0.500338
6878 1.275986
6980 2.388632
7039 2.508169
7061 0.478313
7118 1.222559
7150 0.978716
7217 0.796376
7368 5.401864
7445 1.925471
7493 1.608050
7641 0.646717
7735 19.731746
7758 0.994091
7760 0.666502
7808 1.677686
7859 1.507134
7861 0.696991
7862 0.960233
7864 2.340365
7899 4.435629
7901 7.312062
7920 1.039414
7946 1.026577
7972 1.254084
7981 0.925471
7987 1.376656
8010 1.507935
8048 8.317090
8083 0.711035
8087 1.158601
8098 1.247022
8104 2.772403
8196 1.307020
8284 4.279891
8382 1.039414
8387 0.854723
8404 1.044436
8414 1.925471
8489 1.495346
8539 1.336693
8605 0.738384
8784 2.796612
8785 3.396330
8826 2.127393
8924 1.213339
8931 1.331797
8984 1.960233
9051 1.125600
9059 2.169938
9068 2.738384
9105 2.123381
9110 1.247022
9132 2.195754
9144 0.925471
9162 1.808965
9253 2.194316
9312 2.136324
9328 0.915562
9522 1.507935
9537 1.760661
9568 2.132573
9592 1.070931
9602 1.577016
9623 0.994091
9646 1.219870
9669 0.774596
9746 2.340444
9767 0.567079
9860 1.784142
9951 1.459631
10010 2.123381
10058 0.606445
10258 2.832330
10311 1.863323
10423 1.397940
10475 0.539727
10521 1.233234
10582 1.717195
10596 1.194316
10621 2.251201
10749 2.261263
10827 1.717195
10890 0.465383
11017 1.960233
11031 1.448350
11119 3.318406
11121 0.600081
11210 0.849082
11228 1.141787
11332 0.715132
11375 0.791441
11376 0.464226
11423 0.816698
11443 0.945992
11570 1.426630
11600 0.351885
