44

71 0.878046
148 1.120336
213 0.840757
346 0.506660
404 0.545260
586 0.747158
1141 1.323411
1465 1.386202
1506 1.115135
1766 1.254084
1838 1.548052
1991 1.066286
2174 1.899018
2543 1.141787
3122 0.765256
3166 1.641474
3377 1.507935
4310 1.022381
4677 0.539727
4771 1.548052
5178 0.832588
5712 0.967532
5792 0.974956
6283 1.075626
6627 1.141787
7368 1.080373
7735 3.699702
7859 0.301427
7861 0.696991
7899 0.887126
8048 4.752623
8196 1.307020
8271 0.925471
8387 0.854723
8539 0.668346
8784 0.932204
8785 0.849082
8931 0.266359
9105 1.061691
9646 1.219870
10010 1.061691
11228 1.141787
11375 0.791441
11600 0.351885
