114

71 0.878046
97 0.909080
122 0.978716
148 1.120336
186 0.971228
346 0.506660
377 2.136324
479 1.213339
665 1.265748
917 0.574031
950 4.924422
1141 1.323411
1390 1.307020
1465 1.386202
1617 1.291226
1663 2.194316
1796 1.459631
1822 1.483112
1859 1.212890
1952 1.507935
1991 4.265145
2118 1.893286
2174 2.848527
2268 0.760661
2364 2.039414
2507 0.380449
2550 0.801368
2707 1.998021
3122 1.530513
3165 3.068528
3274 1.520900
3377 3.015870
3417 1.075626
3459 1.696991
3546 0.978716
3850 0.758381
3926 0.986336
3927 1.696991
3951 1.409921
4195 1.170182
4310 2.044762
4520 0.729784
4534 2.364163
4708 2.067498
4738 1.717639
4771 3.096105
4849 1.395961
5093 2.136324
5217 1.299051
5222 1.641474
5394 0.497835
5439 3.039414
5792 0.974956
5797 1.066286
5949 0.918840
6466 1.075626
6627 1.141787
6792 1.039172
6806 0.677686
6819 3.039414
6821 4.874708
6874 0.500338
7039 1.254084
7061 0.478313
7282 1.835294
7368 2.160745
7580 1.254084
7641 0.646717
7707 1.066286
7735 12.332341
7758 0.994091
7859 1.808561
7861 0.696991
7862 0.960233
7899 0.887126
7901 2.437354
8048 8.317090
8284 4.279891
8303 2.340444
8387 2.564168
8404 0.522218
8455 0.436270
8499 0.796376
8784 0.932204
8785 3.396330
8826 1.772827
8879 3.318406
9052 0.843514
9059 1.084969
9105 1.061691
9312 4.272648
9322 3.318406
9634 1.247022
9667 1.158601
9669 0.774596
9767 0.283539
10010 1.061691
10423 0.698970
10487 0.596934
10521 1.233234
10735 1.548052
10827 1.717195
10892 1.226501
10895 2.194316
11015 1.075626
11228 1.141787
11375 0.791441
11376 0.464226
11386 1.349218
11423 2.450093
11443 0.945992
11523 0.538355
11568 1.349218
11600 0.351885
