46

1390 0.149926
1666 0.086473
1766 0.143853
1822 0.170125
1859 0.069564
1991 0.122311
2174 0.217832
3122 0.087781
3166 0.376580
4215 0.057249
4310 0.117275
4677 0.061911
4738 0.065676
4771 0.177574
4849 0.160128
5012 0.094889
5081 0.118242
5734 0.064499
6802 0.115395
7039 0.143853
7061 0.054866
7062 0.039452
7143 0.105777
7368 0.123927
7735 0.282923
7859 0.069152
7899 0.101760
8048 0.136291
8284 0.163646
8387 0.196087
8785 0.389586
8826 0.020336
8931 0.030554
9097 0.107716
9105 0.121784
9646 0.139929
9667 0.132901
9669 0.088852
10275 0.135594
10475 0.061911
10521 0.141462
11015 0.123383
11228 0.130972
11375 0.090784
11423 0.093682
11600 0.040364
