46

1390 1.307020
1666 0.753857
1766 1.254084
1822 1.483112
1859 0.606445
1991 1.066286
2174 1.899018
3122 0.765256
3166 3.282948
3951 0.704960
4215 0.499085
4310 1.022381
4677 0.539727
4738 0.572546
4771 1.548052
4849 1.395961
5012 0.827227
5081 1.030814
5734 0.562293
6802 1.005990
7039 1.254084
7061 0.478313
7062 0.343932
7143 0.922143
7368 1.080373
7735 2.466468
7859 0.602854
7899 0.887126
8048 1.188156
8284 1.426630
8387 1.709445
8785 3.396330
8826 0.177283
8931 0.266359
9097 0.939044
9105 1.061691
9646 1.219870
9667 1.158601
9669 0.774596
10275 1.182082
10521 1.233234
11015 1.075626
11228 1.141787
11375 0.791441
11423 0.816698
11600 0.351885
