151

71 1.756092
147 2.261263
173 3.184512
199 1.349218
318 0.824570
346 1.013319
404 0.545260
443 3.786572
561 2.340444
632 0.990196
757 1.738384
831 1.638612
895 0.846290
1390 1.307020
1542 0.814105
1666 1.507714
1974 1.738384
1991 5.331431
2159 2.194316
2174 0.949509
2268 2.281982
2348 0.956629
2405 1.323411
2550 2.404104
2552 1.043779
2576 1.709445
2633 1.094931
2638 1.061691
2762 1.410121
2954 2.806831
3122 0.765256
3163 3.670588
3166 3.282948
3275 0.611279
3280 1.960233
3367 1.784142
3423 0.925471
3437 1.437354
3559 1.608050
3573 0.788994
3770 1.349218
3818 0.704960
3841 0.477121
3869 1.416165
3926 0.986336
4071 1.018225
4215 0.499085
4515 2.738384
4708 0.689166
4776 2.039414
4943 0.572546
5060 1.835294
5067 2.328706
5112 0.960233
5148 1.863323
5394 0.497835
5511 2.738384
5529 1.293434
5712 1.935064
5719 1.182082
5833 1.497254
5851 0.846290
5863 6.078828
5870 1.592256
5920 2.466468
5949 0.918840
6113 2.562293
6184 15.197071
6220 1.416165
6239 1.738384
6308 1.498759
6324 1.471212
6421 0.590708
6463 1.448350
6627 3.425361
6824 2.136324
6828 0.717195
6877 6.078828
7008 0.878046
7009 1.717195
7111 0.499085
7200 2.437354
7368 5.401864
7411 0.893286
7643 0.942504
7661 2.136324
7704 0.713078
7707 1.066286
7735 4.932937
7856 1.254084
7859 1.205707
7861 0.696991
7899 0.887126
7918 1.548052
7932 1.925471
7971 3.041800
7972 2.508169
8048 4.752623
8083 0.711035
8098 1.247022
8106 3.039414
8241 1.018225
8245 3.118242
8272 1.768156
8348 1.534264
8382 2.078828
8498 2.680888
8619 1.275986
8784 5.593225
8785 5.094495
8826 0.177283
8931 0.532719
8939 1.213339
8949 1.960233
9051 1.125600
9083 1.893286
9095 1.194316
9105 3.185072
9130 0.767573
9587 1.291226
9592 2.141862
9618 0.960233
9623 0.994091
9625 1.299051
9646 2.439740
9767 0.283539
9856 1.925471
9884 2.437354
10058 0.606445
10067 1.018225
10095 1.925471
10304 1.641474
10309 0.994091
10352 0.971228
10378 1.366777
10396 1.014108
10475 0.539727
10521 1.233234
10619 0.528869
10651 1.233234
10890 0.465383
11079 1.659203
11121 0.600081
11228 1.141787
11306 0.589165
11328 1.152923
11332 0.715132
11362 1.164353
11376 0.464226
11396 0.942504
11600 0.703770
