168

26 0.039828
74 0.070104
99 0.040538
111 0.060362
213 0.031268
404 0.020278
423 0.046119
477 0.061047
553 0.029163
620 0.138595
630 0.061776
685 0.084097
689 0.047178
744 0.056081
921 0.057573
1053 0.037264
1093 0.052288
1106 0.036120
1132 0.023537
1495 0.059804
1507 0.050511
1649 0.032767
1721 0.083361
1816 0.106114
1895 0.055613
1896 0.050178
1940 0.215153
1981 0.104387
1986 0.041862
2024 0.038023
2053 0.115145
2058 0.033454
2091 0.045367
2154 0.025203
2320 0.064651
2335 0.136201
2342 0.053865
2455 0.031682
2479 0.090646
2507 0.014149
2576 0.063575
2696 0.025415
2708 0.076991
2711 0.058102
2762 0.034962
2851 0.043520
3035 0.067276
3121 0.029163
3304 0.059804
3386 0.046119
3492 0.051550
3547 0.068255
3611 0.036682
3691 0.027623
3761 0.044188
3807 0.051553
3818 0.026218
3951 0.078653
3979 0.054715
4413 0.037413
4458 0.077637
4529 0.097217
4566 0.030765
4617 0.054715
4663 0.033107
4747 0.047454
4769 0.042878
4894 0.303387
4901 0.033572
5012 0.030765
5015 0.095293
5100 0.026069
5135 0.176672
5366 0.155097
5491 0.015060
5504 0.067276
5526 0.059217
5529 0.024052
5693 0.046907
5740 0.047178
5864 0.132706
5881 0.084097
5892 0.049852
6106 0.059804
6174 0.069298
6227 0.043089
6274 0.089299
6317 0.026143
6433 0.028204
6456 0.029991
6587 0.023161
6798 0.074307
6802 0.037413
6806 0.252034
6816 0.036399
6828 0.026673
6858 0.042060
6860 0.046640
6864 0.016225
6960 0.045125
7048 0.071609
7062 0.063955
7120 0.061929
7188 0.051198
7398 0.084097
7497 0.070104
7600 0.113037
7641 0.120258
7761 0.044649
7788 0.019719
7812 0.056081
7837 0.061706
7862 0.035711
7877 0.059804
7887 0.036120
7913 0.057060
8000 0.084097
8007 0.031166
8104 0.051553
8243 0.055613
8338 0.035444
8348 0.114120
8440 0.051553
8455 0.064900
8494 0.048021
8545 0.056081
8583 0.050178
8616 0.050851
8653 0.040179
8780 0.048021
8826 0.046153
8829 0.024117
8924 0.045125
8931 0.009906
9052 0.031371
9059 0.121051
9097 0.034923
9107 0.048021
9130 0.028546
9242 0.112145
9244 0.084097
9351 0.050851
9370 0.057060
9380 0.042260
9398 0.087042
9461 0.026827
9639 0.077548
9814 0.081607
9907 0.056563
9971 0.053865
10092 0.032993
10185 0.069338
10251 0.043962
10326 0.054441
10403 0.051198
10584 0.113037
10621 0.041862
10805 0.081607
10909 0.090646
11025 0.025344
11124 0.061706
11368 0.066353
11375 0.058868
11376 0.051794
11566 0.052288
11605 0.049032
11606 0.034669
11620 0.040358
