182

63 0.026832
97 0.025785
158 0.044730
198 0.032701
304 0.031340
401 0.045610
464 0.077671
586 0.042384
599 0.032862
644 0.052056
724 0.066384
771 0.033528
913 0.058963
917 0.016282
951 0.060594
965 0.027339
1195 0.051309
1385 0.267575
1466 0.077355
1704 0.087817
1831 0.065314
1859 0.017201
1872 0.018096
1986 0.031926
2000 0.027976
2076 0.041081
2165 0.022945
2259 0.024202
2532 0.069576
2550 0.045460
2572 0.025076
2576 0.024243
2626 0.100585
2627 0.021706
2638 0.030114
2690 0.027653
2692 0.072676
2714 0.072676
2721 0.086209
2752 0.042067
2892 0.086277
2954 0.026537
3095 0.033509
3171 0.041729
3203 0.016031
3204 0.032230
3275 0.017338
3401 0.038020
3495 0.066382
3626 0.027443
3637 0.032230
3697 0.057846
3928 0.040769
3968 0.040769
4110 0.027548
4148 0.027760
4196 0.020821
4205 0.417459
4211 0.025877
4237 0.034600
4537 0.031484
4556 0.059143
4708 0.019547
4901 0.025604
4943 0.016240
5012 0.023463
5100 0.019882
5141 0.092151
5143 0.051208
5338 0.040168
5351 0.111199
5456 0.064138
5496 0.027760
5562 0.038782
5692 0.042764
5743 0.106276
5818 0.046075
5833 0.014156
6071 0.017570
6219 0.101210
6227 0.032862
6282 0.052056
6371 0.050605
6422 0.060594
6436 0.362272
6559 0.056615
6627 0.064771
6792 0.029475
6796 0.077565
6813 0.022310
6828 0.020342
6909 0.021192
6980 0.033875
7041 0.039047
7061 0.040700
7377 0.036192
7411 0.025337
7498 0.080659
7534 0.045610
7635 0.019995
7655 0.026155
7709 0.019275
7788 0.060155
7859 0.059847
7861 0.059308
7864 0.033191
7981 0.104999
8007 0.023769
8048 0.067401
8085 0.042771
8191 0.059143
8281 0.038782
8407 0.041081
8463 0.027236
8489 0.042414
8512 0.049640
8558 0.052851
8560 0.056671
8605 0.062830
8619 0.036192
8629 0.040465
8684 0.071962
8761 0.021192
8767 0.039991
8784 0.052882
8785 0.120416
8826 0.080455
8930 0.029731
8971 0.074144
9052 0.023925
9065 0.051938
9075 0.043139
9115 0.094019
9137 0.041081
9326 0.046558
9381 0.063853
9444 0.026635
9634 0.035370
9668 0.097412
9729 0.038269
9747 0.026832
9767 0.008042
9770 0.028999
9811 0.025785
9903 0.022518
9933 0.030509
10015 0.030244
10058 0.051603
10067 0.086642
10111 0.051309
10150 0.077671
10185 0.026441
10195 0.024004
10284 0.069133
10396 0.028764
10423 0.079302
10487 0.016931
10509 0.039991
10644 0.052851
10646 0.034415
10651 0.034979
10677 0.023388
10726 0.072676
10775 0.069133
10890 0.013200
10986 0.072676
11146 0.092339
11195 0.043518
11215 0.102618
11228 0.032385
11245 0.050605
11256 0.022105
11298 0.033528
11306 0.016711
11472 0.055600
11521 0.030509
11523 0.030540
11532 0.036988
11536 0.037537
11613 0.057846
11636 0.066051
11637 0.079035
