46

191 1.659203
526 1.592256
600 0.971228
1140 1.808965
1456 0.849082
1666 0.753857
1859 1.819334
2005 1.158601
2091 1.219870
2115 0.922143
2116 1.592256
2174 0.949509
2720 1.052642
2999 4.170343
3636 1.925471
3683 1.070931
3693 1.437354
3694 1.240074
3917 2.413810
4352 1.426630
4724 1.696991
4738 0.572546
5135 0.593810
5385 2.039414
5499 1.808965
5701 1.331844
6367 2.811891
6428 5.426896
6587 0.622774
6864 0.436270
7062 0.343932
7368 2.160745
7498 0.355467
7663 2.738384
7859 0.301427
8456 1.592256
8931 0.266359
9059 0.542484
9130 0.767573
9903 0.793901
10088 1.520900
10279 1.005990
11298 1.182082
11423 0.816698
11425 3.521321
11620 1.085172
