287

23 0.026530
45 0.036633
56 0.058918
63 0.024648
97 0.047373
146 0.051075
187 0.049330
297 0.061599
308 0.023855
346 0.026402
377 0.111326
404 0.014207
457 0.027663
479 0.031614
512 0.036118
514 0.046487
531 0.023941
546 0.060981
552 0.052214
595 0.047133
600 0.050612
604 0.038962
606 0.102150
630 0.014427
678 0.072745
717 0.235673
860 0.058918
872 0.043713
1102 0.032492
1141 0.034482
1237 0.051075
1259 0.043231
1465 0.036118
1506 0.029055
1542 0.169695
1605 0.023275
1633 0.033847
1649 0.022956
1666 0.019642
1705 0.051075
1766 0.032676
1775 0.066762
1788 0.055663
1797 0.018316
1822 0.038643
1838 0.080670
1859 0.015801
1872 0.016624
1939 0.036633
1986 0.058656
1991 0.166695
2038 0.047819
2045 0.057174
2058 0.023438
2084 0.025800
2116 0.041487
2144 0.071350
2150 0.053138
2165 0.021078
2174 0.049480
2251 0.066762
2259 0.011116
2270 0.063506
2340 0.026530
2348 0.024925
2371 0.066762
2384 0.054330
2524 0.054622
2550 0.020880
2595 0.063506
2601 0.039290
2646 0.050169
2651 0.020431
2700 0.040335
2704 0.106276
2762 0.012247
2768 0.026317
2806 0.026970
2948 0.034702
2954 0.024378
2966 0.047819
3049 0.047819
3095 0.030782
3121 0.020431
3165 0.039976
3289 0.034926
3374 0.030490
3377 0.117870
3423 0.024114
3473 0.019999
3485 0.038962
3495 0.030490
3531 0.020558
3569 0.063506
3573 0.020558
3599 0.030188
3691 0.038705
3818 0.018368
3841 0.012432
3926 0.051399
3951 0.073472
4091 0.018058
4195 0.030490
4249 0.035388
4266 0.027427
4310 0.053277
4457 0.060981
4458 0.027196
4520 0.019015
4542 0.036899
4556 0.054330
4644 0.040706
4708 0.035913
4764 0.030040
4771 0.080670
4796 0.030800
4866 0.024648
4901 0.047040
4903 0.040335
4943 0.014918
5012 0.107769
5023 0.055807
5064 0.030800
5080 0.060981
5081 0.026858
5100 0.018264
5135 0.015472
5143 0.023520
5363 0.032311
5460 0.032492
5496 0.025501
5686 0.071350
5689 0.021835
5712 0.025209
5719 0.153998
5732 0.040988
5734 0.014651
5749 0.025209
5758 0.063569
5759 0.060981
5777 0.071350
6040 0.066762
6045 0.071350
6113 0.133523
6158 0.066762
6167 0.057843
6168 0.039628
6220 0.073798
6227 0.030188
6239 0.045294
6283 0.028026
6308 0.078102
6349 0.071350
6627 0.178499
6649 0.038333
6802 0.026212
6813 0.040988
6828 0.018687
6909 0.019468
7008 0.022878
7023 0.038643
7047 0.031614
7060 0.048578
7061 0.012463
7062 0.008961
7118 0.015927
7122 0.043713
7127 0.060981
7128 0.071350
7150 0.025501
7368 0.197047
7445 0.050169
7487 0.052059
7493 0.041898
7498 0.018524
7587 0.040706
7658 0.071350
7694 0.020244
7698 0.057174
7735 0.706914
7788 0.013815
7847 0.024289
7859 0.023561
7861 0.036321
7862 0.025019
7901 0.063506
7911 0.032311
7919 0.043231
7969 0.057174
7972 0.032676
7981 0.024114
7989 0.027311
8007 0.021835
8009 0.041898
8048 0.278621
8083 0.037053
8145 0.058918
8150 0.028658
8196 0.034055
8245 0.027082
8266 0.055663
8270 0.057174
8271 0.024114
8284 0.111514
8382 0.054165
8387 0.066811
8404 0.013607
8407 0.037737
8457 0.031118
8469 0.033643
8470 0.030040
8494 0.033643
8539 0.017414
8663 0.050169
8717 0.071350
8784 0.048578
8785 0.132739
8826 0.046192
8845 0.049330
8919 0.039639
8931 0.006940
8959 0.029607
8982 0.048550
8983 0.060981
8984 0.051075
9051 0.087984
9059 0.014135
9062 0.028026
9105 0.055326
9132 0.019070
9138 0.017559
9253 0.114348
9522 0.039290
9592 0.027904
9602 0.041090
9605 0.045875
9646 0.095353
9668 0.044742
9702 0.066762
9767 0.022163
9774 0.024925
9811 0.023687
9986 0.058918
10010 0.055326
10015 0.027783
10083 0.047133
10249 0.050228
10254 0.043231
10258 0.073798
10276 0.021078
10311 0.048550
10329 0.042769
10331 0.045875
10357 0.060981
10423 0.036424
10475 0.014063
10509 0.018368
10521 0.032132
10579 0.041898
10621 0.146640
10749 0.058918
10810 0.049330
10818 0.033847
10827 0.044742
10854 0.063506
10890 0.012126
10892 0.063914
11012 0.071350
11015 0.028026
11063 0.044742
11119 0.043231
11121 0.015635
11165 0.043713
11210 0.044246
11228 0.029750
11256 0.020306
11320 0.026107
11332 0.018633
11375 0.020621
11376 0.024191
11443 0.024648
11475 0.038031
11532 0.033978
11540 0.060981
11565 0.104119
11570 0.037171
11600 0.009169
