51

122 0.098865
213 0.084929
346 0.051180
457 0.107247
479 0.122566
678 0.141013
1141 0.133685
1390 0.132029
1465 0.140028
1666 0.228453
1838 0.156377
1859 0.061260
2005 0.117036
2174 0.095915
2268 0.076838
2550 0.080950
2638 0.107247
3165 0.154984
3377 0.152324
3930 0.191251
5012 0.083562
5053 0.109134
5217 0.131224
6283 0.108655
6828 0.072448
7039 0.126682
7368 0.109134
7493 0.162438
7641 0.130657
7735 0.622877
7801 0.160842
7859 0.030449
7899 0.089613
8048 0.240044
8196 0.132029
8387 0.172680
8767 0.071212
8784 0.094167
8785 0.171541
8931 0.053813
9051 0.113703
9105 0.107247
10010 0.107247
10258 0.143054
10521 0.124575
10619 0.053424
10720 0.169472
11017 0.198013
11228 0.115338
11375 0.079948
11600 0.035546
