44

191 0.195539
526 0.187649
600 0.114460
1456 0.100065
1666 0.088843
1859 0.214411
2005 0.136542
2091 0.143763
2115 0.108676
2174 0.111901
2720 0.124055
2999 0.245740
3636 0.226919
3683 0.126210
3693 0.169394
3694 0.146144
3917 0.284470
4352 0.168130
4724 0.199992
4738 0.067475
4943 0.067475
5135 0.069981
5701 0.156959
5869 0.124055
6367 0.165692
6428 0.426377
6587 0.073395
6864 0.051415
7062 0.040533
7350 0.195539
7368 0.381969
7498 0.041892
7660 0.182440
7859 0.035523
8271 0.218136
8455 0.051415
8931 0.031391
9059 0.063932
9130 0.090459
10088 0.179240
10279 0.118557
11423 0.096249
11425 0.414992
11620 0.127889
