294

23 0.024939
45 0.034435
56 0.055384
63 0.023170
97 0.044531
146 0.048011
187 0.046371
297 0.057904
308 0.022424
346 0.024819
377 0.104648
404 0.026709
457 0.026003
470 0.044951
479 0.029718
512 0.033951
514 0.043698
531 0.022505
546 0.057323
552 0.049082
586 0.018300
595 0.044306
600 0.047576
604 0.036625
606 0.096022
630 0.013561
678 0.068381
717 0.221535
860 0.055384
872 0.041091
1102 0.030543
1141 0.032414
1237 0.048011
1259 0.040638
1465 0.033951
1506 0.027312
1542 0.159515
1605 0.021879
1633 0.031817
1649 0.021579
1666 0.018464
1705 0.048011
1766 0.030716
1775 0.062757
1788 0.052324
1797 0.017217
1822 0.036325
1838 0.075831
1859 0.044560
1872 0.015627
1939 0.034435
1986 0.055137
1991 0.156696
2038 0.044951
2045 0.053744
2058 0.022032
2084 0.024252
2116 0.038998
2144 0.067070
2150 0.049950
2165 0.019814
2174 0.046512
2251 0.062757
2259 0.010449
2270 0.059697
2340 0.024939
2348 0.023430
2371 0.062757
2384 0.051071
2524 0.102691
2550 0.039255
2595 0.059697
2601 0.036933
2646 0.047159
2651 0.019206
2700 0.037916
2704 0.099900
2762 0.011512
2768 0.024738
2806 0.025352
2851 0.028661
2948 0.032620
2954 0.022915
2966 0.044951
3049 0.044951
3095 0.028936
3121 0.019206
3165 0.037578
3289 0.032831
3374 0.028661
3377 0.110799
3423 0.022667
3473 0.018800
3485 0.036625
3495 0.028661
3531 0.019324
3569 0.059697
3573 0.019324
3599 0.028377
3691 0.036383
3818 0.017266
3841 0.011686
3926 0.048316
3951 0.069065
4091 0.016975
4195 0.028661
4249 0.033265
4266 0.025782
4310 0.050081
4457 0.057323
4458 0.025565
4520 0.017874
4542 0.034685
4556 0.051071
4644 0.038264
4708 0.033759
4764 0.028238
4771 0.075831
4796 0.028952
4866 0.023170
4901 0.044218
4903 0.037916
4943 0.014023
5012 0.101304
5023 0.052459
5064 0.028952
5080 0.057323
5081 0.025247
5100 0.017168
5135 0.014544
5143 0.044218
5363 0.030372
5394 0.012193
5460 0.030543
5496 0.023971
5686 0.067070
5689 0.020525
5712 0.023697
5719 0.144760
5732 0.038530
5734 0.013772
5749 0.023697
5758 0.059755
5759 0.057323
5777 0.067070
6040 0.062757
6045 0.067070
6113 0.125514
6158 0.062757
6167 0.054373
6168 0.037251
6220 0.069371
6227 0.028377
6239 0.042577
6283 0.026345
6308 0.073417
6349 0.067070
6627 0.167791
6649 0.036034
6802 0.024639
6813 0.038530
6828 0.017566
6909 0.018300
7008 0.021505
7023 0.036325
7047 0.029718
7060 0.045664
7061 0.011715
7062 0.008424
7118 0.014972
7122 0.041091
7127 0.057323
7128 0.067070
7150 0.023971
7368 0.211688
7445 0.047159
7487 0.048936
7493 0.039385
7498 0.017413
7587 0.038264
7658 0.067070
7694 0.019030
7698 0.053744
7735 0.694713
7758 0.024348
7788 0.012986
7847 0.022832
7859 0.022148
7861 0.034142
7862 0.023518
7901 0.059697
7911 0.030372
7919 0.040638
7969 0.053744
7972 0.030716
7981 0.022667
7987 0.033718
7989 0.025673
8007 0.020525
8009 0.039385
8048 0.261908
8083 0.034830
8145 0.055384
8150 0.026939
8196 0.032012
8245 0.025458
8266 0.052324
8270 0.053744
8271 0.022667
8284 0.104825
8382 0.076373
8387 0.062803
8404 0.012790
8407 0.035474
8455 0.010685
8457 0.029252
8469 0.031625
8470 0.028238
8494 0.031625
8539 0.016369
8663 0.047159
8717 0.067070
8784 0.068496
8785 0.145573
8826 0.056447
8845 0.046371
8919 0.037261
8931 0.006524
8959 0.027831
8982 0.045637
8983 0.057323
8984 0.048011
9051 0.082706
9059 0.013287
9062 0.026345
9105 0.052007
9132 0.017926
9138 0.016506
9253 0.107488
9522 0.036933
9592 0.026230
9602 0.038625
9605 0.043123
9646 0.089633
9668 0.042058
9702 0.062757
9767 0.020834
9774 0.023430
9811 0.022266
9986 0.055384
10010 0.052007
10015 0.026116
10083 0.044306
10249 0.047215
10254 0.040638
10258 0.069371
10276 0.019814
10311 0.045637
10329 0.040204
10331 0.043123
10357 0.057323
10423 0.034239
10475 0.013219
10509 0.017266
10521 0.030205
10579 0.039385
10621 0.137844
10749 0.055384
10810 0.046371
10818 0.031817
10827 0.042058
10854 0.059697
10890 0.011398
10892 0.060080
11012 0.067070
11015 0.026345
11063 0.042058
11119 0.040638
11121 0.029395
11165 0.041091
11210 0.041592
11228 0.027965
11256 0.019088
11320 0.024541
11332 0.035031
11375 0.019384
11376 0.022740
11443 0.023170
11475 0.035750
11532 0.031939
11540 0.057323
11565 0.097873
11570 0.034942
11600 0.008619
