117

41 0.100825
79 0.041116
258 0.054391
308 0.040823
346 0.022591
386 0.100825
404 0.048624
423 0.055292
665 0.028218
1167 0.260327
1252 0.090933
1487 0.037365
1542 0.036299
1666 0.033613
1721 0.033314
1798 0.052439
1800 0.454665
2058 0.040108
2084 0.044151
2091 0.054391
2131 0.090801
2135 0.090933
2141 0.061382
2159 0.097840
2165 0.036070
2259 0.057068
2507 0.016963
2552 0.093080
2638 0.047338
2659 0.114247
2661 0.097840
2708 0.092305
2720 0.046935
2769 0.049721
2927 0.072430
2954 0.041717
3060 0.063610
3078 0.114247
3482 0.043140
3487 0.108676
3509 0.203441
3531 0.035180
3567 0.031703
3850 0.033815
3976 0.556020
4215 0.066759
4640 0.135521
4663 0.079384
4850 0.097840
4869 0.070316
5009 0.061382
5135 0.052953
5171 0.074804
5242 0.329923
5243 0.396772
5247 0.097840
5303 0.135521
5395 0.046153
5460 0.055602
5595 0.135521
5609 0.122099
5696 0.079551
5702 0.074804
5712 0.086280
5900 0.046345
6071 0.027620
6227 0.051659
6272 0.075665
6415 0.041414
6456 0.035956
6457 0.200023
6568 0.032257
6570 0.044500
6584 0.063610
6792 0.046334
7061 0.021327
7062 0.076676
7111 0.022253
7182 0.059384
7369 0.056237
7469 0.090933
7523 0.076566
7529 0.090933
7537 0.278010
7540 0.358605
7859 0.053760
7887 0.043305
7938 0.097840
8292 0.049953
8353 0.069024
8456 0.070995
8470 0.051406
8539 0.029800
8545 0.067236
8557 0.108676
8599 0.135521
8761 0.033314
8764 0.069024
8826 0.039523
8939 0.054100
9562 0.043808
9597 0.078504
9618 0.042815
9646 0.054391
9698 0.078504
9783 0.038754
10082 0.055917
10403 0.061382
10560 0.075665
10605 0.097840
10863 0.083081
11059 0.135521
11229 0.063144
11306 0.026270
11368 0.079551
11523 0.024004
11569 0.095254
