59

52 3.184512
85 1.299051
186 0.971228
213 0.840757
552 1.001988
913 3.118242
1164 3.039414
1666 2.261570
1991 4.265145
1994 1.090024
2091 1.219870
2339 1.147320
2497 1.608050
2552 1.043779
2708 1.035093
2762 0.470040
3203 1.695594
3204 1.136324
3274 1.520900
3423 0.925471
3546 0.978716
3621 0.899535
3633 2.439740
3685 2.874708
3818 0.704960
3841 0.477121
3917 1.206905
4520 0.729784
4566 0.827227
5135 1.187620
5363 1.240074
5569 3.079731
6070 1.485498
6308 0.749380
6436 1.824619
6874 0.500338
7061 0.478313
7062 0.343932
7208 1.835294
7487 1.998021
7788 1.060423
7859 1.205707
7972 2.508169
8382 1.039414
8470 2.305847
8613 1.507935
8771 1.534264
8826 0.354565
8931 0.266359
9138 0.673926
9270 2.151253
9444 0.939044
9811 0.909080
10011 1.835294
10214 1.925471
10621 2.251201
10677 0.824570
11242 1.048188
11265 3.039414
