165

52 1.592256
63 0.945992
103 1.219870
127 1.437354
198 1.152923
204 2.630276
213 0.840757
304 1.104916
305 2.039414
308 0.915562
318 0.824570
458 0.747158
470 1.835294
588 2.738384
629 1.863323
913 4.157656
917 0.574031
965 0.963867
992 1.158601
1132 0.632874
1649 0.881052
1666 0.753857
1831 0.767573
1900 1.507935
1991 2.132573
2000 0.986336
2058 1.799070
2168 1.835294
2185 2.364163
2188 2.085172
2230 1.426630
2259 1.279891
2267 2.494045
2268 1.521321
2339 1.147320
2572 0.884078
2618 1.164353
2626 1.182082
2627 1.530513
2768 2.020061
2769 2.230270
2815 2.562293
2936 1.808965
2954 0.935610
3121 0.784142
3132 1.960233
3203 4.521583
3204 1.136324
3473 0.767573
3509 1.520900
3531 1.577988
3573 0.788994
3605 2.698436
3621 0.899535
3814 2.562293
3841 0.477121
3928 1.437354
3982 1.893286
4091 1.386122
4196 0.734063
4215 1.996339
4396 4.562701
4677 0.539727
4859 1.592256
4954 1.416165
4977 2.562293
4994 1.863323
5058 1.893286
5061 2.437354
5100 2.102873
5207 4.874708
5368 1.659203
5394 0.995670
5569 8.212615
5692 1.507714
5693 1.261263
5833 0.499085
5885 1.413951
5920 1.233234
5976 1.738384
6112 0.501595
6436 4.561547
6570 0.998021
6587 1.245547
6631 1.386202
6792 0.519586
6825 2.562293
6864 0.872539
6962 1.200565
6982 1.760661
7023 1.483112
7050 1.164353
7061 0.478313
7062 0.343932
7118 0.611279
7122 1.677686
7125 1.416165
7126 1.539802
7298 2.437354
7378 2.261263
7385 1.539802
7498 0.710934
7709 0.679579
7715 1.233234
7738 1.066286
7788 0.530212
7859 1.205707
7861 0.696991
7915 1.043779
7920 1.039414
7973 1.696991
8007 0.838017
8010 1.507935
8098 1.247022
8334 1.376656
8351 1.233234
8455 0.436270
8462 1.226501
8499 0.796376
8512 1.750123
8563 1.459631
8682 3.039414
8732 2.085172
8767 2.819841
8780 1.291226
8874 1.323411
8931 0.799078
9034 1.233234
9099 1.315138
9110 2.494045
9114 1.349218
9115 3.314747
9116 2.364163
9193 1.925471
9444 1.878087
9520 1.520900
9662 1.677686
9747 0.945992
9783 0.869152
9811 0.909080
9903 0.793901
10015 1.066286
10125 1.448350
10235 1.405946
10397 0.846290
10475 0.539727
10509 0.704960
10619 0.528869
10627 4.686879
10890 0.465383
10999 1.395961
11121 2.400326
11208 1.471212
11241 6.078828
11256 1.558685
11306 0.589165
11376 0.464226
11386 1.349218
11396 0.942504
11397 1.949912
11458 1.709445
11532 1.304049
11600 0.703770
11637 2.786473
11672 1.738384
