352

63 0.945992
194 1.446888
255 5.352425
308 1.831125
346 1.013319
404 0.545260
417 1.863323
457 1.061691
458 0.747158
508 0.774596
531 0.918840
536 0.905875
600 0.971228
632 0.990196
665 1.265748
674 2.562293
689 1.268562
763 1.641474
857 1.158601
913 4.157656
917 1.148063
942 1.925471
951 2.136324
992 1.158601
1008 2.340444
1022 2.085172
1073 2.194316
1080 1.548052
1172 9.627354
1173 2.340444
1387 1.085172
1400 1.395961
1455 1.349218
1487 0.838017
1605 0.893286
1609 1.115135
1776 2.437354
1791 2.562293
1831 2.302718
1872 0.638014
1950 1.534264
1994 1.090024
2000 0.986336
2002 1.275986
2044 1.738384
2052 1.367316
2064 1.206905
2073 4.129969
2100 3.039414
2123 2.738384
2126 2.039414
2173 2.562293
2174 0.949509
2176 1.608050
2224 1.147320
2237 3.039414
2259 1.706521
2282 2.194316
2339 1.147320
2344 1.307020
2349 2.562293
2350 3.786572
2368 3.039414
2394 2.340444
2405 1.323411
2455 0.851893
2511 2.085172
2530 1.434390
2552 1.043779
2576 0.854723
2629 3.039414
2633 3.284794
2658 1.696991
2673 1.784142
2682 1.863323
2696 0.683388
2697 1.608050
2744 2.136324
2762 0.940080
2763 0.756113
2800 2.136324
2801 1.200565
2867 4.078828
2875 1.534264
2878 2.738384
2925 2.136324
2926 3.041800
2954 0.935610
2967 1.459631
3018 1.863323
3107 1.998021
3121 0.784142
3125 1.696991
3131 1.507935
3149 1.120336
3150 2.352183
3177 2.317201
3179 0.772242
3203 0.565198
3230 2.437354
3275 1.222559
3282 5.506625
3306 2.738384
3327 2.562293
3370 1.109995
3388 3.039414
3401 1.340444
3402 1.323411
3408 5.124586
3423 0.925471
3425 2.738384
3426 3.039414
3434 3.039414
3460 1.624441
3473 0.767573
3490 2.194316
3531 0.788994
3535 2.011981
3558 1.206905
3573 0.788994
3583 2.136324
3589 2.562293
3673 2.698436
3683 1.070931
3691 0.742749
3806 1.395961
3809 1.835294
3841 0.954243
3942 2.562293
3952 1.136324
4029 2.738384
4094 2.437354
4215 0.499085
4253 2.194316
4267 3.154032
4293 1.863323
4396 1.520900
4608 2.562293
4613 0.902694
4617 1.471212
4644 1.562293
4645 2.123381
4647 2.738384
4677 1.079454
4776 4.078828
4818 3.039414
4835 2.039414
4843 1.608050
4862 3.039414
4889 2.738384
4920 2.085172
4943 0.572546
4955 4.686879
4964 1.057143
4970 1.367316
5023 1.070931
5066 2.340444
5086 7.604501
5174 4.523806
5327 3.670588
5520 5.476768
5562 9.571214
5569 2.053154
5651 1.315138
5664 1.835294
5678 0.986336
5689 2.514051
5743 0.749380
5807 1.577016
5826 1.130929
5833 0.499085
5919 1.624441
5920 1.233234
5945 1.141787
5948 2.589969
5966 1.835294
5968 2.136324
6106 1.608050
6112 2.006380
6313 2.437354
6323 1.863323
6331 1.808965
6354 1.863323
6421 0.590708
6436 17.333877
6535 1.608050
6570 0.998021
6583 1.677686
6587 0.622774
6647 2.738384
6695 1.998021
6725 5.103945
6742 10.953536
6792 0.519586
6793 1.863323
6796 4.101949
6811 2.562293
6828 0.717195
6838 1.120336
6859 1.863323
6860 1.254084
6946 2.085172
6962 1.200565
7032 1.386202
7060 0.932204
7082 2.294639
7111 0.998169
7125 1.416165
7126 0.769901
7131 1.448350
7177 4.680888
7197 2.437354
7204 2.562293
7217 0.796376
7283 1.608050
7369 1.261263
7377 1.275986
7385 0.769901
7411 1.786572
7498 2.132802
7529 2.039414
7594 1.507935
7672 3.039414
7704 1.426157
7709 1.359157
7713 1.416165
7730 1.659203
7753 3.996043
7760 0.666502
7765 2.039414
7785 1.760661
7788 2.120846
7817 2.562293
7861 0.696991
7915 1.043779
7955 7.042642
7973 1.696991
7974 1.562293
7987 2.753313
8029 2.261263
8042 1.738384
8170 2.261263
8203 1.863323
8234 1.275986
8239 1.784142
8269 2.437354
8272 0.884078
8294 0.925471
8295 1.358173
8307 3.039414
8326 2.537124
8332 1.483112
8371 3.039414
8404 0.522218
8407 1.448350
8417 1.835294
8449 2.791923
8457 1.194316
8486 2.340444
8487 1.548052
8491 1.659203
8493 2.039414
8520 1.808965
8647 1.808965
8759 1.483112
8761 3.735790
8762 1.448350
8767 0.704960
8778 3.039414
8789 2.738384
8874 1.323411
8930 2.096376
8931 1.331797
9051 1.125600
9062 1.075626
9064 2.562293
9065 1.831125
9075 1.520900
9114 14.841398
9115 8.839325
9116 10.638735
9299 2.261263
9410 2.437354
9438 1.562293
9443 2.562293
9444 0.939044
9446 1.960233
9522 3.015870
9562 0.982509
9579 1.315138
9630 2.562293
9648 2.437354
9714 3.039414
9736 2.738384
9761 0.835294
9767 0.567079
9832 1.784142
9842 1.893286
9873 1.376656
9883 2.437354
9903 1.587803
9904 1.784142
9938 2.136324
9972 3.039414
9998 3.068528
9999 3.582948
10010 1.061691
10017 0.928824
10031 2.261263
10062 1.960233
10085 2.078828
10097 5.776412
10125 1.448350
10172 3.726646
10195 0.846290
10258 1.416165
10276 1.617930
10296 1.998021
10396 1.014108
10397 2.538869
10423 1.397940
10432 2.194316
10475 0.539727
10560 1.696991
10627 1.562293
10697 5.476768
10701 3.932805
10735 1.548052
10748 3.039414
10768 3.039414
10804 2.340444
10818 1.299051
10837 3.039414
10890 0.465383
10925 2.136324
11001 3.039414
11083 3.039414
11119 1.659203
11120 2.194316
11194 1.014108
11195 3.068528
11209 6.118242
11242 1.048188
11256 1.558685
11278 1.893286
11332 0.715132
11362 1.164353
11397 1.949912
11458 0.854723
11532 1.304049
11600 1.759426
11637 4.644122
