37

194 0.114387
553 0.123984
630 0.087547
665 0.100066
921 0.244769
1132 0.100066
1762 0.405134
1940 0.091471
2091 0.192878
2230 0.225570
2455 0.134696
2696 0.108053
3473 0.121364
4677 0.085338
5100 0.110831
5135 0.093890
5491 0.064026
6433 0.119911
6456 0.127506
6508 0.304444
6587 0.098469
6616 0.142229
6860 0.198288
7050 0.184100
7398 0.357537
7887 0.153565
8440 0.219178
8829 0.102534
8931 0.042115
10092 0.140267
10326 0.115726
10475 0.085338
10621 0.177973
11025 0.107751
11600 0.055638
11605 0.104229
11606 0.294789
