38

26 1.070931
111 0.811527
318 0.824570
630 0.553693
1053 1.001988
1132 0.632874
1135 1.283539
1532 0.779343
1533 1.738384
1940 0.578516
2230 1.426630
2278 1.219870
2455 0.851893
3473 0.767573
3533 1.386202
4769 2.305847
5491 0.404937
6433 0.758381
6508 3.850942
6587 0.622774
6975 1.405946
7398 2.261263
7418 2.437354
7745 0.806418
8440 1.386202
8829 0.648479
9242 3.769284
9244 2.261263
9767 0.283539
10017 0.928824
10290 1.925471
10589 1.315138
10890 0.465383
10905 1.998021
11025 0.681479
11387 2.194316
11600 0.351885
11605 0.659203
