61

166 0.134992
194 0.141879
620 0.182714
630 0.108588
736 0.142022
1132 0.062058
1336 0.157682
1532 0.076421
1940 0.113456
1994 0.106886
2005 0.113610
2024 0.100253
2084 0.097097
2249 0.172647
2342 0.142022
2455 0.083535
2651 0.076891
2696 0.067012
3613 0.098645
3841 0.046786
4211 0.089459
4413 0.098645
4520 0.071561
4610 0.128960
5276 0.204468
5491 0.039707
5679 0.151799
5753 0.063762
5878 0.298039
5880 0.081907
6308 0.073483
6367 0.137864
6587 0.061068
7009 0.168385
7048 0.188808
7062 0.033725
7304 0.268521
7498 0.069713
7530 0.097864
8440 0.271857
8826 0.017384
8829 0.063589
9145 0.179965
9211 0.298039
9242 0.221765
9248 0.209484
9370 0.150447
9596 0.118978
9767 0.055607
10325 0.101080
10326 0.071770
10487 0.058534
10639 0.109858
10890 0.045635
11135 0.253230
11328 0.113053
11375 0.155214
11523 0.158370
11527 0.239002
11600 0.034505
11605 0.129280
