214

23 3.054674
36 1.323411
97 0.909080
98 1.066286
186 1.942457
228 1.349218
318 0.824570
345 0.932204
346 1.013319
423 1.240074
457 1.061691
531 0.918840
586 1.494316
600 0.971228
606 5.880699
697 0.819306
800 2.437354
921 1.548052
985 2.136324
1141 1.323411
1387 1.085172
1390 1.307020
1465 1.386202
1499 2.105285
1532 0.779343
1542 0.814105
1614 2.085172
1643 1.043779
1666 1.507714
1670 1.659203
1689 1.437354
1705 1.960233
1783 2.562293
1796 1.459631
1831 0.767573
1838 1.548052
1892 2.437354
1933 2.738384
1952 1.507935
2058 2.698605
2076 1.448350
2174 5.697054
2268 1.521321
2335 0.915562
2348 0.956629
2384 2.085172
2507 0.380449
2707 1.998021
2767 2.562293
2801 1.200565
2948 1.331844
3095 0.590708
3121 0.784142
3165 3.068528
3220 4.388632
3236 0.974956
3351 1.094931
3372 2.039414
3377 3.015870
3405 1.998021
3436 1.367316
3495 1.170182
3533 1.386202
3567 0.711035
3605 1.349218
3613 3.017971
3621 0.899535
3850 1.516762
3883 1.835294
3912 4.170343
3928 1.437354
3968 1.437354
3971 1.437354
4060 1.808965
4121 1.240074
4148 0.978716
4196 1.468125
4215 0.499085
4249 1.358173
4310 1.022381
4317 1.254084
4453 2.437354
4520 0.729784
4534 2.364163
4552 1.548052
4566 0.827227
4613 0.902694
4677 1.619181
4708 0.689166
4714 2.136324
4771 1.548052
4866 1.891985
4904 1.471212
4910 3.920466
4969 1.141787
5036 1.562293
5093 2.136324
5100 0.700958
5394 0.497835
5581 2.562293
5712 0.967532
5719 1.182082
5751 1.893286
5795 1.170182
5797 1.066286
5821 1.837680
5833 0.499085
5948 0.863323
6060 0.971228
6165 1.808965
6283 1.075626
6329 2.261263
6559 0.998021
6587 0.622774
6627 4.567148
6635 1.233234
6806 0.677686
6828 0.717195
6874 1.000676
6914 2.261263
6962 1.200565
7032 1.386202
7039 1.254084
7041 1.376656
7061 0.478313
7062 0.343932
7111 0.499085
7118 0.611279
7143 0.922143
7244 3.039414
7368 5.401864
7394 1.426630
7404 1.125600
7411 0.893286
7445 1.925471
7530 1.996043
7587 1.562293
7635 0.704960
7641 1.293434
7643 0.942504
7704 0.713078
7730 1.659203
7735 27.131151
7782 1.641474
7788 0.530212
7857 1.925471
7859 0.602854
7861 0.696991
7862 0.960233
7899 6.209880
7911 1.240074
7948 1.376656
7951 1.960233
7971 1.520900
7981 0.925471
8010 1.507935
8030 1.696991
8048 7.128935
8083 1.422069
8150 1.099895
8196 1.307020
8382 1.039414
8387 3.418891
8455 0.872539
8513 1.577016
8539 0.668346
8784 2.796612
8785 4.245412
8826 2.127393
8930 1.048188
8931 0.532719
9051 1.125600
9059 2.169938
9104 0.893286
9105 1.061691
9132 3.659590
9279 1.367316
9537 1.760661
9562 0.982509
9592 1.070931
9618 0.960233
9623 0.994091
9635 1.548052
9669 0.774596
9767 1.134157
9881 1.677686
9951 1.459631
10010 1.061691
10082 1.254084
10185 0.932204
10258 2.832330
10267 2.738384
10378 0.683388
10423 2.096910
10433 1.052642
10487 1.790803
10509 0.704960
10521 1.233234
10596 1.194316
10619 0.528869
10711 1.268562
10890 1.396149
11121 0.600081
11210 0.849082
11228 1.141787
11287 1.043779
11290 1.548052
11298 1.182082
11332 1.430263
11376 0.928453
11443 3.783970
11471 1.808965
11505 1.426630
11600 0.703770
