293

71 0.045896
98 0.027868
122 0.025579
186 0.025383
304 0.028877
334 0.035735
346 0.066209
377 0.055834
404 0.028501
418 0.021550
455 0.019702
458 0.019527
462 0.053301
465 0.046629
479 0.031711
512 0.036229
552 0.026187
553 0.020494
586 0.019527
600 0.050767
665 0.016540
695 0.046629
717 0.118198
760 0.052219
860 0.059099
895 0.022118
1099 0.071569
1140 0.047278
1141 0.034588
1278 0.033154
1298 0.048699
1385 0.027395
1387 0.056723
1390 0.068319
1451 0.042901
1465 0.036229
1506 0.029145
1542 0.021277
1553 0.055834
1596 0.043847
1605 0.023346
1649 0.023027
1676 0.057349
1705 0.051232
1789 0.040099
1822 0.077523
1835 0.033747
1859 0.031699
1935 0.059099
1939 0.036745
1952 0.039411
1986 0.029418
2009 0.054497
2028 0.040459
2057 0.043364
2070 0.059099
2141 0.035979
2147 0.045433
2154 0.035423
2156 0.042455
2174 0.024816
2244 0.036745
2259 0.022300
2268 0.039760
2339 0.029986
2384 0.054497
2405 0.034588
2462 0.071569
2550 0.041888
2559 0.071569
2584 0.057349
2585 0.038451
2609 0.038762
2651 0.020494
2720 0.027511
2762 0.036854
2804 0.030431
2875 0.040099
2948 0.034808
2950 0.036484
3038 0.086728
3122 0.020000
3165 0.040099
3203 0.029543
3220 0.057349
3275 0.015976
3311 0.054497
3374 0.030583
3377 0.039411
3436 0.035735
3473 0.020061
3483 0.055834
3548 0.059099
3558 0.031543
3599 0.030281
3626 0.025287
3668 0.061168
3735 0.038762
3766 0.079499
3772 0.035262
3795 0.036484
3823 0.033154
3850 0.019821
4005 0.028616
4110 0.025383
4121 0.097230
4126 0.044880
4150 0.104438
4196 0.019185
4215 0.013044
4218 0.066967
4249 0.106489
4352 0.037286
4479 0.055834
4520 0.019073
4534 0.030894
4550 0.033747
4598 0.059099
4617 0.038451
4677 0.014106
4722 0.028616
4726 0.048699
4734 0.016190
4866 0.024724
4906 0.047278
4910 0.153695
4943 0.014964
4945 0.050323
4969 0.029841
4987 0.041614
5012 0.064860
5081 0.026941
5101 0.047278
5112 0.025096
5178 0.021760
5205 0.059099
5227 0.033747
5327 0.047966
5345 0.038451
5394 0.039033
5529 0.033804
5613 0.051232
5658 0.044880
5692 0.019702
5699 0.059099
5712 0.025287
5719 0.061788
5725 0.071569
5753 0.016995
5795 0.030583
5869 0.027511
5948 0.022563
5984 0.079436
6112 0.013109
6119 0.048699
6144 0.033154
6162 0.037853
6168 0.039749
6220 0.037012
6283 0.028112
6285 0.046629
6291 0.021076
6341 0.071569
6421 0.015438
6529 0.042455
6587 0.032553
6596 0.092031
6627 0.119364
6635 0.032231
6802 0.078876
6864 0.022804
6874 0.039230
6909 0.039055
6980 0.031214
6982 0.046016
7043 0.046016
7044 0.049482
7061 0.037503
7062 0.008989
7082 0.029986
7254 0.055834
7264 0.042901
7368 0.197652
7377 0.033348
7404 0.029418
7493 0.042027
7498 0.009290
7605 0.079436
7641 0.016902
7643 0.024633
7707 0.027868
7735 0.676853
7758 0.025981
7761 0.031377
7782 0.042901
7856 0.032776
7857 0.050323
7859 0.023634
7861 0.036432
7899 0.069556
7915 0.027280
7939 0.084911
7972 0.032776
8030 0.044352
8048 0.186318
8083 0.018583
8104 0.036229
8128 0.030894
8196 0.034160
8227 0.021345
8234 0.033348
8271 0.072563
8306 0.071569
8352 0.022339
8381 0.030431
8382 0.135828
8387 0.044677
8455 0.057010
8476 0.044880
8529 0.055736
8605 0.019298
8702 0.034588
8703 0.079436
8784 0.146181
8785 0.221911
8808 0.044352
8826 0.041700
8931 0.006961
8984 0.051232
9051 0.058836
9062 0.028112
9097 0.024542
9105 0.027748
9130 0.020061
9290 0.045433
9328 0.023929
9389 0.053301
9461 0.037706
9473 0.038762
9481 0.079436
9568 0.027868
9592 0.055978
9602 0.041216
9623 0.025981
9646 0.095645
9767 0.059283
9770 0.026720
9841 0.063701
9919 0.029010
9951 0.038148
10010 0.027748
10114 0.066967
10254 0.086728
10259 0.071569
10267 0.071569
10275 0.030894
10276 0.105713
10378 0.017861
10380 0.079436
10411 0.059099
10423 0.091339
10491 0.029986
10509 0.036849
10521 0.032231
10565 0.035033
10582 0.044880
10596 0.031214
10619 0.027644
10887 0.033154
10890 0.060815
10892 0.064110
10895 0.057349
10898 0.038148
10967 0.079436
11120 0.057349
11152 0.023346
11210 0.022191
11228 0.059682
11306 0.030796
11307 0.063701
11324 0.047966
11349 0.033546
11353 0.059099
11362 0.030431
11375 0.020685
11396 0.024633
11443 0.049448
11501 0.032776
11503 0.023106
11523 0.014070
11566 0.036745
11600 0.009197
11625 0.028877
