57

346 0.052823
404 0.056847
552 0.104464
693 0.169360
831 0.085419
1080 0.161396
1141 0.137975
1390 0.136266
1465 0.289043
1605 0.093132
1666 0.078595
2174 0.098993
2507 0.039665
2638 0.110689
2948 0.138854
3166 0.171136
3436 0.142553
3795 0.145539
3928 0.149855
4121 0.129287
4534 0.123241
4613 0.094112
4677 0.056270
5217 0.135435
6090 0.316881
6283 0.112142
6421 0.061586
6587 0.064929
7368 0.112637
7735 0.642868
7859 0.031426
7864 0.122000
7899 0.092489
8048 0.123874
8174 0.181239
8196 0.136266
8245 0.108366
8414 0.200744
8539 0.069680
8784 0.097189
8785 0.265569
8826 0.018483
9105 0.110689
9233 0.267137
9328 0.095454
9642 0.133818
9646 0.127180
9671 0.166004
10010 0.110689
10237 0.244008
10475 0.056270
10621 0.117352
11228 0.119040
11376 0.048399
11443 0.098627
11569 0.222727
11600 0.036687
