178

103 0.043819
122 0.105470
157 0.097574
187 0.068009
194 0.025987
199 0.048465
318 0.029619
346 0.018200
457 0.038137
508 0.055649
531 0.033006
838 0.066933
839 0.050503
965 0.034623
1175 0.129960
1385 0.188260
1387 0.077961
1390 0.046950
1542 0.029244
1617 0.046382
1666 0.027079
1688 0.076739
1689 0.051631
1821 0.078822
1838 0.055608
1859 0.021784
1986 0.040433
2046 0.036576
2082 0.169944
2220 0.058352
2259 0.015325
2507 0.027332
2524 0.075304
2525 0.081227
2552 0.037494
2576 0.061405
2627 0.027489
2768 0.036281
2770 0.061683
2801 0.043126
2851 0.042034
3095 0.063657
3166 0.117927
3203 0.040605
3377 0.054167
3417 0.038638
3437 0.051631
3471 0.168142
3485 0.053714
3573 0.028342
3620 0.066933
3626 0.208529
3673 0.048465
3926 0.035430
4110 0.069775
4126 0.123367
4198 0.175105
4205 0.088114
4211 0.065542
4267 0.056648
4377 0.054632
4452 0.053275
4645 0.038137
4677 0.019388
4708 0.074267
4738 0.020566
4835 0.073258
4866 0.033981
4901 0.032426
5050 0.033981
5053 0.038808
5102 0.076739
5112 0.034493
5175 0.109179
5178 0.179445
5217 0.046663
5394 0.017883
5443 0.098366
5496 0.035157
5521 0.046950
5529 0.046462
5792 0.070043
5833 0.053783
5867 0.064980
5926 0.025108
5949 0.033006
6070 0.080041
6346 0.050144
6505 0.095077
6627 0.287099
6638 0.071771
6792 0.037328
6796 0.098231
6824 0.076739
6846 0.219774
6864 0.015671
6893 0.073258
6980 0.085802
7061 0.017182
7062 0.012354
7078 0.076739
7119 0.065926
7120 0.029907
7188 0.049451
7368 0.116424
7385 0.055311
7461 0.078822
7498 0.012769
7655 0.033124
7694 0.027909
7707 0.038302
7735 0.221495
7760 0.023941
7798 0.087552
7830 0.129960
7859 0.097448
7872 0.050870
7886 0.109179
7904 0.045835
7920 0.037337
8007 0.030102
8048 0.256079
8227 0.029337
8239 0.064088
8272 0.031757
8348 0.055112
8463 0.206955
8489 0.053714
8572 0.087552
8591 0.076739
8605 0.026524
8684 0.045568
8784 0.133943
8785 0.091500
8930 0.037652
8931 0.028704
9041 0.175105
9104 0.032088
9105 0.114411
9107 0.046382
9144 0.033244
9328 0.032888
9366 0.048150
9379 0.052848
9568 0.038302
9579 0.188965
9618 0.068985
9668 0.061683
9679 0.054632
9761 0.030005
9767 0.030555
9811 0.065310
9919 0.039872
9934 0.064980
10058 0.043568
10279 0.036136
10304 0.058963
10352 0.034888
10367 0.196731
10378 0.024548
10423 0.025108
10475 0.058163
10478 0.092040
10558 0.099588
10619 0.037995
10651 0.044299
10890 0.050151
11121 0.064667
11228 0.041014
11306 0.042327
11332 0.077065
11376 0.016676
11413 0.092040
11423 0.029337
11523 0.038677
11532 0.117107
11600 0.012640
11637 0.066729
