282

85 0.039511
99 0.033153
186 0.059080
198 0.035066
216 0.090962
272 0.063420
304 0.067212
458 0.022725
553 0.023850
665 0.019249
689 0.038583
697 0.049838
795 0.063420
913 0.221296
951 0.064976
961 0.066740
1064 0.043391
1074 0.034075
1075 0.226692
1217 0.068776
1255 0.053550
1269 0.028561
1285 0.041036
1333 0.049365
1411 0.194929
1456 0.025825
1466 0.027650
1487 0.050976
1532 0.023704
1574 0.053550
1609 0.033917
1644 0.071184
1649 0.026797
1694 0.045864
1725 0.036515
1738 0.092444
1739 0.092444
1797 0.042761
1807 0.056500
1820 0.047965
1835 0.039273
1872 0.019405
1899 0.141252
1986 0.034235
1991 0.032431
2005 0.035239
2024 0.031096
2042 0.041036
2073 0.041871
2082 0.047965
2107 0.048909
2127 0.092444
2154 0.020612
2179 0.057584
2244 0.042762
2259 0.051904
2348 0.029096
2363 0.062191
2364 0.062029
2507 0.011571
2548 0.031223
2572 0.026889
2627 0.023275
2746 0.077932
2762 0.014296
2801 0.036515
2898 0.063420
3026 0.064976
3038 0.050465
3050 0.050465
3095 0.017966
3121 0.023850
3149 0.034075
3203 0.103143
3204 0.034561
3205 0.043073
3246 0.071184
3261 0.071184
3274 0.046258
3276 0.071184
3316 0.037509
3322 0.042458
3369 0.063420
3414 0.033760
3495 0.071182
3621 0.027359
3633 0.037102
3683 0.032572
3700 0.039039
3794 0.064976
3818 0.021441
3841 0.014512
3850 0.046132
4063 0.066605
4118 0.071184
4120 0.051027
4215 0.015180
4278 0.046665
4520 0.022196
4534 0.035953
4620 0.107101
4644 0.047517
4699 0.074132
4711 0.059620
4842 0.049407
4846 0.166576
4849 0.042458
4901 0.027455
4964 0.064306
4987 0.048428
5053 0.032859
5100 0.021320
5106 0.074132
5193 0.052873
5307 0.094056
5324 0.059080
5361 0.058563
5394 0.015142
5468 0.072650
5544 0.055020
5562 0.041587
5566 0.092444
5569 0.187340
5689 0.050976
5692 0.022929
5712 0.029427
5734 0.085511
5857 0.034075
5900 0.063227
5920 0.037509
6060 0.059080
6070 0.090363
6144 0.038583
6242 0.095034
6282 0.055820
6291 0.049054
6346 0.042458
6409 0.062029
6415 0.028250
6436 0.305226
6456 0.024527
6457 0.045481
6487 0.092444
6561 0.119241
6568 0.110018
6627 0.034727
6792 0.015803
6794 0.052873
6828 0.043627
6838 0.034075
6874 0.030436
6909 0.022725
7060 0.056706
7061 0.014548
7062 0.010461
7118 0.018592
7126 0.210749
7188 0.041871
7217 0.024222
7295 0.062029
7404 0.034235
7471 0.077932
7498 0.043246
7501 0.064032
7529 0.062029
7655 0.028047
7704 0.021688
7709 0.020669
7715 0.037509
7758 0.030235
7765 0.062029
7788 0.048379
7859 0.045839
7864 0.035591
7981 0.084444
7983 0.277331
8007 0.050976
8032 0.066740
8042 0.052873
8048 0.108413
8083 0.021626
8128 0.035953
8145 0.068776
8150 0.033453
8157 0.028561
8213 0.064976
8240 0.046665
8363 0.083288
8377 0.076286
8398 0.064976
8440 0.042161
8444 0.048909
8455 0.039807
8462 0.037304
8487 0.047084
8641 0.076286
8689 0.068776
8771 0.046665
8784 0.028353
8785 0.077474
8821 0.043073
8826 0.026960
8919 0.069406
8931 0.024304
8971 0.079506
8975 0.068776
9059 0.016500
9095 0.072650
9097 0.028561
9115 0.067212
9116 0.035953
9142 0.046258
9146 0.047517
9261 0.041871
9270 0.032715
9380 0.034561
9444 0.028561
9496 0.184887
9584 0.040770
9593 0.028879
9596 0.036904
9598 0.068776
9623 0.030235
9667 0.035239
9669 0.023559
9704 0.051614
9752 0.068776
9761 0.025405
9767 0.017248
9774 0.058192
9783 0.026435
9903 0.024146
9919 0.101281
9922 0.059620
9933 0.032715
9934 0.055020
9936 0.048909
9950 0.080000
10036 0.111960
10057 0.039511
10058 0.055335
10161 0.077932
10200 0.056673
10214 0.058563
10275 0.035953
10289 0.092444
10401 0.031096
10487 0.018156
10490 0.092444
10528 0.057584
10530 0.035414
10548 0.120941
10550 0.083288
10551 0.077932
10559 0.100929
10619 0.032171
10654 0.092444
10658 0.113150
10659 0.083288
10701 0.047846
10890 0.014155
11015 0.065430
11041 0.092444
11101 0.083288
11152 0.081508
11162 0.038143
11210 0.025825
11228 0.069455
11242 0.031881
11287 0.031746
11295 0.110711
11320 0.060951
11332 0.021751
11337 0.071184
11376 0.014119
11397 0.059306
11420 0.071184
11503 0.026889
11526 0.081226
11600 0.010703
11636 0.070827
11637 0.113001
