272

20 0.045298
74 0.028786
79 0.028164
97 0.027765
109 0.037666
115 0.083637
157 0.041482
173 0.048631
175 0.037460
176 0.082964
204 0.040167
252 0.049114
292 0.034059
334 0.041761
404 0.016654
418 0.075553
423 0.037875
441 0.061024
509 0.051830
536 0.027668
552 0.091809
590 0.074443
592 0.052447
632 0.030243
739 0.057825
798 0.079839
800 0.074443
831 0.025024
930 0.047281
1132 0.038659
1135 0.039202
1137 0.092831
1167 0.044581
1295 0.074515
1364 0.046452
1378 0.042338
1466 0.027765
1467 0.056910
1793 0.092831
1803 0.076605
1804 0.040420
1880 0.042636
1902 0.340706
1917 0.057825
1924 0.050134
2046 0.062198
2051 0.078258
2058 0.027474
2071 0.029664
2126 0.062289
2146 0.050134
2170 0.057825
2224 0.035042
2249 0.053775
2259 0.065151
2263 0.085882
2268 0.023232
2278 0.037258
2307 0.063686
2401 0.062289
2417 0.052447
2455 0.026019
2473 0.031354
2475 0.053775
2506 0.052447
2527 0.071483
2532 0.037460
2543 0.034873
2579 0.067020
2627 0.023373
2638 0.032427
2651 0.047899
2653 0.046056
2667 0.042046
2690 0.029777
2720 0.032150
2722 0.056910
2763 0.023093
2806 0.031614
2814 0.092831
2967 0.044581
3014 0.030243
3028 0.056910
3095 0.018042
3150 0.035921
3203 0.017262
3217 0.062289
3243 0.030603
3246 0.071483
3417 0.032852
3449 0.106189
3473 0.070330
3489 0.085882
3493 0.053775
3567 0.021717
3568 0.055250
3613 0.030725
3694 0.037875
3715 0.046860
3758 0.036104
3773 0.092831
3818 0.021531
3840 0.083637
3841 0.014572
3850 0.046325
3951 0.021531
3952 0.034706
3984 0.040420
4215 0.015243
4258 0.051830
4310 0.031226
4317 0.038303
4340 0.356644
4439 0.074443
4465 0.074443
4488 0.056054
4615 0.045298
4677 0.016485
4780 0.059870
4869 0.240829
4938 0.041761
4943 0.017487
4964 0.032288
5023 0.032709
5053 0.032997
5083 0.041208
5100 0.042818
5199 0.447454
5200 0.050676
5331 0.058808
5348 0.083637
5386 0.362811
5491 0.037103
5612 0.051241
5689 0.025595
5734 0.068695
5743 0.022888
5764 0.059870
5821 0.028064
5996 0.092831
6060 0.029664
6084 0.156517
6097 0.033442
6230 0.071483
6291 0.024630
6421 0.018042
6456 0.024630
6547 0.051241
6569 0.058808
6671 0.051241
6725 0.038972
6769 0.078258
6792 0.031739
6814 0.037258
6816 0.029892
6838 0.034218
6839 0.039919
6882 0.092831
6968 0.154980
6980 0.072954
7052 0.062289
7062 0.021009
7126 0.047029
7178 0.238581
7217 0.048646
7369 0.192610
7385 0.047029
7498 0.021714
7515 0.042941
7575 0.059870
7635 0.021531
7646 0.053775
7694 0.023730
7709 0.083024
7719 0.078258
7776 0.185662
7783 0.044236
7787 0.127372
7788 0.032388
7859 0.009206
7861 0.021288
7885 0.056910
7887 0.029664
7946 0.062708
8034 0.078258
8085 0.046056
8157 0.028681
8271 0.028266
8319 0.063686
8335 0.078258
8351 0.037666
8440 0.042338
8455 0.013325
8461 0.069064
8494 0.039437
8499 0.024323
8581 0.053775
8653 0.065994
8761 0.022820
8767 0.086125
8805 0.156517
8826 0.043317
8855 0.071483
8919 0.023232
8931 0.016270
9062 0.032852
9075 0.046452
9095 0.036477
9103 0.061024
9137 0.044236
9261 0.042046
9262 0.159283
9293 0.071483
9312 0.065248
9378 0.042338
9381 0.034378
9396 0.067020
9461 0.022032
9537 0.053775
9538 0.160751
9545 0.083637
9596 0.037058
9667 0.035386
9669 0.023658
9705 0.092831
9719 0.052447
9739 0.074443
9747 0.028893
9767 0.043300
9774 0.116871
9811 0.027765
9942 0.042338
10010 0.032427
10018 0.045298
10058 0.055567
10063 0.041761
10082 0.038303
10092 0.054190
10152 0.065248
10172 0.056910
10185 0.028472
10228 0.037058
10276 0.049415
10304 0.050134
10378 0.020872
10396 0.030973
10397 0.025848
10401 0.031226
10423 0.085393
10433 0.032150
10457 0.092831
10487 0.018232
10526 0.173476
10556 0.036104
10813 0.057825
10880 0.050676
10933 0.110500
11096 0.042046
11103 0.083637
11150 0.031226
11194 0.030973
11256 0.023803
11287 0.063759
11306 0.017994
11320 0.061206
11375 0.024172
11377 0.037460
11396 0.028786
11471 0.055250
11539 0.048631
11547 0.031746
11627 0.053094
