180

5 1.471212
64 1.426630
190 5.880699
248 1.760661
359 1.696991
429 1.608050
438 1.624441
447 1.206905
479 1.213339
531 1.837680
593 6.369024
665 1.265748
697 0.819306
734 1.448350
875 1.141787
895 0.846290
917 0.574031
1185 3.786572
1231 1.022381
1368 2.136324
1487 0.838017
1570 2.738384
1596 1.677686
1723 1.386202
1804 1.323411
1880 1.395961
1972 2.039414
2000 0.986336
2090 3.318406
2174 0.949509
2176 1.608050
2217 1.659203
2262 1.863323
2335 0.915562
2340 1.018225
2475 7.042642
2507 0.380449
2510 2.437354
2519 2.630276
2651 0.784142
2687 1.448350
2908 2.194316
2956 1.534264
2974 1.495346
3076 2.261263
3095 0.590708
3264 1.340444
3286 2.791923
3351 1.094931
3370 3.329986
3371 1.592256
3391 2.738384
3417 1.075626
3758 1.182082
3826 1.405946
4045 1.677686
4060 3.617930
4110 0.971228
4211 0.912309
4333 10.226917
4377 1.520900
4419 1.863323
4483 1.760661
4552 1.548052
4568 1.624441
4582 1.495346
4620 1.760661
4663 0.890195
4682 2.437354
4720 2.562293
4738 0.572546
4834 1.057143
4891 2.562293
4943 0.572546
5026 1.240074
5032 4.279891
5059 1.624441
5084 1.577016
5227 1.291226
5320 0.909080
5338 1.416165
5382 1.426630
5395 1.035093
5444 1.998021
5451 3.521321
5468 1.194316
5485 1.548052
5523 2.340444
5683 1.507935
5692 0.753857
5712 1.935064
5732 1.573122
5753 1.950744
5821 1.837680
5900 1.039414
5903 1.760661
5945 1.141787
5949 0.918840
6048 2.437354
6066 3.521321
6071 0.619458
6111 1.608050
6239 1.738384
6317 4.217726
6367 1.405946
6415 2.786473
6708 3.970232
6715 1.717195
6813 0.786561
6814 1.219870
6866 1.717195
7061 0.478313
7062 1.375730
7118 0.611279
7257 3.617930
7374 1.358173
7389 1.426630
7415 3.039414
7428 1.299051
7498 0.355467
7511 1.592256
7592 2.039414
7624 2.136324
7641 0.646717
7760 0.666502
7899 12.419761
7911 1.240074
7915 1.043779
8128 1.182082
8177 2.562293
8181 1.760661
8241 1.018225
8243 1.495346
8601 1.760661
8628 1.677686
8642 3.617930
8650 1.299051
8673 1.835294
8702 1.323411
8777 1.925471
8826 1.595545
8871 1.188156
9031 2.652234
9059 0.542484
9075 1.520900
9086 3.039414
9105 5.308453
9130 5.373008
9138 0.673926
9144 3.701883
9154 1.863323
9281 1.784142
9593 1.899018
9669 0.774596
9716 2.085172
9767 0.567079
9855 3.282948
9856 1.925471
10059 1.760661
10082 1.254084
10224 1.738384
10337 3.185072
10378 0.683388
10423 0.698970
10433 1.052642
10555 1.367316
10630 1.925471
10658 3.720221
10828 2.085172
10872 2.340444
11035 2.340444
11121 0.600081
11307 2.437354
11339 9.118242
11362 3.493059
11375 2.374323
11451 0.884078
11523 0.538355
11526 0.890195
11600 1.407541
