158

36 0.050788
63 0.036304
297 0.045364
318 0.031644
458 0.028673
553 0.060185
586 0.028673
600 0.037272
632 0.038000
831 0.031442
940 0.116642
1037 0.049258
1141 0.050788
1235 0.086779
1385 0.040226
1390 0.050159
1465 0.053198
1605 0.034281
1666 0.028930
1705 0.150454
1838 0.059409
1859 0.023273
1924 0.062994
1952 0.057869
1991 0.040920
2005 0.044463
2024 0.039235
2086 0.054347
2174 0.145755
2246 0.063674
2396 0.080022
2507 0.029201
2539 0.043401
2638 0.081488
2707 0.076677
2948 0.051111
3165 0.058880
3203 0.021690
3436 0.052473
3482 0.037130
3605 0.051778
3818 0.027054
3912 0.080022
3928 0.055161
3944 0.068469
3951 0.027054
4051 0.089818
4110 0.037272
4120 0.064384
4121 0.190359
4196 0.140854
4310 0.039235
4520 0.028007
4534 0.045364
4535 0.080022
4573 0.020872
4708 0.052896
4722 0.126059
4734 0.047545
4771 0.059409
4796 0.045364
4849 0.053572
4866 0.036304
4987 0.061105
5064 0.045364
5100 0.026900
5217 0.049853
5270 0.053572
5320 0.034887
5658 0.197700
5712 0.037130
5734 0.021579
5751 0.072658
5792 0.037415
5795 0.044907
5885 0.027131
5926 0.026824
6089 0.116642
6153 0.061711
6162 0.055583
6283 0.123836
6285 0.068469
6415 0.035645
6421 0.022669
6616 0.034521
6627 0.043818
6806 0.026007
6909 0.057347
7039 0.048127
7062 0.013199
7111 0.019153
7143 0.035389
7148 0.078266
7368 0.165844
7369 0.048403
7411 0.034281
7493 0.061711
7554 0.078266
7641 0.024819
7643 0.036170
7735 0.709908
7857 0.073893
7859 0.023135
7861 0.053496
7862 0.036850
7876 0.059409
7899 0.102134
8004 0.098332
8030 0.065125
8048 0.227986
8196 0.050159
8284 0.054749
8377 0.048127
8382 0.079778
8387 0.131205
8539 0.025649
8784 0.071549
8785 0.195509
8826 0.047624
8931 0.010222
9051 0.043197
9104 0.034281
9105 0.040744
9201 0.098332
9424 0.056917
9537 0.067568
9568 0.081841
9597 0.067568
9624 0.065900
9632 0.053572
9642 0.049258
9646 0.093629
9653 0.136938
9669 0.029726
9671 0.183316
9767 0.021762
10010 0.040744
10258 0.054347
10259 0.105090
10327 0.054347
10423 0.107296
10461 0.060520
10487 0.022908
10521 0.047327
10805 0.084210
10826 0.089818
10890 0.017860
11119 0.063674
11121 0.023029
11152 0.034281
11210 0.065170
11228 0.043818
11332 0.027444
11376 0.017815
11386 0.051778
11443 0.072608
11475 0.056015
11600 0.013504
