67

100 0.154420
188 0.393040
346 0.044437
457 0.093116
1102 0.109371
1787 0.187368
1838 0.135773
1859 0.106377
2174 0.249832
2268 0.133429
2446 0.154420
2539 0.099189
2678 0.163424
2762 0.041225
2806 0.090784
2897 0.240172
3286 0.122434
3423 0.081169
3550 0.243156
3611 0.173015
3621 0.078894
3695 0.123310
3929 0.143967
4211 0.080015
4315 0.066315
4537 0.097353
4738 0.050216
4770 0.110620
5491 0.071031
5492 0.150608
5712 0.084858
5781 0.178868
5795 0.102632
5926 0.061304
5957 0.107571
6144 0.111260
6227 0.101616
6795 0.156480
7368 0.189510
7383 0.160966
7411 0.078346
7480 0.515771
7556 0.160966
7856 0.219981
7859 0.026437
7981 0.081169
8007 0.073499
8046 0.106990
8196 0.114633
8271 0.081169
8535 0.240172
8572 0.213770
8605 0.064761
8931 0.070084
9104 0.078346
9329 0.132255
9593 0.083277
9667 0.101616
9767 0.024868
10063 0.119922
10378 0.059937
10396 0.088943
10475 0.047337
10621 0.197443
10890 0.040817
11015 0.094339
11423 0.071629
