42

403 2.136324
404 0.545260
1141 1.323411
1390 1.307020
1465 2.772403
1692 2.562293
2174 0.949509
2664 2.562293
3165 1.534264
3377 1.507935
3499 1.507935
4121 1.240074
4333 1.136324
4677 0.539727
4722 1.094931
6283 1.075626
6323 1.863323
6421 0.590708
6627 1.141787
7060 0.932204
7368 1.080373
7735 4.932937
7859 0.301427
7899 1.774252
8048 1.188156
8303 2.340444
8512 0.875061
8539 0.668346
8784 0.932204
8785 0.849082
8931 0.266359
9396 2.194316
9618 0.960233
9783 0.869152
10010 1.061691
10327 1.416165
10475 0.539727
10604 1.448350
10805 4.388632
11228 1.141787
11287 1.043779
11609 1.213339
