122

7 2.698436
52 1.592256
85 1.299051
188 7.842352
213 0.840757
346 0.506660
565 2.437354
917 1.148063
1112 0.765256
1336 1.608050
1456 1.698165
1542 0.814105
1592 1.120336
1643 1.043779
1872 0.638014
1942 4.388632
2040 2.194316
2046 1.018225
2174 0.949509
2197 3.039414
2446 1.760661
2497 1.608050
2501 1.784142
2575 0.956629
2708 1.035093
2886 1.577016
2976 1.760661
3287 1.641474
3455 1.188156
3470 1.784142
3535 1.005990
3611 12.822364
3683 1.070931
3902 2.340444
3926 2.959007
3929 1.641474
3979 1.471212
4520 0.729784
4738 1.145093
4770 1.261263
4967 2.698436
5100 0.700958
5204 1.738384
5217 1.299051
5382 1.426630
5394 0.995670
5499 1.808965
5678 0.986336
5692 0.753857
5753 0.650248
5781 4.078828
5833 1.497254
5897 2.194316
6105 3.039414
6112 0.501595
6144 6.342811
6315 1.275986
6329 2.261263
6708 3.970232
6842 2.136324
6874 0.500338
7008 0.878046
7111 0.499085
7150 0.978716
7368 1.080373
7480 17.642096
7498 0.355467
7550 1.624441
7556 3.670588
7599 3.039414
7614 2.085172
7788 1.060423
7859 1.205707
7874 1.275986
7881 1.548052
7899 0.887126
8007 0.838017
8183 2.811891
8196 1.307020
8237 1.170182
8310 3.039414
8380 3.039414
8387 0.854723
8479 1.760661
8597 2.136324
8605 0.738384
8650 1.299051
8653 1.080373
8930 2.096376
8931 0.266359
8956 1.080373
8992 2.136324
9031 0.884078
9132 0.731918
9262 1.738384
9280 2.317201
9328 0.915562
9338 1.760661
9593 0.949509
9747 0.945992
9872 1.141787
10058 0.606445
10092 0.887126
10325 1.030814
10385 3.568283
10475 1.619181
10572 2.738384
10619 0.528869
10669 1.717195
10818 1.299051
11306 1.178330
11332 1.430263
11335 1.043779
11337 2.340444
11362 1.164353
11423 1.633395
11437 1.213339
11451 1.768156
11502 1.014108
11523 0.538355
11536 1.323411
11600 0.351885
