219

18 0.088892
98 0.034613
99 0.035384
100 0.057153
186 0.031527
188 0.509147
194 0.023484
346 0.032894
398 0.044688
457 0.034464
466 0.119152
477 0.053285
531 0.029827
590 0.079120
593 0.051687
630 0.017974
632 0.032143
638 0.060486
697 0.053192
735 0.083176
795 0.067688
917 0.037268
1074 0.036368
1215 0.067688
1231 0.033188
1408 0.088892
1499 0.034170
1542 0.026427
1643 0.033882
1804 0.042960
1838 0.201008
1859 0.137802
1905 0.069348
1942 0.071231
2003 0.112861
2033 0.050714
2041 0.066202
2115 0.029934
2166 0.097899
2174 0.061645
2217 0.053860
2348 0.031053
2446 0.057153
2505 0.088892
2507 0.012350
2550 0.026014
2565 0.045971
2581 0.088892
2633 0.071086
2762 0.030516
2806 0.033601
2832 0.062503
2849 0.079120
2852 0.079120
2918 0.067688
3095 0.019175
3179 0.025068
3224 0.088892
3264 0.130538
3479 0.055743
3495 0.113957
3611 0.256142
3626 0.031407
3673 0.043797
3691 0.024111
3841 0.015488
3863 0.063632
3926 0.064036
3927 0.055087
3929 0.213138
3943 0.051687
3951 0.045768
4063 0.035543
4215 0.048603
4249 0.044088
4366 0.088892
4461 0.083176
4520 0.023690
4566 0.107412
4617 0.047758
4663 0.028897
4709 0.088892
4738 0.037171
4829 0.083176
4866 0.030708
4927 0.067688
4943 0.018586
4967 0.043797
5008 0.061459
5009 0.044688
5067 0.037796
5112 0.031170
5135 0.019276
5178 0.027027
5204 0.056430
5217 0.042169
5270 0.045315
5324 0.031527
5491 0.052579
5692 0.024471
5719 0.038372
5743 0.024326
5775 0.079120
5821 0.029827
5833 0.032402
5851 0.027472
5891 0.083176
5957 0.039814
6112 0.048847
6123 0.055743
6144 0.247076
6146 0.073404
6308 0.024326
6315 0.041420
6317 0.022819
6561 0.063632
6792 0.016866
6795 0.057916
6813 0.051066
6864 0.014162
6992 0.048950
7008 0.028503
7039 0.040709
7061 0.031053
7062 0.022329
7111 0.032402
7120 0.027027
7143 0.029934
7362 0.066202
7368 0.035070
7374 0.044088
7387 0.040942
7460 0.032143
7480 0.636319
7498 0.011539
7612 0.067688
7614 0.135375
7704 0.023147
7738 0.034613
7760 0.021636
7823 0.071231
7859 0.019569
7861 0.045251
7948 0.044688
7981 0.180252
8091 0.062503
8128 0.038372
8272 0.028698
8326 0.041179
8332 0.048144
8348 0.099609
8417 0.059576
8469 0.041915
8478 0.063632
8479 0.114307
8529 0.034613
8597 0.208044
8605 0.023969
8650 0.042169
8744 0.088892
8826 0.040284
8874 0.042960
8948 0.079120
9031 0.028698
9097 0.030483
9105 0.068928
9107 0.041915
9108 0.088892
9132 0.023759
9255 0.045639
9262 0.112861
9280 0.037610
9328 0.059441
9339 0.057153
9406 0.066202
9461 0.023416
9539 0.067688
9593 0.061645
9667 0.037610
9669 0.025144
9783 0.028214
9798 0.060486
9863 0.039599
9903 0.025771
10036 0.023899
10058 0.078744
10088 0.049371
10092 0.028797
10251 0.038372
10378 0.022184
10397 0.027472
10487 0.019377
10509 0.022884
10558 0.044998
10621 0.036539
10720 0.054460
10890 0.015107
10962 0.060486
10981 0.051192
11045 0.060486
11121 0.019479
11193 0.050252
11295 0.039387
11332 0.046428
11362 0.037796
11376 0.015069
11423 0.079533
11437 0.039387
11442 0.071231
11443 0.030708
11451 0.028698
11522 0.055087
11526 0.028897
11527 0.079120
11547 0.033741
11570 0.046310
11592 0.055743
11600 0.022845
11620 0.035226
