289

37 0.066144
76 0.066144
99 0.078986
108 0.028265
122 0.047280
139 0.029465
148 0.027061
152 0.066144
186 0.023459
187 0.045731
199 0.130358
217 0.019540
259 0.033027
305 0.049261
345 0.022517
346 0.012238
458 0.018047
476 0.043095
531 0.022194
633 0.029152
665 0.015287
689 0.030641
846 0.054619
866 0.043694
1002 0.063140
1306 0.054619
1333 0.019602
1385 0.050637
1390 0.031570
1456 0.020509
1487 0.020242
1542 0.019664
1553 0.361210
1605 0.021577
1666 0.018209
1750 0.043095
1780 0.073415
1789 0.037059
1796 0.035256
1804 0.031966
1828 0.081979
1831 0.018540
1859 0.014648
1939 0.033960
1947 0.026688
1986 0.027188
1997 0.035824
2000 0.023824
2008 0.037392
2024 0.049390
2028 0.037392
2029 0.056532
2052 0.066053
2062 0.032170
2064 0.029152
2071 0.023459
2112 0.042528
2150 0.049261
2154 0.049107
2165 0.019540
2174 0.022935
2185 0.057105
2259 0.030915
2384 0.554025
2385 0.132288
2455 0.020577
2494 0.058873
2507 0.009189
2537 0.137193
2539 0.027317
2550 0.019356
2569 0.081047
2762 0.011353
2768 0.048793
2769 0.053871
2834 0.047348
2851 0.056530
2996 0.032377
3037 0.041989
3095 0.014268
3139 0.073415
3149 0.162366
3165 0.037059
3179 0.018653
3203 0.013652
3209 0.048261
3377 0.036423
3386 0.029953
3394 0.036423
3437 0.034718
3480 0.033252
3495 0.028265
3499 0.036423
3505 0.066144
3531 0.019058
3533 0.066965
3668 0.056532
3691 0.017941
3820 0.061890
3837 0.061890
3841 0.023049
3850 0.036636
3951 0.085139
3954 0.109238
4005 0.026447
4040 0.048261
4063 0.026447
4110 0.023459
4126 0.041478
4176 0.042528
4187 0.058873
4198 0.058873
4215 0.012055
4291 0.058873
4352 0.034459
4509 0.220245
4598 0.054619
4708 0.016646
4771 0.037392
4842 0.039237
4858 0.038460
4901 0.021804
4943 0.013829
4969 0.137895
5008 0.045731
5012 0.019981
5081 0.074696
5083 0.065179
5089 0.054619
5100 0.016931
5110 0.043694
5111 0.045731
5112 0.023194
5133 0.072846
5178 0.060332
5184 0.053002
5193 0.083979
5363 0.029953
5388 0.073415
5468 0.028848
5496 0.023640
5532 0.021428
5562 0.033027
5678 0.023824
5696 0.043095
5701 0.032170
5734 0.054327
5753 0.031413
5774 0.050366
5920 0.029788
5926 0.016883
5948 0.020853
5960 0.073415
6001 0.056532
6023 0.034206
6070 0.017941
6144 0.030641
6168 0.036736
6331 0.043694
6345 0.087389
6421 0.014268
6422 0.051601
6433 0.018318
6456 0.019478
6505 0.031966
6559 0.024107
6587 0.015043
6627 0.275791
6779 0.038460
6792 0.037651
6796 0.033027
6802 0.024299
6813 0.037998
6837 0.059906
6864 0.052689
6983 0.073415
7000 0.073415
7001 0.065611
7032 0.033483
7061 0.011553
7062 0.016615
7082 0.027713
7120 0.020111
7122 0.040523
7125 0.068413
7143 0.022274
7193 0.050366
7217 0.019236
7368 0.026096
7432 0.066144
7498 0.008586
7521 0.045007
7646 0.042528
7694 0.037534
7707 0.025755
7709 0.016415
7732 0.058873
7735 0.029788
7758 0.024012
7788 0.025614
7847 0.022517
7859 0.007281
7862 0.023194
7892 0.042528
7896 0.034718
7899 0.021428
7928 0.045007
7947 0.038460
7978 0.026567
8007 0.020242
8044 0.035824
8048 0.516583
8083 0.051524
8098 0.030121
8245 0.025106
8272 0.021354
8281 0.033027
8294 0.022354
8326 0.061282
8382 0.125532
8407 0.069968
8455 0.010538
8484 0.051601
8489 0.036119
8491 0.040077
8498 0.032377
8502 0.073415
8534 0.044330
8605 0.017835
8630 0.049261
8663 0.046508
8784 0.112584
8785 0.205090
8826 0.042821
9052 0.020375
9059 0.039310
9105 0.025644
9116 0.028552
9237 0.051601
9328 0.022115
9394 0.046508
9602 0.114275
9618 0.046388
9625 0.031378
9643 0.028265
9645 0.146830
9725 0.029307
9767 0.089033
9774 0.023107
9865 0.019236
9907 0.036736
9986 0.054619
9991 0.066144
10082 0.030292
10195 0.040883
10235 0.033960
10255 0.045007
10276 0.019540
10359 0.053002
10378 0.016507
10392 0.073415
10423 0.016883
10537 0.037059
10587 0.046508
10596 0.086544
10605 0.053002
10619 0.038323
10639 0.027061
10808 0.061890
10818 0.062755
10867 0.043694
10887 0.061282
10890 0.089928
10974 0.066144
11074 0.073415
11119 0.040077
11162 0.030292
11194 0.024495
11210 0.041018
11228 0.027579
11234 0.073415
11332 0.034547
11377 0.029625
11383 0.073415
11480 0.042528
11523 0.013004
11532 0.031498
11568 0.032589
11600 0.016999
