110

52 1.592256
188 4.481344
373 1.459631
404 0.545260
424 1.358173
531 0.918840
768 3.039414
1344 2.136324
1487 0.838017
1542 0.814105
1744 1.426630
1803 1.254084
1804 1.323411
1838 1.548052
1859 1.819334
1872 0.638014
1994 1.090024
2091 1.219870
2115 0.922143
2174 0.949509
2176 1.608050
2217 1.659203
2339 1.147320
2352 3.039414
2405 1.323411
2507 0.380449
2633 1.094931
2651 0.784142
2886 1.577016
3275 0.611279
3423 0.925471
3531 0.788994
3546 0.978716
3621 0.899535
3683 1.070931
3865 3.039414
3956 1.717195
4022 3.039414
4091 0.693061
4215 0.499085
4520 0.729784
4573 0.543870
4613 0.902694
4615 1.483112
4738 0.572546
4753 3.039414
5084 1.577016
5135 0.593810
5177 1.182082
5217 1.299051
5330 1.960233
5395 1.035093
5453 1.696991
5491 0.404937
5651 1.315138
5677 3.039414
5743 0.749380
5778 3.039414
5949 0.918840
6065 1.358173
6144 2.537124
6261 3.039414
6367 1.405946
6379 1.998021
6427 3.039414
6800 3.039414
6806 0.677686
6931 1.808965
6962 1.200565
7061 0.478313
7062 0.687865
7126 0.769901
7212 1.717195
7368 2.160745
7388 1.548052
7405 2.194316
7555 3.039414
7715 1.233234
7788 0.530212
7859 1.507134
7861 0.696991
7899 0.887126
7931 1.659203
8007 0.838017
8083 0.711035
8183 1.405946
8196 1.307020
8343 0.986336
8479 1.760661
8529 1.066286
8605 0.738384
9280 1.158601
9339 1.760661
9643 1.170182
9646 1.219870
9760 3.039414
9903 1.587803
10088 1.520900
10309 0.994091
10378 0.683388
10537 1.534264
10557 1.998021
10705 1.608050
11295 1.213339
11298 1.182082
11368 1.784142
11423 0.816698
11425 1.760661
11547 2.078828
11600 0.351885
