228

63 0.026598
97 0.025560
99 0.061294
100 0.049503
186 0.027307
188 0.472492
346 0.028491
404 0.076653
465 0.050163
531 0.025834
600 0.054614
637 0.035876
674 0.072042
795 0.058627
831 0.023036
857 0.032575
917 0.032279
1067 0.072042
1093 0.039530
1112 0.021516
1149 0.045673
1342 0.085456
1456 0.023873
1461 0.053232
1532 0.021912
1797 0.019764
1798 0.033067
1804 0.037209
1807 0.052230
1835 0.036304
1838 0.174101
1859 0.051153
1949 0.047170
1986 0.031647
1995 0.064205
2064 0.033933
2107 0.045212
2174 0.053393
2259 0.011995
2405 0.074418
2446 0.049503
2507 0.021393
2550 0.045063
2554 0.038186
2576 0.048063
2626 0.033235
2633 0.092356
2690 0.027412
2806 0.029103
2807 0.085456
2809 0.042762
2818 0.046152
2886 0.044340
2897 0.076993
2950 0.039249
3167 0.085456
3223 0.076993
3255 0.038444
3264 0.075376
3286 0.039249
3423 0.026021
3455 0.033406
3495 0.032901
3509 0.042762
3535 0.028285
3564 0.065804
3567 0.019992
3611 0.332783
3621 0.075874
3626 0.027203
3634 0.041039
3673 0.037935
3681 0.032575
3760 0.041699
3839 0.085456
3841 0.013415
3863 0.055114
3929 0.046152
3951 0.039641
4063 0.030785
4215 0.014032
4345 0.085456
4461 0.072042
4506 0.063578
4520 0.020519
4529 0.073497
4738 0.112684
4747 0.107627
4834 0.029723
4927 0.058627
4943 0.016098
4967 0.113804
5009 0.038706
5025 0.023639
5036 0.043926
5178 0.046818
5204 0.048877
5241 0.047713
5270 0.039249
5320 0.025560
5324 0.027307
5369 0.055114
5382 0.040111
5394 0.013997
5395 0.029103
5491 0.034156
5532 0.024942
5540 0.144083
5559 0.085456
5712 0.027203
5743 0.021070
5744 0.076993
5749 0.027203
5753 0.018282
5781 0.114681
5821 0.025834
5833 0.014032
5851 0.023794
5891 0.072042
5900 0.029224
5929 0.085456
5957 0.034484
6058 0.053232
6070 0.020883
6112 0.014103
6144 0.142668
6308 0.042139
6315 0.035876
6317 0.019764
6329 0.127156
6401 0.047713
6742 0.076993
6792 0.014609
6795 0.050163
6858 0.031797
6864 0.012266
6874 0.014068
7061 0.053793
7144 0.063578
7217 0.022391
7298 0.068529
7368 0.060752
7383 0.051601
7400 0.057340
7404 0.031647
7408 0.114681
7480 0.716483
7487 0.056177
7556 0.103203
7594 0.042397
7614 0.058627
7641 0.036366
7667 0.072042
7709 0.019107
7859 0.042375
7861 0.039193
7899 0.074827
7920 0.029224
7964 0.072042
7981 0.130103
8027 0.038186
8183 0.039530
8227 0.022962
8284 0.040111
8343 0.027732
8387 0.024031
8469 0.072608
8479 0.198011
8499 0.022391
8529 0.029980
8552 0.037446
8577 0.072042
8597 0.060065
8605 0.020760
8641 0.035260
8643 0.076993
8650 0.036524
8808 0.047713
8826 0.054829
8931 0.007489
9031 0.024857
9051 0.031647
9059 0.015253
9098 0.085456
9105 0.059701
9130 0.021581
9132 0.020579
9280 0.032575
9284 0.044340
9328 0.025742
9329 0.042397
9381 0.031647
9406 0.057340
9446 0.055114
9475 0.048281
9593 0.026696
9669 0.043557
9671 0.044768
9729 0.037935
9747 0.026598
9767 0.007972
9770 0.028745
9872 0.032103
9903 0.022321
9933 0.030242
10058 0.085254
10088 0.042762
10092 0.024942
10136 0.076993
10228 0.034114
10251 0.033235
10279 0.028285
10337 0.029851
10378 0.038428
10890 0.013085
10917 0.045212
11084 0.047170
11121 0.016872
11162 0.035260
11235 0.072042
11278 0.053232
11324 0.051601
11332 0.020107
11364 0.040413
11423 0.137774
11451 0.049714
11526 0.025029
11566 0.039530
