428

63 0.945992
85 1.299051
148 1.120336
179 1.268562
186 2.913685
194 0.723444
198 1.152923
217 0.808965
304 2.209831
310 2.340444
318 1.649141
404 0.545260
418 0.824570
424 1.358173
455 2.261570
457 3.185072
458 1.494316
475 1.349218
531 1.837680
536 3.623501
552 3.005963
586 0.747158
623 2.039414
630 1.107385
632 1.980392
760 1.998021
822 1.495346
857 1.158601
876 1.548052
897 0.860437
913 10.394141
917 0.574031
921 1.548052
950 1.641474
990 1.340444
992 1.158601
993 2.136324
994 1.448350
1004 3.850942
1042 1.863323
1053 1.001988
1074 1.120336
1090 1.641474
1156 3.039414
1157 1.315138
1217 2.261263
1231 2.044762
1275 1.291226
1278 1.268562
1284 3.241118
1285 1.349218
1296 0.974956
1333 6.492219
1339 2.562293
1343 1.641474
1377 2.437354
1455 1.349218
1466 0.909080
1483 1.760661
1487 2.514051
1532 1.558685
1542 0.814105
1592 2.240672
1605 1.786572
1609 1.115135
1616 1.483112
1643 1.043779
1651 1.784142
1652 3.096105
1653 2.966223
1666 0.753857
1721 1.494316
1797 0.702954
1807 1.857649
1818 3.921061
1853 1.696991
1856 2.136324
1859 0.606445
1872 0.638014
1875 1.534264
1881 1.717195
1886 1.863323
1947 2.209831
1981 0.935610
1986 1.125600
1987 2.340444
2002 1.275986
2025 2.853261
2102 2.738384
2131 1.018225
2154 0.677686
2165 0.808965
2179 1.893286
2249 1.760661
2250 7.312062
2259 1.706521
2262 1.863323
2268 1.521321
2281 2.562293
2286 2.562293
2348 1.913257
2363 7.156665
2455 0.851893
2506 5.151584
2550 0.801368
2552 2.087558
2572 0.884078
2573 2.738384
2579 2.194316
2618 1.164353
2627 2.295769
2630 2.437354
2633 5.474657
2638 1.061691
2697 1.608050
2708 1.035093
2720 1.052642
2762 0.940080
2801 1.200565
2806 1.035093
2867 2.039414
2936 3.617930
2950 1.395961
2954 1.871221
3010 1.577016
3023 2.136324
3056 1.696991
3065 2.562293
3095 1.181416
3121 1.568283
3122 0.765256
3136 1.437354
3144 1.592256
3193 1.659203
3203 1.695594
3204 1.136324
3281 1.784142
3313 1.507935
3340 2.738384
3353 1.998021
3367 1.784142
3401 1.340444
3402 1.323411
3473 0.767573
3510 1.960233
3559 1.608050
3583 2.136324
3613 1.005990
3621 1.799070
3633 3.659611
3637 1.136324
3681 2.317201
3735 2.966223
3741 4.170343
3760 1.483112
3816 2.194316
3818 0.704960
3841 3.339849
3850 0.758381
3904 1.507935
3938 1.233234
3951 2.819841
3979 1.471212
3991 4.680888
3995 2.261263
4037 1.808965
4063 2.189863
4091 0.693061
4215 0.998169
4230 2.738384
4232 2.562293
4283 1.998021
4416 1.784142
4433 1.960233
4529 3.921061
4556 2.085172
4572 1.998021
4617 1.471212
4645 2.123381
4663 0.890195
4708 0.689166
4722 1.094931
4734 0.619458
4738 0.572546
4755 2.340444
4764 1.152923
4834 1.057143
4901 0.902694
4903 1.548052
4912 2.738384
4943 0.572546
5012 0.827227
5025 1.681514
5050 2.837977
5067 2.328706
5110 1.808965
5112 0.960233
5117 2.261263
5178 0.832588
5324 1.942457
5468 1.194316
5482 1.893286
5491 1.214811
5569 11.292346
5681 1.147320
5689 0.838017
5692 0.753857
5734 3.373757
5743 0.749380
5753 1.300496
5797 1.066286
5880 1.670588
5920 1.233234
5934 1.998021
5947 1.247022
5949 0.918840
5955 2.085172
5966 3.670588
6060 0.971228
6070 0.742749
6071 0.619458
6112 1.504785
6281 3.620716
6291 0.806418
6301 2.194316
6411 2.738384
6415 0.928824
6421 2.953539
6436 20.983114
6456 1.612836
6535 1.608050
6558 3.039414
6559 2.994064
6568 0.723444
6723 1.925471
6792 1.039172
6813 1.573122
6814 1.219870
6820 1.863323
6823 1.562293
6828 0.717195
6874 1.000676
6878 1.275986
6909 0.747158
6911 2.562293
6962 1.200565
7006 2.085172
7008 0.878046
7028 2.562293
7060 0.932204
7061 0.478313
7111 0.499085
7126 12.318419
7135 2.085172
7162 1.808965
7212 1.717195
7217 1.592752
7255 1.641474
7350 1.659203
7377 11.483875
7385 1.539802
7411 0.893286
7460 0.990196
7498 4.265604
7515 1.405946
7517 9.118242
7607 1.835294
7641 0.646717
7694 0.776963
7704 7.130783
7714 2.340444
7752 2.340444
7760 1.333004
7788 2.120846
7815 2.340444
7859 1.205707
7884 1.893286
7887 0.971228
7922 1.835294
7946 1.026577
7955 1.760661
7981 5.552825
8007 1.676034
8021 3.039414
8023 1.960233
8085 1.507935
8111 1.035093
8157 3.756174
8245 1.039414
8289 2.738384
8326 2.537124
8351 1.233234
8368 1.998021
8381 1.164353
8382 1.039414
8384 1.960233
8387 0.854723
8404 1.566655
8455 0.436270
8462 2.453002
8466 2.562293
8487 1.548052
8529 1.066286
8559 1.562293
8613 3.015870
8645 3.920466
8646 1.863323
8650 1.299051
8662 1.188156
8689 2.261263
8722 2.437354
8761 2.988632
8764 1.548052
8767 0.704960
8771 1.534264
8826 3.722938
8855 2.340444
8874 3.970232
8879 1.659203
8908 2.562293
8931 0.266359
9059 1.627453
9062 1.075626
9075 1.520900
9097 0.939044
9115 4.419663
9116 2.364163
9138 0.673926
9178 2.562293
9197 1.520900
9237 2.136324
9264 2.630276
9270 1.075626
9279 1.367316
9306 1.608050
9328 0.915562
9380 1.136324
9444 0.939044
9446 1.960233
9462 1.641474
9469 1.641474
9480 1.624441
9521 1.483112
9568 1.066286
9587 1.291226
9594 1.495346
9634 2.494045
9635 1.548052
9643 1.170182
9687 2.261263
9688 1.315138
9704 1.696991
9725 1.213339
9729 1.349218
9767 3.402471
9770 4.089523
9774 2.869886
9783 0.869152
9811 0.909080
9832 1.784142
9855 1.641474
9873 1.376656
9900 3.786572
9903 4.763409
9919 2.219990
9957 2.874708
9999 2.388632
10010 1.061691
10036 0.736218
10058 3.638669
10070 1.893286
10109 1.835294
10122 1.893286
10131 2.738384
10147 3.096105
10195 0.846290
10214 11.552825
10251 3.546245
10276 4.853791
10325 1.030814
10397 4.231448
10423 2.096910
10475 1.079454
10505 1.507935
10509 0.704960
10510 1.717195
10515 1.624441
10528 1.893286
10534 1.471212
10548 1.988182
10581 1.386202
10604 1.448350
10619 1.586607
10658 1.240074
10701 1.573122
10779 1.608050
10887 1.268562
10890 0.465383
10901 1.893286
10917 1.608050
10962 1.863323
10999 1.395961
11064 2.136324
11090 2.437354
11121 0.600081
11152 1.786572
11194 1.014108
11242 1.048188
11256 0.779343
11264 2.340444
11295 1.213339
11298 1.182082
11304 1.863323
11349 3.850618
11375 0.791441
11423 0.816698
11443 0.945992
11454 2.136324
11462 4.217837
11466 1.109995
11503 0.884078
11522 1.696991
11532 0.652024
11600 0.351885
11625 1.104916
11636 8.150470
11637 2.786473
11672 1.738384
