77

98 1.066286
99 1.090024
122 1.957433
188 1.120336
346 0.506660
997 4.272648
1385 2.096376
1390 1.307020
1542 1.628210
1835 1.291226
2174 1.899018
2251 2.562293
2268 1.521321
2384 2.085172
2455 1.703787
2569 1.677686
2575 0.956629
2638 1.061691
2720 1.052642
2996 1.340444
3095 0.590708
3165 1.534264
3374 1.170182
3550 1.386202
3795 1.395961
3951 0.704960
4110 0.971228
4121 1.240074
4126 3.434390
4198 4.874708
4317 1.254084
4351 2.437354
4426 1.863323
4708 1.378332
4945 1.925471
5081 1.030814
5120 3.039414
5472 2.340444
5529 1.293434
6070 0.742749
6792 0.519586
6864 0.436270
7143 0.922143
7368 1.080373
7735 7.399405
7788 1.060423
7818 1.760661
7859 0.301427
7928 1.863323
8048 7.128935
8083 0.711035
8098 1.247022
8150 1.099895
8382 5.197071
8387 1.709445
8455 0.436270
8784 4.661021
8785 0.849082
8826 0.709131
8931 0.266359
9059 1.084969
9105 1.061691
9132 2.195754
9290 1.738384
9646 2.439740
9767 1.134157
10082 1.254084
10249 1.927734
10423 0.698970
10433 1.052642
10487 0.596934
10890 1.396149
11119 1.659203
11210 0.849082
11228 1.141787
11386 1.349218
11600 0.351885
