595

9 2.562293
13 1.437354
46 2.085172
64 1.426630
66 2.562293
68 1.520900
76 2.738384
85 2.598103
90 2.340444
97 0.909080
111 1.623055
131 1.808965
143 2.738384
147 2.261263
166 6.883281
186 0.971228
188 1.120336
194 2.170331
199 1.349218
215 3.039414
217 0.808965
256 2.437354
280 5.124586
282 2.791923
298 1.677686
303 5.124586
304 2.209831
305 2.039414
308 1.831125
318 0.824570
345 4.661021
346 2.026639
379 2.562293
380 1.641474
398 1.376656
402 2.437354
404 2.181038
418 0.824570
427 2.738384
448 3.039414
455 0.753857
458 1.494316
470 1.835294
483 5.016337
484 9.118242
485 11.881558
486 4.187884
494 3.039414
508 0.774596
531 4.594201
553 1.568283
586 2.241474
592 1.717195
604 1.495346
617 3.039414
630 1.661078
641 3.039414
648 3.039414
658 2.738384
665 0.632874
697 1.638612
700 2.437354
704 3.039414
705 3.039414
798 1.307020
806 1.376656
811 3.039414
831 1.638612
864 3.039414
886 3.039414
895 0.846290
916 5.426896
960 1.066286
965 0.963867
994 1.448350
1004 1.925471
1007 32.996846
1032 1.760661
1037 1.283539
1082 2.136324
1098 2.738384
1132 3.164370
1157 5.260553
1182 2.039414
1197 2.990692
1216 2.261263
1240 2.261263
1274 1.471212
1275 1.291226
1277 1.998021
1295 2.439740
1296 0.974956
1297 2.738384
1336 1.608050
1352 3.039414
1455 2.698436
1471 2.738384
1483 1.760661
1487 1.676034
1548 1.367316
1605 8.039575
1609 1.115135
1636 2.230270
1649 0.881052
1652 1.548052
1679 2.340444
1688 2.136324
1721 0.747158
1725 1.200565
1744 1.426630
1764 3.216101
1768 2.738384
1807 0.928824
1811 2.738384
1820 1.577016
1828 3.393983
1831 0.767573
1841 2.562293
1872 0.638014
1932 3.039414
1940 1.735549
1981 0.935610
2005 1.158601
2006 2.437354
2033 1.562293
2043 2.085172
2045 4.388632
2109 2.738384
2132 3.039414
2134 1.562293
2165 3.235861
2172 2.340444
2176 1.608050
2195 2.039414
2224 1.147320
2256 2.039414
2259 0.853261
2268 0.760661
2392 1.998021
2406 2.437354
2421 0.986336
2430 3.039414
2443 2.562293
2459 39.512384
2473 2.053154
2482 2.340444
2484 1.863323
2487 2.562293
2506 1.717195
2507 0.380449
2530 0.717195
2552 1.043779
2565 4.248494
2609 1.483112
2618 1.164353
2619 3.039414
2626 1.182082
2638 1.061691
2674 2.085172
2677 13.932472
2682 1.863323
2696 0.683388
2763 0.756113
2768 1.010030
2801 1.200565
2804 3.493059
2831 2.562293
2843 1.471212
2851 1.170182
2861 3.039414
2875 1.534264
2886 1.577016
2892 3.041800
2964 6.078828
3014 1.980392
3038 1.659203
3049 1.835294
3095 1.181416
3099 1.925471
3100 1.998021
3121 0.784142
3122 1.530513
3156 1.376656
3163 1.835294
3171 1.471212
3177 2.317201
3205 1.416165
3235 4.078828
3251 9.118242
3266 1.893286
3273 1.863323
3275 0.611279
3282 4.129969
3370 1.109995
3382 2.562293
3383 1.835294
3402 1.323411
3414 1.109995
3423 1.850942
3482 0.967532
3489 1.405946
3531 1.577988
3542 1.677686
3555 2.136324
3567 0.711035
3573 2.366982
3590 2.194316
3605 1.349218
3611 2.959007
3613 1.005990
3682 1.893286
3697 4.078828
3726 2.194316
3744 2.562293
3792 2.562293
3818 1.409921
3822 3.039414
3841 0.477121
3926 0.986336
3959 3.039414
3960 3.039414
3997 2.738384
4060 3.617930
4106 3.039414
4148 0.978716
4170 2.562293
4179 2.966223
4215 4.990846
4218 2.562293
4227 2.340444
4266 3.157927
4296 2.437354
4310 1.022381
4315 0.756113
4333 4.545297
4362 2.734633
4390 3.039414
4458 1.043779
4469 1.863323
4520 0.729784
4526 1.641474
4529 1.307020
4536 1.998021
4538 1.120336
4542 1.416165
4550 2.582452
4610 2.630276
4613 2.708081
4645 1.061691
4669 1.696991
4671 2.738384
4677 2.158908
4722 1.094931
4738 0.572546
4776 2.039414
4834 2.114286
4835 2.039414
4869 1.577016
4876 2.340444
4895 2.340444
4904 1.471212
4943 0.572546
4951 2.562293
4959 3.039414
4980 2.085172
4981 3.039414
5009 1.376656
5020 2.738384
5023 1.070931
5050 0.945992
5053 1.080373
5081 1.030814
5100 0.700958
5104 1.835294
5112 4.801164
5135 0.593810
5148 1.863323
5168 19.413429
5177 2.364163
5217 1.299051
5286 4.680888
5363 1.240074
5376 1.261263
5382 1.426630
5394 0.497835
5403 5.476768
5427 2.738384
5491 0.809874
5496 1.957433
5529 1.940151
5531 1.835294
5532 1.774252
5554 8.215152
5620 1.376656
5624 25.297582
5651 2.630276
5678 0.986336
5681 1.147320
5692 0.753857
5734 3.373757
5753 0.650248
5805 2.340444
5812 2.562293
5813 5.124586
5814 1.760661
5821 1.837680
5825 2.437354
5857 2.240672
5880 1.670588
5887 3.039414
5919 1.624441
5926 2.096910
5955 2.085172
6071 1.238917
6076 2.437354
6077 2.562293
6112 1.003190
6119 1.863323
6276 2.738384
6291 1.612836
6317 2.108863
6318 3.039414
6324 2.942425
6354 1.863323
6380 1.885008
6415 3.715298
6418 8.757783
6419 2.738384
6421 0.590708
6433 1.516762
6445 1.483112
6466 1.075626
6506 1.299051
6542 1.659203
6587 1.868321
6596 1.760661
6628 3.786572
6631 1.386202
6649 2.942425
6657 4.413637
6676 3.039414
6681 6.582948
6707 36.472969
6723 1.925471
6725 6.379931
6779 1.592256
6780 2.085172
6792 2.078345
6799 1.358173
6814 1.219870
6816 0.978716
6860 2.508169
6864 0.436270
6878 3.827958
6934 1.448350
6966 2.039414
6968 5.074248
7009 1.717195
7046 1.835294
7047 2.426679
7060 0.932204
7062 1.375730
7072 2.811891
7082 2.294639
7084 12.511030
7100 2.085172
7111 1.497254
7118 0.611279
7119 1.835294
7120 0.832588
7158 3.039414
7165 1.115135
7173 3.039414
7217 3.981880
7299 2.194316
7328 2.437354
7330 3.039414
7389 2.853261
7408 2.039414
7410 2.085172
7411 0.893286
7442 2.136324
7460 1.980392
7488 2.194316
7498 1.066401
7530 1.996043
7584 1.641474
7601 2.340444
7616 3.039414
7635 0.704960
7640 2.738384
7679 1.925471
7680 3.039414
7694 1.553926
7730 1.659203
7747 2.562293
7758 0.994091
7760 0.666502
7775 2.680888
7788 1.060423
7809 3.476768
7814 2.039414
7847 0.932204
7855 1.483112
7859 0.301427
7864 1.170182
7911 1.240074
7919 1.659203
7922 1.835294
7954 3.039414
7962 5.476768
7987 1.376656
7991 1.562293
8007 0.838017
8010 1.507935
8032 2.194316
8037 3.039414
8038 3.039414
8042 3.476768
8070 1.624441
8078 9.118242
8083 0.711035
8091 1.925471
8098 1.247022
8126 1.659203
8183 1.405946
8192 1.925471
8196 2.614041
8227 0.816698
8272 1.768156
8288 2.738384
8348 3.068528
8352 2.564168
8358 1.960233
8381 1.164353
8385 2.261263
8396 4.824151
8452 1.738384
8455 1.308809
8457 1.194316
8478 1.960233
8499 0.796376
8512 0.875061
8534 1.835294
8539 1.336693
8548 2.738384
8550 1.659203
8582 1.577016
8601 3.521321
8619 1.275986
8627 2.562293
8651 4.874708
8699 1.641474
8761 0.747158
8767 0.704960
8809 6.078828
8821 1.416165
8826 2.659241
8837 12.157656
8839 3.039414
8846 8.757783
8872 6.255515
8875 4.874708
8876 2.039414
8910 3.039414
8920 11.990265
8930 1.048188
8931 3.729032
8969 6.783789
8971 2.614041
8990 3.039414
9008 1.925471
9051 1.125600
9059 0.542484
9062 2.151253
9063 2.562293
9089 3.039414
9097 0.939044
9104 0.893286
9128 2.562293
9138 2.021778
9170 18.236485
9196 1.893286
9216 49.149326
9261 1.376656
9279 1.367316
9280 1.158601
9288 1.960233
9297 3.039414
9304 2.738384
9328 1.831125
9353 2.562293
9435 1.608050
9461 0.721351
9489 2.562293
9554 2.136324
9596 1.213339
9643 2.340365
9646 2.439740
9667 1.158601
9686 2.136324
9688 1.315138
9690 1.592256
9704 1.696991
9767 1.984775
9783 1.738305
9796 1.592256
9842 1.893286
9890 4.522526
9908 1.562293
9915 2.194316
9917 3.039414
9950 9.205968
9951 5.838522
10004 3.996043
10031 4.522526
10033 1.696991
10067 1.018225
10084 1.624441
10092 0.887126
10152 2.136324
10193 6.078828
10195 0.846290
10215 1.641474
10247 8.545297
10249 0.963867
10276 0.808965
10279 1.005990
10303 1.784142
10309 0.994091
10314 2.738384
10326 4.391508
10361 2.738384
10396 2.028217
10397 1.692579
10437 1.696991
10438 1.998021
10441 2.437354
10458 1.299051
10465 2.680888
10487 0.596934
10489 1.960233
10558 2.772403
10565 5.361776
10596 1.194316
10604 1.448350
10609 1.925471
10623 20.394141
10626 3.039414
10635 3.355373
10669 1.717195
10697 2.738384
10701 2.359683
10703 3.039414
10715 1.416165
10772 2.261263
10890 3.257680
11084 1.677686
11096 2.753313
11130 1.784142
11155 1.562293
11162 2.508169
11164 3.039414
11177 4.523806
11203 1.641474
11210 0.849082
11211 11.306314
11219 3.039414
11238 1.495346
11256 0.779343
11258 2.772403
11280 3.039414
11298 2.364163
11304 1.863323
11306 0.589165
11312 2.261263
11320 1.001988
11330 2.261263
11335 1.043779
11349 1.283539
11362 5.821764
11364 1.437354
11376 0.928453
11397 6.824693
11423 1.633395
11502 1.014108
11521 1.075626
11523 0.538355
11532 3.912146
11563 3.039414
11600 3.870737
11605 11.206449
11606 10.254246
11625 1.104916
11653 3.039414
