347

52 1.592256
63 0.945992
80 2.738384
97 3.636321
99 1.090024
127 1.437354
147 2.261263
173 1.592256
186 0.971228
198 1.152923
217 0.808965
230 2.738384
266 2.261263
304 1.104916
308 1.831125
318 0.824570
458 0.747158
465 1.784142
467 1.226501
512 1.386202
536 1.811750
586 1.494316
600 1.942457
665 1.898622
666 1.608050
689 1.268562
691 2.039414
734 1.448350
757 1.738384
781 1.659203
822 1.495346
876 1.548052
917 0.574031
960 1.066286
965 0.963867
1072 2.437354
1102 1.247022
1132 0.632874
1149 1.624441
1158 2.562293
1231 1.022381
1277 1.998021
1278 1.268562
1296 0.974956
1331 2.340444
1378 2.772403
1444 1.459631
1452 2.562293
1471 2.738384
1490 3.039414
1572 1.376656
1602 2.738384
1603 2.738384
1649 0.881052
1653 1.483112
1666 0.753857
1695 2.738384
1721 0.747158
1828 1.696991
1896 1.349218
1900 3.015870
1995 1.141787
2002 1.275986
2005 1.158601
2019 2.437354
2038 1.835294
2071 0.971228
2102 2.738384
2115 0.922143
2116 1.592256
2121 1.925471
2165 1.617930
2267 1.247022
2278 4.879481
2313 1.358173
2339 1.147320
2344 1.307020
2366 1.717195
2375 1.717195
2405 2.646822
2492 3.039414
2507 0.760899
2530 0.717195
2539 1.130929
2595 2.437354
2627 2.295769
2632 2.437354
2633 2.189863
2653 1.507935
2682 1.863323
2690 0.974956
2762 0.940080
2791 2.738384
2806 2.070185
2810 1.998021
2842 2.194316
2911 2.261263
2951 3.039414
2954 0.935610
3010 1.577016
3023 2.136324
3049 1.835294
3095 0.590708
3134 1.641474
3146 3.039414
3163 14.682353
3179 0.772242
3203 2.260791
3262 2.261263
3263 1.760661
3264 4.021332
3285 3.154032
3304 1.608050
3313 1.507935
3374 2.340365
3383 1.835294
3417 1.075626
3428 2.562293
3531 2.366982
3535 1.005990
3567 0.711035
3605 1.349218
3613 1.005990
3625 1.893286
3637 1.136324
3818 0.704960
3820 2.562293
3864 2.194316
3903 2.738384
3926 0.986336
3956 1.717195
3982 1.893286
4005 1.094931
4063 1.094931
4091 1.386122
4167 3.039414
4196 0.734063
4202 3.039414
4215 1.497254
4331 1.717195
4437 1.471212
4440 2.340444
4451 1.756092
4462 1.141787
4480 3.039414
4505 2.136324
4520 0.729784
4573 1.087740
4645 1.061691
4693 1.925471
4695 2.340444
4916 1.268562
4947 3.039414
4964 3.171429
5009 1.376656
5023 2.141862
5046 3.039414
5056 2.039414
5067 1.164353
5070 3.726646
5112 0.960233
5141 1.624441
5307 2.061628
5345 13.240912
5394 1.493505
5468 1.194316
5482 1.893286
5496 0.978716
5529 0.646717
5532 1.774252
5553 2.437354
5562 2.734633
5569 2.053154
5689 0.838017
5734 2.811464
5758 1.219870
5792 1.949912
5797 1.066286
5833 0.998169
5885 0.706976
5911 3.039414
5949 0.918840
6065 1.358173
6071 0.619458
6097 3.284794
6112 1.504785
6213 2.039414
6269 2.738384
6273 1.893286
6281 3.620716
6313 2.437354
6398 10.249171
6411 2.738384
6425 3.039414
6426 6.078828
6436 5.473856
6542 1.659203
6570 0.998021
6587 0.622774
6605 2.919261
6656 2.562293
6792 0.519586
6796 1.367316
6799 1.358173
6813 0.786561
6814 1.219870
6816 0.978716
6828 1.434390
6838 1.120336
6846 2.039414
6847 3.039414
6860 6.270421
6864 5.235237
6874 2.001352
6875 2.194316
6878 1.275986
6909 2.241474
7040 3.920466
7082 3.441959
7118 1.222559
7126 2.309704
7340 1.835294
7363 2.562293
7385 2.309704
7411 1.786572
7429 2.437354
7450 1.376656
7498 1.421868
7607 1.835294
7635 0.704960
7704 1.426157
7709 4.757050
7714 7.021332
7788 2.120846
7826 1.299051
7856 1.254084
7859 0.301427
7864 5.850912
7870 2.340444
7902 2.340444
7908 1.960233
7915 5.218895
7925 1.520900
7926 1.893286
7927 2.738384
7936 1.331844
7941 3.039414
7945 1.738384
7989 1.048188
8046 1.219870
8128 2.364163
8175 1.448350
8196 1.307020
8237 1.170182
8241 1.018225
8351 2.466468
8358 1.960233
8402 3.850942
8404 1.566655
8435 2.738384
8455 0.436270
8457 1.194316
8469 1.291226
8479 1.760661
8494 1.291226
8499 0.796376
8539 0.668346
8547 1.925471
8559 1.562293
8605 0.738384
8623 21.275899
8759 1.483112
8761 0.747158
8762 1.448350
8793 3.039414
8821 1.416165
8826 3.368372
8842 2.261263
8931 0.799078
9062 1.075626
9067 2.562293
9075 1.520900
9080 1.784142
9114 2.698436
9115 5.524578
9116 2.364163
9130 0.767573
9290 1.738384
9328 0.915562
9341 3.039414
9351 1.367316
9381 1.125600
9419 3.039414
9438 1.562293
9444 0.939044
9470 2.562293
9508 3.039414
9520 1.520900
9522 1.507935
9767 1.134157
9774 1.913257
9783 1.738305
9865 0.796376
9934 1.808965
9951 1.459631
9952 5.124586
9994 1.998021
10087 18.236485
10147 1.548052
10195 0.846290
10228 1.213339
10247 2.136324
10276 5.662756
10279 1.005990
10290 3.850942
10327 1.416165
10378 1.366777
10468 2.261263
10470 3.039414
10604 1.448350
10619 0.528869
10646 1.213339
10651 1.233234
10661 1.507935
10715 1.416165
10795 3.039414
10841 2.738384
10945 1.998021
10950 2.261263
10970 3.039414
11015 2.151253
11049 2.562293
11194 1.014108
11242 1.048188
11261 3.039414
11306 1.767495
11390 2.562293
11396 0.942504
11475 1.459631
11521 1.075626
11523 4.845194
11534 1.696991
11543 1.261263
11592 1.717195
11600 0.703770
11637 1.857649
11649 2.261263
