137

52 0.076696
188 0.053965
217 0.077933
346 0.024405
404 0.026264
479 0.058444
552 0.048264
831 0.078929
951 0.102903
1047 0.146403
1141 0.063746
1387 0.052271
1390 0.062957
1465 0.133542
1506 0.107428
1614 0.100439
1666 0.072624
1705 0.094421
1766 0.060407
1831 0.036973
1952 0.072635
2005 0.055808
2046 0.049046
2058 0.043329
2109 0.131903
2174 0.045736
2268 0.036640
2507 0.018326
2638 0.051140
2652 0.083735
2693 0.098235
2762 0.022641
2767 0.123421
2831 0.246843
2948 0.064153
3014 0.047696
3137 0.089753
3165 0.073903
3325 0.108921
3377 0.145269
3513 0.082714
3599 0.111616
3721 0.098235
3766 0.073259
3772 0.064990
3912 0.100439
3951 0.067913
4121 0.059732
4196 0.035359
4452 0.071439
4520 0.035152
4534 0.056939
4566 0.039846
4677 0.025998
4687 0.088403
4722 0.158223
4729 0.057829
4866 0.045567
5012 0.079692
5083 0.064990
5100 0.033764
5217 0.062573
5529 0.031151
5620 0.066311
5658 0.082714
5743 0.036096
5751 0.091196
5785 0.146403
5902 0.064990
6153 0.077457
6291 0.038844
6421 0.028453
6516 0.117403
6568 0.034847
6587 0.029998
6627 0.164994
6635 0.059403
6806 0.032643
6813 0.037887
7039 0.060407
7061 0.023040
7148 0.098235
7368 0.052040
7411 0.043028
7492 0.123421
7587 0.075253
7709 0.032734
7735 0.534625
7744 0.146403
7760 0.032104
7773 0.146403
7859 0.014519
7899 0.085463
8010 0.072635
8048 0.057231
8174 0.167470
8175 0.069765
8196 0.062957
8245 0.050067
8359 0.091196
8384 0.094421
8387 0.123512
8512 0.042150
8515 0.112735
8529 0.051361
8702 0.063746
8784 0.044903
8785 0.122697
8826 0.085394
8919 0.036640
8931 0.012830
9051 0.054218
9059 0.026131
9105 0.051140
9201 0.617107
9396 0.105696
9590 0.123421
9671 0.153393
9767 0.027315
9783 0.041866
9873 0.066311
10010 0.051140
10036 0.035462
10258 0.136429
10327 0.204643
10423 0.033668
10491 0.055264
10509 0.033957
10521 0.059403
10779 0.077457
10805 0.105696
10890 0.022417
11121 0.028905
11217 0.146403
11228 0.054998
11443 0.091134
11600 0.033899
