121

26 0.062564
36 0.077314
68 0.088852
98 0.062293
109 0.072046
122 0.057177
178 0.110607
218 0.093943
346 0.029599
404 0.063709
434 0.105681
630 0.032347
665 0.036973
697 0.047864
763 0.095896
897 0.050267
965 0.056310
1016 0.142392
1132 0.036973
1210 0.177564
1385 0.061236
1532 0.045530
1533 0.203115
1592 0.065451
1611 0.193863
1636 0.065147
1695 0.159978
1701 0.128193
1766 0.073264
1872 0.037273
1902 0.118490
1929 0.603474
1935 0.132104
1940 0.033797
2076 0.084613
2285 0.149691
2335 0.053488
2452 0.091270
2576 0.149800
2658 0.297418
3095 0.034510
3122 0.044707
3275 0.035711
3351 0.063967
3383 0.107219
3401 0.078310
3460 0.094901
3507 0.101557
3542 0.098011
3818 0.041184
3828 0.121817
3841 0.083621
3891 0.076831
4110 0.056740
4333 0.132770
4359 0.062564
4445 0.142392
4670 0.189802
4943 0.033449
5023 0.062564
5058 0.110607
5160 0.142392
5181 0.116726
5182 0.136730
5234 0.107219
5307 0.060221
5491 0.023657
5749 0.056524
5829 0.159978
5854 0.142392
6421 0.034510
6587 0.036383
6806 0.039591
6864 0.050974
7062 0.020093
7193 0.121817
7422 0.105681
7515 0.082136
7528 0.071266
7532 0.073684
7709 0.039701
7760 0.077875
7973 0.099139
8161 0.149691
8192 0.112487
8563 0.085273
8826 0.062142
8829 0.037885
8919 0.044438
9033 0.105681
9052 0.147836
9059 0.031692
9242 0.044041
9538 0.061496
9767 0.016565
9811 0.053109
9865 0.046525
10097 0.112487
10308 0.121817
10317 0.132104
10325 0.060221
10326 0.085518
10541 0.080983
10580 0.264209
10586 0.177564
10619 0.030897
10639 0.065451
10646 0.141768
10664 0.273460
10890 0.027188
10990 0.119144
11025 0.079625
11121 0.035057
11135 0.075434
11210 0.099208
11335 0.060978
11362 0.068022
11443 0.055265
11451 0.051648
11600 0.020557
11605 0.038511
