279

46 0.052844
122 0.024803
148 0.028393
158 0.039966
194 0.018334
213 0.042614
316 0.064936
318 0.020897
369 0.077027
561 0.118627
577 0.065447
586 0.018935
691 0.051685
697 0.020764
797 0.059314
883 0.038544
1032 0.044620
1099 0.069398
1120 0.154055
1149 0.041168
1167 0.036991
1212 0.069398
1241 0.077027
1295 0.030915
1333 0.020566
1370 0.028130
1371 0.048797
1387 0.027501
1418 0.077027
1469 0.064936
1489 0.040352
1523 0.680130
1527 0.055610
1538 0.051685
1592 0.028393
1610 0.057307
1636 0.028261
1649 0.022328
1723 0.035130
1725 0.091277
1760 0.038215
1777 0.035631
1797 0.017815
1872 0.016169
1938 0.069398
1949 0.042517
1952 0.038215
1955 0.069398
2024 0.025910
2058 0.022797
2067 0.031964
2085 0.036705
2137 0.044056
2188 0.105688
2189 0.044620
2264 0.036427
2265 0.101271
2304 0.084391
2348 0.024244
2396 0.052844
2484 0.047222
2499 0.033124
2507 0.028925
2518 0.020897
2530 0.054527
2548 0.052033
2552 0.026452
2565 0.035890
2627 0.058181
2762 0.071473
2763 0.076648
2808 0.077027
2926 0.038544
3029 0.038544
3095 0.014970
3098 0.069398
3121 0.019872
3171 0.037285
3172 0.057307
3203 0.057295
3275 0.015492
3413 0.059314
3417 0.027259
3480 0.034888
3535 0.025495
3567 0.018020
3582 0.052844
3599 0.029362
3626 0.049040
3637 0.028798
3763 0.069398
3770 0.034193
3777 0.064936
3807 0.035130
3818 0.017866
3871 0.052844
3952 0.028798
4005 0.027749
4110 0.024614
4181 0.038544
4196 0.018603
4211 0.023121
4213 0.031782
4217 0.058153
4227 0.118627
4245 0.059314
4289 0.051685
4315 0.019162
4343 0.093023
4346 0.043007
4375 0.061770
4410 0.077027
4451 0.066757
4462 0.028936
4542 0.035890
4549 0.069398
4566 0.020964
4613 0.045754
4763 0.095963
4777 0.069398
4791 0.061770
4796 0.359488
4816 0.057307
4960 0.039593
5112 0.024335
5256 0.169853
5263 0.047222
5300 0.051685
5307 0.026124
5320 0.069116
5379 0.045844
5394 0.050466
5452 0.086013
5496 0.024803
5521 0.066247
5529 0.032779
5645 0.064936
5692 0.019105
5719 0.029957
5756 0.037285
5792 0.074125
5821 0.046572
5833 0.025296
5848 0.077027
5870 0.040352
5880 0.021169
5947 0.094809
5949 0.023286
5957 0.031083
5958 0.057307
6035 0.048797
6060 0.024614
6180 0.111221
6380 0.023886
6489 0.077027
6509 0.122998
6542 0.042049
6559 0.025293
6635 0.062507
6864 0.022113
6909 0.018935
6982 0.044620
6997 0.077027
7062 0.008716
7069 0.048797
7085 0.052844
7096 0.064936
7143 0.023370
7179 0.048797
7347 0.077027
7385 0.019512
7412 0.077027
7498 0.081077
7594 0.038215
7631 0.057307
7641 0.016390
7643 0.095543
7651 0.050636
7709 0.017222
7715 0.031254
7752 0.059314
7756 0.041600
7760 0.016891
7765 0.051685
7766 0.055610
7808 0.042517
7855 0.037586
7931 0.042049
7946 0.026016
8042 0.044056
8083 0.018020
8098 0.031603
8111 0.052464
8181 0.044620
8264 0.045844
8271 0.023454
8272 0.044810
8293 0.046512
8320 0.077027
8393 0.064936
8463 0.073005
8539 0.016938
8653 0.082139
8677 0.034420
8686 0.052844
8826 0.053914
8909 0.039966
8931 0.020251
8971 0.099371
9034 0.125015
9093 0.072190
9099 0.033329
9130 0.019452
9138 0.034158
9189 0.036705
9193 0.048797
9255 0.035631
9270 0.027259
9323 0.046512
9361 0.057307
9379 0.037285
9510 0.050636
9540 0.061770
9562 0.074699
9585 0.061770
9634 0.031603
9682 0.055610
9747 0.023974
9761 0.021169
9767 0.007186
9783 0.044054
9811 0.023039
9863 0.030915
9890 0.057307
9907 0.038544
9919 0.028130
9951 0.036991
10067 0.025805
10071 0.052844
10082 0.031782
10085 0.026342
10088 0.038544
10119 0.064936
10121 0.069398
10161 0.064936
10185 0.023625
10195 0.021447
10200 0.047222
10246 0.052844
10276 0.020501
10279 0.025495
10352 0.024614
10378 0.034638
10548 0.075579
10563 0.035130
10667 0.041168
10701 0.019934
10892 0.062166
11015 0.027259
11121 0.030416
11256 0.039502
11287 0.026452
11306 0.104518
11332 0.036247
11335 0.026452
11376 0.011765
11419 0.064936
11429 0.077027
11441 0.035130
11443 0.023974
11456 0.039232
11503 0.022405
11523 0.027287
11532 0.016524
11547 0.026342
11570 0.072310
11600 0.026753
11625 0.028002
11630 0.047222
