189

36 1.323411
56 2.261263
71 1.756092
89 3.039414
101 2.437354
105 2.340444
111 0.811527
118 2.194316
139 1.219870
141 1.717195
145 5.476768
186 1.942457
313 1.448350
373 1.459631
404 0.545260
423 1.240074
475 4.047654
550 2.340444
588 2.738384
596 2.716346
613 5.476768
630 0.553693
634 1.233234
638 1.863323
1106 0.971228
1132 0.632874
1364 1.520900
1385 1.048188
1609 1.115135
1636 4.460539
1649 0.881052
1662 1.925471
1664 2.340444
1730 4.644157
1791 2.562293
1940 0.578516
1957 3.039414
2052 2.734633
2152 3.039414
2154 0.677686
2161 1.367316
2189 1.760661
2244 1.405946
2339 1.147320
2348 0.956629
2576 0.854723
2584 2.194316
2651 0.784142
2696 0.683388
2711 1.562293
2720 1.052642
2804 1.164353
2966 1.835294
2967 2.919261
3029 1.520900
3034 1.358173
3060 1.426630
3149 3.361008
3162 1.835294
3177 1.158601
3211 1.717195
3384 1.349218
3437 1.437354
3473 0.767573
3482 2.902596
3490 2.194316
3492 0.693061
3531 0.788994
3841 0.954243
4148 0.978716
4163 3.521321
4315 0.756113
4319 2.136324
4618 1.998021
4677 0.539727
4680 1.641474
4764 1.152923
4943 0.572546
4954 2.832330
4955 1.562293
5012 0.827227
5013 2.562293
5067 1.164353
5081 6.184884
5100 0.700958
5122 1.893286
5491 0.404937
5496 0.978716
5532 0.887126
5678 0.986336
5735 1.507935
5765 1.998021
5833 0.998169
5926 0.698970
5928 2.194316
6060 0.971228
6071 1.238917
6106 1.608050
6421 1.772123
6454 2.562293
6529 1.624441
6568 2.170331
6587 0.622774
6792 2.078345
6860 2.508169
6864 1.308809
6955 3.039414
7060 0.932204
7062 0.343932
7111 0.499085
7120 0.832588
7131 1.448350
7150 0.978716
7188 1.376656
7500 2.039414
7709 2.718315
7756 1.641474
7761 1.200565
7775 2.680888
7826 1.299051
7857 1.925471
7864 2.340365
7904 1.275986
7915 1.043779
7942 3.039414
8010 1.507935
8272 0.884078
8281 1.367316
8315 1.608050
8334 1.376656
8338 0.953054
8351 1.233234
8393 2.562293
8404 0.522218
8455 3.490158
8457 1.194316
8476 1.717195
8493 4.078828
8784 1.864408
8826 1.063696
8829 0.648479
8875 2.437354
8934 1.760661
8982 1.863323
9059 2.169938
9080 1.784142
9242 1.507714
9461 0.721351
9520 1.520900
9767 1.134157
9895 1.738384
9904 1.784142
9951 2.919261
10050 2.437354
10085 1.039414
10097 1.925471
10118 1.717195
10215 1.641474
10228 1.213339
10249 0.963867
10258 1.416165
10324 1.696991
10326 2.195754
10378 0.683388
10401 4.089523
10403 1.376656
10475 1.079454
10510 1.717195
10517 1.426630
10558 1.386202
10560 1.696991
10617 5.589969
10619 0.528869
10769 1.893286
10823 2.261263
10890 0.930766
11025 0.681479
11162 1.254084
11310 2.085172
11332 0.715132
11355 3.184512
11362 1.164353
11376 0.464226
11523 0.538355
11532 0.652024
11538 3.039414
11600 0.703770
11605 0.659203
11620 1.085172
