45

218 0.150608
536 0.084843
630 0.051858
865 0.147701
1132 0.296370
1487 0.078487
1766 0.234912
1797 0.065838
1831 0.071890
1859 0.056799
1994 0.102090
2071 0.090964
2771 0.284667
2851 0.109598
2916 0.136707
3054 0.249477
3095 0.165975
4447 0.406951
4550 0.120934
4573 0.050938
5178 0.077979
6813 0.073668
6874 0.046861
6931 0.169425
7059 0.171891
7062 0.064424
7145 0.284667
7287 0.390588
7532 0.118128
7859 0.056462
8272 0.082801
8455 0.040860
8931 0.049894
9031 0.082801
9603 0.284667
9767 0.026556
9993 0.152143
10855 0.456558
10890 0.043587
11160 0.365002
11161 0.129830
11177 0.141231
11210 0.079524
11306 0.055180
11600 0.032957
