173

97 0.075626
100 0.073234
122 0.040709
188 0.093200
200 0.077504
346 0.042149
373 0.060713
457 0.044161
526 0.198687
549 0.060713
586 0.155388
633 0.050201
931 0.113902
1002 0.108730
1023 0.094056
1140 0.075243
1259 0.069014
1376 0.097350
1387 0.090274
1436 0.063817
1542 0.067725
1655 0.113902
1766 0.052163
1804 0.055047
1838 0.193171
1840 0.113902
1859 0.176573
1900 0.125444
2003 0.072307
2146 0.068276
2154 0.028188
2174 0.355449
2186 0.066886
2446 0.073234
2507 0.015825
2575 0.039791
2576 0.035552
2678 0.077504
2720 0.043784
2950 0.058064
3060 0.178020
3122 0.031830
3275 0.050852
3376 0.094056
3377 0.062722
3385 0.148421
3423 0.038495
3455 0.049421
3473 0.095780
3546 0.040709
3564 0.097350
3611 0.082052
3621 0.112247
3636 0.080089
3694 0.051580
3695 0.058480
3823 0.052765
3917 0.050201
3918 0.097350
3952 0.047265
4249 0.056493
4315 0.031450
4738 0.047630
4796 0.049168
4844 0.086732
4967 0.112240
5009 0.057261
5111 0.078750
5143 0.075094
5176 0.059786
5177 0.098336
5204 0.072307
5222 0.068276
5227 0.053708
5330 0.081535
5363 0.103161
5382 0.059340
5385 0.084828
5491 0.033686
5496 0.040709
5540 0.106577
5712 0.080488
5758 0.050740
5795 0.048673
5821 0.038219
5833 0.020759
5869 0.043784
5894 0.211757
5925 0.067568
5948 0.035909
6104 0.091272
6112 0.020864
6259 0.244605
6401 0.070586
6428 0.150486
6546 0.097350
6587 0.025904
6806 0.028188
6864 0.018146
6957 0.182543
7058 0.160178
7154 0.057261
7288 0.072307
7308 0.064983
7368 0.089875
7383 0.076338
7385 0.032024
7394 0.059340
7453 0.078750
7480 0.081535
7614 0.086732
7635 0.029322
7707 0.044352
7716 0.188112
7859 0.037613
7861 0.057982
7862 0.039940
7899 0.110699
7913 0.063817
7920 0.043234
7961 0.081535
8237 0.097346
8271 0.038495
8382 0.043234
8387 0.142207
8438 0.113902
8452 0.072307
8469 0.161124
8470 0.047955
8479 0.073234
8504 0.097350
8552 0.110795
8597 0.088859
8605 0.030713
8650 0.054033
8685 0.067568
8826 0.022122
8924 0.050468
8958 0.097350
8989 0.061194
9031 0.036773
9052 0.070171
9059 0.022564
9062 0.044740
9099 0.054703
9105 0.309124
9130 0.063854
9143 0.088859
9322 0.138027
9424 0.061689
9593 0.039494
9646 0.050740
9903 0.033022
10051 0.094056
10054 0.081535
10092 0.036900
10309 0.082697
10372 0.113902
10378 0.056850
10396 0.042181
10397 0.035201
10423 0.029073
10619 0.043996
10621 0.046819
10728 0.194699
10894 0.106577
11112 0.077504
11298 0.049168
11376 0.019309
11423 0.067940
11425 0.146468
11451 0.036773
11600 0.014636
