141

97 0.909080
157 1.358173
213 1.681514
531 0.918840
585 1.562293
597 2.039414
697 0.819306
781 3.318406
1002 1.307020
1073 2.194316
1132 0.632874
1275 1.291226
1306 2.261263
1456 0.849082
1542 0.814105
1760 1.507935
1789 1.534264
1989 1.459631
1993 1.863323
2005 1.158601
2028 1.548052
2046 1.018225
2071 0.971228
2115 0.922143
2121 1.925471
2181 1.738384
2185 1.182082
2244 1.405946
2291 2.039414
2339 1.147320
2552 1.043779
2572 0.884078
2601 1.507935
2618 1.164353
2769 1.115135
2872 2.136324
3121 0.784142
3124 2.136324
3149 1.120336
3161 3.039414
3203 1.130396
3211 1.717195
3233 3.096105
3275 0.611279
3327 2.562293
3402 2.646822
3473 2.302718
3502 1.893286
3567 0.711035
3694 1.240074
3772 1.349218
3850 3.033523
3926 0.986336
3934 2.738384
3951 0.704960
3952 1.136324
4396 1.520900
4859 1.592256
4903 1.548052
5100 0.700958
5112 0.960233
5345 1.471212
5562 1.367316
5569 5.132884
5734 0.562293
5826 3.392787
5857 1.120336
5885 0.706976
5919 1.624441
5999 2.562293
6097 1.094931
6291 2.419254
6436 6.386165
6456 2.419254
6568 1.446888
6570 0.998021
6587 0.622774
6796 1.367316
6859 1.863323
6874 0.500338
7061 0.478313
7062 0.687865
7072 1.405946
7111 0.499085
7126 2.309704
7434 7.686879
7521 1.863323
7655 0.922143
7788 0.530212
7859 0.301427
7946 1.026577
7991 1.562293
7995 1.835294
8343 0.986336
8351 1.233234
8419 1.141787
8459 2.085172
8487 1.548052
8488 1.863323
8499 0.796376
8511 1.893286
8656 2.437354
8771 1.534264
8826 0.531848
8855 2.340444
8874 6.617054
8991 2.340444
9052 0.843514
9059 1.084969
9114 1.349218
9115 7.734410
9116 1.182082
9144 0.925471
9381 1.125600
9402 1.784142
9444 0.939044
9729 1.349218
9747 0.945992
9761 1.670588
9783 0.869152
9907 1.520900
9999 1.194316
10276 1.617930
10378 0.683388
10415 1.659203
10487 0.596934
10627 1.562293
10646 1.213339
10887 1.268562
10999 1.395961
11206 2.136324
11242 1.048188
11256 1.558685
11306 0.589165
11376 0.464226
11377 1.226501
11523 0.538355
11543 1.261263
11600 0.703770
11636 1.164353
11637 2.786473
