69

122 0.082132
188 0.094017
200 0.312733
346 0.042518
418 0.138393
501 0.215023
526 0.133619
600 0.081504
1140 0.151805
1390 0.109683
1572 0.115526
1859 0.101783
1896 0.113224
2174 0.318724
2224 0.096281
2339 0.096281
2497 0.134945
2999 0.349967
3376 0.189761
3385 0.149722
3455 0.099708
3611 0.082771
3683 0.089871
3694 0.208129
3823 0.106455
3917 0.101281
4844 0.174984
4943 0.048047
5009 0.115526
5135 0.049831
5385 0.171144
5692 0.126525
5740 0.106455
5781 0.171144
5851 0.071019
6131 0.179276
6367 0.117984
6401 0.142408
6428 0.303610
6708 0.111058
6795 0.149722
7062 0.086587
7368 0.271989
7394 0.119720
7480 0.164499
7707 0.089481
7760 0.111863
7861 0.116980
7899 0.148892
8237 0.098200
8271 0.077664
8276 0.229800
8387 0.071727
8761 0.062700
8931 0.044705
8939 0.203642
8958 0.196406
9052 0.070786
9059 0.045524
9097 0.078803
9105 0.178190
9903 0.066623
10088 0.127631
10475 0.045293
10619 0.044382
10728 0.196406
11298 0.099198
11425 0.295503
11600 0.029530
