325

5 1.471212
22 1.534264
30 2.194316
52 1.592256
63 0.945992
71 1.756092
97 0.909080
98 1.066286
121 4.170343
122 3.914865
148 3.361008
186 1.942457
191 1.659203
194 0.723444
200 1.863323
217 1.617930
227 2.194316
404 0.545260
418 2.473711
423 1.240074
455 0.753857
467 2.453002
506 2.437354
512 1.386202
537 3.039414
577 9.038583
586 1.494316
637 2.551972
638 1.863323
667 3.039414
757 1.738384
771 1.182082
838 3.726646
917 1.148063
990 1.340444
1188 1.998021
1269 1.878087
1296 0.974956
1385 20.963761
1387 1.085172
1409 1.548052
1455 1.349218
1456 0.849082
1466 1.818161
1487 0.838017
1515 2.437354
1523 1.219870
1542 0.814105
1636 1.115135
1641 1.299051
1662 1.925471
1663 2.194316
1676 4.388632
1704 1.548052
1721 0.747158
1744 1.426630
1750 1.784142
1763 2.437354
1777 1.405946
1797 0.702954
1798 1.176091
1803 1.254084
1820 1.577016
1831 0.767573
1859 0.606445
1872 0.638014
1886 3.726646
1905 2.136324
1965 1.925471
1994 1.090024
1995 1.141787
2013 2.039414
2038 1.835294
2058 0.899535
2064 1.206905
2067 2.522526
2084 1.980392
2086 1.416165
2112 3.521321
2114 3.039414
2115 1.844286
2116 1.592256
2138 2.437354
2139 3.039414
2146 1.641474
2149 1.395961
2165 0.808965
2217 3.318406
2259 0.426630
2267 1.247022
2304 1.109995
2313 1.358173
2323 2.738384
2348 2.869886
2405 1.323411
2421 1.972671
2463 1.784142
2518 0.824570
2524 2.096376
2530 2.151584
2548 1.026577
2550 0.801368
2572 1.768156
2576 1.709445
2605 1.863323
2627 1.530513
2651 1.568283
2680 1.507935
2720 1.052642
2752 1.483112
2762 0.470040
2770 1.717195
2806 1.035093
3095 0.590708
3122 0.765256
3149 2.240672
3171 1.471212
3177 1.158601
3250 3.039414
3255 1.367316
3274 1.520900
3286 1.395961
3296 2.340444
3337 4.272648
3338 5.994064
3339 2.562293
3343 9.118242
3349 1.738384
3423 0.925471
3455 3.564467
3473 0.767573
3531 0.788994
3550 1.386202
3553 1.835294
3567 0.711035
3606 1.893286
3618 1.760661
3621 1.799070
3626 0.967532
3681 1.158601
3715 1.534264
3739 5.124586
3796 2.738384
3809 1.835294
3818 0.704960
3825 3.039414
3841 0.477121
3951 2.114881
4091 1.386122
4139 2.738384
4199 5.090974
4213 3.762253
4217 4.589278
4335 2.340444
4347 1.998021
4416 1.784142
4520 2.189352
4534 1.182082
4708 0.689166
4738 0.572546
4743 1.998021
4770 1.261263
4876 2.340444
4916 2.537124
4943 0.572546
4987 3.184512
5023 2.141862
5060 1.835294
5079 6.783789
5083 1.349218
5178 0.832588
5227 1.291226
5256 1.340444
5278 3.521321
5320 1.818161
5394 0.497835
5395 4.140371
5491 0.404937
5529 1.293434
5692 0.753857
5712 1.935064
5732 0.786561
5734 0.562293
5749 0.967532
5792 0.974956
5797 1.066286
5809 2.136324
5870 1.592256
5948 0.863323
5949 0.918840
6070 0.742749
6071 1.238917
6106 1.608050
6291 0.806418
6389 2.562293
6445 1.483112
6509 2.426679
6529 1.624441
6541 1.577016
6570 0.998021
6587 0.622774
6608 4.680888
6616 0.899535
6792 1.039172
6828 0.717195
6864 1.745079
6874 0.500338
6931 1.808965
6932 2.562293
6941 1.808965
6966 2.039414
7050 1.164353
7060 0.932204
7061 0.478313
7062 0.687865
7131 1.448350
7262 2.340444
7310 1.548052
7439 1.641474
7485 5.281982
7497 0.942504
7498 0.355467
7529 2.039414
7530 2.994064
7533 2.039414
7589 1.261263
7635 0.704960
7641 0.646717
7646 1.760661
7709 1.359157
7719 12.811464
7735 1.233234
7758 0.994091
7761 1.200565
7788 0.530212
7857 1.925471
7859 0.301427
7861 0.696991
7896 1.437354
7946 1.026577
7963 2.738384
7966 1.608050
7971 1.520900
7973 1.696991
7978 2.199790
8000 2.261263
8027 1.358173
8044 1.483112
8046 1.219870
8098 1.247022
8245 1.039414
8292 2.240672
8315 1.608050
8343 0.986336
8385 2.261263
8404 1.044436
8425 1.808965
8463 4.801164
8470 1.152923
8485 1.115135
8552 1.331844
8583 1.349218
8605 1.476768
8761 0.747158
8826 4.432068
8971 2.614041
9031 0.884078
9034 1.233234
9047 0.829899
9052 3.374058
9062 1.075626
9080 1.784142
9093 3.798036
9097 1.878087
9130 0.767573
9132 1.463836
9320 4.874708
9328 2.746687
9453 2.738384
9478 2.738384
9479 3.039414
9592 1.070931
9632 1.395961
9642 1.283539
9667 1.158601
9767 1.134157
9830 2.437354
9928 2.194316
9977 1.641474
9988 1.808965
10015 2.132573
10058 1.212890
10067 1.018225
10126 1.998021
10195 0.846290
10242 1.437354
10275 1.182082
10309 0.994091
10327 1.416165
10337 2.123381
10386 7.312062
10423 1.397940
10487 0.596934
10499 2.085172
10619 0.528869
10636 3.039414
10916 2.194316
11146 1.085172
11162 2.508169
11320 3.005963
11332 0.715132
11335 1.043779
11340 0.986336
11376 0.464226
11423 0.816698
11426 12.811464
11441 1.386202
11472 3.920466
11481 2.340444
11499 3.039414
11503 0.884078
11521 1.075626
11523 1.076710
11600 1.055655
11620 1.085172
