177

100 0.067271
122 0.037395
188 0.085612
200 0.071194
346 0.038717
373 0.055770
418 0.031505
457 0.040565
526 0.121674
549 0.055770
586 0.142737
633 0.046113
931 0.104628
1002 0.099877
1023 0.086398
1140 0.069117
1259 0.063395
1376 0.089424
1387 0.082925
1409 0.059148
1436 0.058621
1542 0.155527
1655 0.104628
1804 0.050565
1838 0.236592
1840 0.104628
1859 0.208540
1900 0.115230
2003 0.066420
2146 0.062718
2174 0.399068
2186 0.061440
2446 0.067271
2550 0.030619
2575 0.036551
2576 0.032657
2678 0.071194
2720 0.040219
2768 0.038591
2950 0.053337
3060 0.218035
3122 0.029239
3376 0.086398
3377 0.057615
3385 0.136337
3423 0.035360
3455 0.045397
3473 0.058655
3546 0.037395
3564 0.089424
3611 0.075372
3621 0.103108
3636 0.073568
3694 0.047381
3695 0.053718
3823 0.048469
3917 0.046113
3918 0.089424
3951 0.053870
3952 0.043417
4249 0.103786
4315 0.028890
4488 0.070123
4738 0.021876
4796 0.045165
4844 0.079670
4967 0.103102
5009 0.105199
5111 0.072339
5143 0.068980
5176 0.054918
5177 0.090330
5204 0.066420
5222 0.062718
5227 0.049335
5330 0.074897
5363 0.094762
5382 0.054509
5385 0.077922
5491 0.030944
5496 0.037395
5540 0.097900
5712 0.073935
5758 0.046609
5795 0.044710
5821 0.035107
5829 0.104628
5833 0.019069
5869 0.040219
5894 0.194516
5925 0.062067
5948 0.032986
6071 0.047337
6104 0.167681
6259 0.224690
6308 0.028632
6401 0.064839
6428 0.138234
6455 0.073568
6546 0.089424
6587 0.023795
6806 0.025893
6864 0.016669
6957 0.251522
7008 0.033548
7058 0.147137
7154 0.052599
7288 0.066420
7308 0.059692
7368 0.082558
7383 0.070123
7385 0.029416
7389 0.054509
7394 0.054509
7453 0.072339
7480 0.074897
7530 0.038132
7614 0.079670
7635 0.026935
7707 0.040741
7716 0.172797
7859 0.034551
7861 0.026631
7862 0.036689
7899 0.101686
7961 0.074897
8027 0.051893
8237 0.089421
8382 0.039714
8387 0.130629
8438 0.104628
8452 0.066420
8469 0.098670
8470 0.044051
8479 0.067271
8504 0.089424
8552 0.050887
8597 0.081625
8650 0.049634
8826 0.020321
8924 0.046359
8958 0.089424
8989 0.056212
9031 0.033779
9052 0.064458
9059 0.020727
9062 0.082195
9105 0.324521
9130 0.058655
9143 0.081625
9322 0.126790
9424 0.056667
9593 0.036279
9646 0.046609
9903 0.030333
10051 0.086398
10054 0.074897
10058 0.023171
10092 0.033895
10309 0.037982
10372 0.104628
10396 0.038747
10397 0.032335
10423 0.026706
10475 0.020622
10619 0.040414
10621 0.043007
10728 0.178848
10842 0.104628
10894 0.097900
11112 0.071194
11298 0.045165
11376 0.017737
11423 0.031204
11425 0.067271
11451 0.033779
11600 0.013445
