150

188 1.120336
194 2.170331
200 1.863323
304 1.104916
346 0.506660
392 3.786572
501 2.562293
526 1.592256
697 0.819306
992 1.158601
994 1.448350
1140 1.808965
1201 2.437354
1234 3.039414
1376 2.340444
1385 1.048188
1542 0.814105
1633 1.299051
1666 0.753857
1725 1.200565
1766 1.254084
1831 0.767573
1859 2.425779
1872 0.638014
1910 2.136324
1995 1.141787
2003 1.738384
2070 2.261263
2091 1.219870
2161 1.367316
2166 3.015870
2174 3.798036
2248 2.283574
2267 1.247022
2290 1.534264
2339 1.147320
2463 1.784142
2548 1.026577
2627 1.530513
2718 1.275986
2889 1.960233
2991 2.738384
3060 1.426630
3196 3.039414
3255 1.367316
3376 4.522526
3423 0.925471
3459 1.696991
3611 1.972671
3626 0.967532
3823 1.268562
3917 2.413810
3943 1.592256
3952 1.136324
3987 3.039414
4020 3.039414
4352 2.853261
4724 1.696991
4738 1.717639
4752 2.136324
4943 0.572546
5009 1.376656
5177 1.182082
5178 0.832588
5217 1.299051
5330 1.960233
5385 2.039414
5394 0.497835
5491 0.404937
5499 1.808965
5519 2.738384
5692 0.753857
5712 0.967532
5734 0.562293
5743 0.749380
5753 1.300496
5781 2.039414
5833 0.998169
5869 1.052642
5885 0.706976
5925 1.624441
6041 2.562293
6058 1.893286
6259 1.960233
6367 1.405946
6401 1.696991
6428 1.808965
6433 0.758381
6523 4.388632
6587 1.245547
6671 1.677686
6792 0.519586
6795 1.784142
6812 2.453002
6874 0.500338
6934 1.448350
6957 2.194316
7058 3.850942
7061 0.956625
7062 0.687865
7368 6.482236
7480 1.960233
7523 1.717195
7587 1.562293
7660 3.096105
7716 2.261263
7788 1.060423
7859 1.507134
7861 0.696991
7971 1.520900
7981 0.925471
8157 0.939044
8196 1.307020
8387 0.854723
8455 0.436270
8467 1.577016
8718 2.437354
8808 1.696991
8931 0.532719
9052 0.843514
9059 1.084969
9105 1.061691
9130 1.535145
9164 3.039414
9255 1.405946
9264 1.315138
9461 0.721351
9592 1.070931
9646 1.219870
9658 3.039414
9761 0.835294
9971 1.448350
10058 0.606445
10088 1.520900
10279 2.011981
10475 2.158908
10507 1.022381
10619 0.528869
10903 1.548052
11136 2.136324
11306 0.589165
11330 2.261263
11332 1.430263
11372 2.136324
11376 0.464226
11423 0.816698
11425 1.760661
11443 0.945992
11547 1.039414
11600 1.407541
