245

22 0.044589
70 0.059269
97 0.026420
122 0.028443
123 0.042420
157 0.039471
191 0.048220
200 0.054152
216 0.086915
217 0.023510
404 0.015846
502 0.088331
512 0.040286
526 0.231370
582 0.088331
600 0.056451
633 0.035075
637 0.037083
665 0.018393
697 0.023811
748 0.065717
847 0.088331
1028 0.040008
1095 0.068018
1140 0.052572
1201 0.070834
1252 0.059269
1286 0.063771
1296 0.028334
1385 0.030462
1456 0.049352
1632 0.052572
1633 0.075506
1643 0.030334
1666 0.043817
1718 0.065717
1725 0.034891
1744 0.041461
1766 0.036446
1789 0.044589
1796 0.042420
1859 0.158620
1910 0.062086
1919 0.063771
1995 0.066365
2003 0.101042
2005 0.033671
2038 0.053337
2084 0.115108
2115 0.053598
2174 0.275945
2248 0.033183
2314 0.068018
2420 0.079583
2463 0.051851
2507 0.011057
2591 0.074465
2602 0.059269
2627 0.044480
2651 0.045577
2762 0.013660
2768 0.029353
2806 0.030082
2816 0.062086
2852 0.070834
2875 0.044589
2915 0.047209
2991 0.079583
3060 0.124382
3287 0.047704
3376 0.262866
3385 0.051851
3437 0.041772
3455 0.069060
3457 0.088331
3466 0.047704
3479 0.049905
3617 0.062086
3636 0.055958
3683 0.062247
3691 0.021586
3695 0.040859
3715 0.044589
3823 0.073734
3917 0.035075
3918 0.068018
3927 0.049318
3951 0.061462
3952 0.099071
4033 0.037302
4131 0.051851
4140 0.088331
4148 0.028443
4215 0.014504
4243 0.088331
4352 0.082921
4414 0.070834
4427 0.070834
4437 0.042756
4520 0.021209
4566 0.024041
4573 0.015806
4624 0.036867
4638 0.058066
4670 0.047209
4724 0.049318
4738 0.099836
4752 0.124171
4849 0.040569
4903 0.089979
4943 0.066557
5009 0.080017
5054 0.055958
5060 0.053337
5135 0.051772
5143 0.052468
5217 0.037753
5227 0.037525
5363 0.036039
5385 0.059269
5395 0.060164
5446 0.088331
5678 0.028665
5712 0.028118
5732 0.022859
5735 0.043823
5762 0.086204
5833 0.014504
5869 0.061184
5880 0.024275
5894 0.049318
5900 0.030207
5920 0.035840
5925 0.047209
5962 0.039211
6016 0.048757
6058 0.055023
6104 0.063771
6112 0.014577
6150 0.070834
6168 0.044200
6214 0.088331
6259 0.113936
6275 0.148930
6281 0.035075
6284 0.055958
6308 0.043557
6331 0.052572
6367 0.040859
6401 0.049318
6428 0.105144
6455 0.111916
6463 0.042092
6536 0.052572
6587 0.072396
6864 0.025358
6950 0.065717
6978 0.059269
7023 0.043102
7024 0.060599
7039 0.072892
7059 0.053337
7062 0.019991
7120 0.048393
7123 0.033838
7248 0.074465
7308 0.045403
7368 0.439568
7383 0.053337
7385 0.044750
7404 0.032712
7450 0.040008
7498 0.041322
7516 0.088331
7530 0.029004
7550 0.047209
7575 0.056968
7660 0.089979
7709 0.019750
7761 0.034891
7780 0.079583
7788 0.030818
7842 0.088331
7859 0.052560
7861 0.020256
7899 0.103126
7911 0.036039
7920 0.030207
7947 0.046274
7972 0.072892
7989 0.030462
8175 0.042092
8196 0.037985
8237 0.034008
8243 0.043458
8271 0.053792
8358 0.056968
8382 0.030207
8384 0.056968
8469 0.037525
8470 0.033506
8539 0.019423
8587 0.074465
8655 0.070834
8671 0.039737
8684 0.110601
8718 0.212502
8819 0.037753
8826 0.030913
8958 0.408107
8960 0.121198
9033 0.105144
9052 0.024514
9105 0.308548
9110 0.036241
9130 0.066921
9138 0.019586
9144 0.026896
9332 0.088331
9475 0.099810
9643 0.034008
9779 0.068018
9963 0.050521
10088 0.044200
10242 0.041772
10576 0.065717
10589 0.038220
10621 0.032712
10728 0.204053
10981 0.045831
11031 0.042092
11112 0.054152
11193 0.044989
11195 0.044589
11210 0.024676
11306 0.017122
11372 0.062086
11423 0.071204
11425 0.153504
11502 0.058944
11521 0.031260
11544 0.047209
11600 0.040906
11620 0.031537
11627 0.050521
