72

186 0.075382
345 0.072353
467 0.190390
577 0.300656
637 0.198071
659 0.138476
917 0.089107
960 0.165520
990 0.104039
1385 0.325421
1524 0.235904
1633 0.100826
1744 0.110728
1763 0.189175
1995 0.088620
2064 0.093674
2572 0.068618
3115 0.138476
3203 0.043868
3241 0.134925
3319 0.165811
3338 0.155077
3349 0.134925
3473 0.059575
3951 0.054716
4091 0.107584
4110 0.075382
4139 0.212540
4148 0.075963
4217 0.356197
4266 0.163402
4335 0.181654
4520 0.056642
5227 0.100219
5256 0.104039
5278 0.273308
5307 0.240020
5320 0.070558
5395 0.080339
5689 0.065043
5712 0.075095
5809 0.165811
6509 0.094173
6587 0.048337
6616 0.069817
6792 0.040328
6864 0.135444
6874 0.038834
6941 0.140403
7061 0.037124
7124 0.242515
7193 0.161841
7411 0.069332
7711 0.198872
7847 0.072353
7859 0.023395
7892 0.136654
7978 0.085368
8463 0.074529
8826 0.027520
9034 0.095718
9080 0.138476
9093 0.147392
9144 0.071830
9747 0.073423
9928 0.170312
10337 0.082403
10996 0.198872
11200 0.097893
11426 0.397745
11441 0.107590
11600 0.027312
