229

92 7.021332
97 2.727241
103 1.219870
122 0.978716
200 3.726646
308 0.915562
418 0.824570
457 2.123381
501 5.124586
512 1.386202
523 2.340444
526 6.369024
549 1.459631
586 0.747158
600 0.971228
633 1.206905
857 1.158601
895 0.846290
917 0.574031
1023 2.261263
1201 2.437354
1333 0.811527
1351 4.874708
1387 1.085172
1400 1.395961
1456 0.849082
1542 2.442315
1633 1.299051
1643 1.043779
1719 2.738384
1721 0.747158
1838 1.548052
1859 4.851559
1995 1.141787
2003 1.738384
2005 1.158601
2116 1.592256
2154 0.677686
2174 1.899018
2224 2.294639
2246 3.318406
2248 1.141787
2268 1.521321
2320 1.738384
2450 2.738384
2463 1.784142
2507 0.760899
2543 1.141787
2550 0.801368
2627 1.530513
2678 1.863323
2762 0.470040
2916 1.459631
2974 1.495346
3027 1.925471
3034 1.358173
3060 4.279891
3095 0.590708
3121 0.784142
3122 0.765256
3171 1.471212
3217 2.039414
3264 1.340444
3275 0.611279
3310 2.738384
3315 3.039414
3376 13.567577
3415 1.386202
3455 1.188156
3507 1.738384
3610 3.039414
3621 1.799070
3626 0.967532
3633 1.219870
3683 2.141862
3691 1.485498
3694 1.240074
3695 2.811891
3778 1.863323
3917 1.206905
3926 0.986336
3951 0.704960
3984 2.646822
4131 1.784142
4195 2.340365
4211 0.912309
4213 1.254084
4217 2.294639
4249 1.358173
4266 1.052642
4315 1.512226
4352 1.426630
4416 1.784142
4520 0.729784
4573 0.543870
4670 1.624441
4677 0.539727
4738 1.717639
4756 3.039414
4804 2.738384
4805 2.340444
4844 2.085172
4852 2.340444
4943 1.717639
4964 2.114286
5009 1.376656
5036 1.562293
5054 1.925471
5112 0.960233
5135 1.187620
5178 0.832588
5184 2.194316
5227 1.291226
5363 3.720221
5368 1.659203
5389 1.960233
5393 2.738384
5712 2.902596
5719 1.182082
5749 0.967532
5758 1.219870
5774 2.085172
5775 2.437354
5776 3.039414
5795 1.170182
5880 0.835294
5900 1.039414
5949 0.918840
6058 1.893286
6104 4.388632
6259 1.960233
6275 2.562293
6317 0.702954
6367 1.405946
6401 3.393983
6428 1.808965
6433 0.758381
6455 3.850942
6521 2.738384
6536 1.808965
6587 2.491094
6792 0.519586
6816 1.957433
6850 2.340444
6874 0.500338
7031 2.340444
7061 0.478313
7062 0.343932
7111 0.499085
7123 1.164353
7188 1.376656
7262 2.340444
7368 8.642982
7383 1.835294
7385 0.769901
7450 1.376656
7498 0.355467
7530 0.998021
7550 1.624441
7641 0.646717
7660 3.096105
7707 1.066286
7709 0.679579
7780 2.738384
7788 1.060423
7830 1.808965
7847 0.932204
7859 0.904280
7861 0.696991
7862 0.960233
7899 5.322755
7913 1.534264
7925 1.520900
7972 2.508169
8007 0.838017
8175 1.448350
8271 1.850942
8272 0.884078
8334 1.376656
8403 2.738384
8463 1.920466
8550 1.659203
8587 2.562293
8655 4.874708
8684 1.268562
8718 9.749417
8826 1.418262
8939 1.213339
8958 23.404441
9052 0.843514
9062 1.075626
9105 8.493524
9130 0.767573
9144 0.925471
9352 2.340444
9464 3.039414
9475 1.717195
9669 1.549193
9767 0.283539
9903 0.793901
9951 1.459631
9971 1.448350
10058 0.606445
10077 1.323411
10088 1.520900
10244 2.738384
10275 1.182082
10308 2.085172
10309 0.994091
10378 0.683388
10548 0.994091
10619 1.057738
10621 2.251201
10715 1.416165
10728 2.340444
11015 1.075626
11186 2.562293
11195 1.534264
11298 1.182082
11332 0.715132
11376 0.464226
11381 1.925471
11423 1.633395
11425 1.760661
11502 3.042325
11505 1.426630
11523 0.538355
11570 1.426630
11600 1.407541
