52

122 0.978716
352 1.331844
552 1.001988
630 2.214771
1007 1.099895
1132 1.265748
1592 1.120336
1721 0.747158
1816 4.279891
1859 0.606445
2696 0.683388
3095 0.590708
3464 1.426630
3546 0.978716
4943 0.572546
5104 1.835294
5168 1.213339
5241 3.393983
5333 1.998021
5334 2.437354
5624 1.099895
5741 2.738384
5857 1.120336
6272 1.696991
6429 3.039414
6434 1.863323
6695 3.996043
6725 1.275986
6806 0.677686
7032 1.386202
7050 1.164353
7062 0.687865
7165 1.115135
7635 0.704960
7641 1.940151
7761 1.200565
8161 2.562293
8583 1.349218
8920 1.090024
8931 1.065438
9242 0.753857
9370 1.534264
9767 0.283539
9998 1.534264
10092 0.887126
10228 1.213339
10326 2.195754
10425 2.340444
10487 0.596934
10890 0.465383
11332 0.715132
11605 1.318406
