230

23 1.018225
63 0.945992
71 0.878046
74 0.942504
108 1.170182
134 3.039414
204 2.630276
255 5.352425
304 1.104916
318 0.824570
418 0.824570
458 0.747158
477 1.641474
525 3.039414
592 1.717195
594 1.784142
771 2.364163
831 0.819306
895 0.846290
913 1.039414
994 2.896699
1132 0.632874
1157 2.630276
1162 2.562293
1198 1.624441
1238 2.562293
1455 2.698436
1456 0.849082
1487 0.838017
1498 1.275986
1548 1.367316
1592 1.120336
1649 1.762103
1872 0.638014
1900 4.523806
1979 1.641474
1991 1.066286
2024 2.044762
2042 2.698436
2131 1.018225
2165 1.617930
2185 1.182082
2224 1.147320
2259 0.853261
2265 1.998021
2291 2.039414
2313 1.358173
2339 2.294639
2507 0.760899
2550 0.801368
2572 3.536312
2627 3.061025
2680 1.507935
2690 0.974956
2846 2.039414
2867 2.039414
2907 2.194316
2936 1.808965
3032 4.874708
3095 0.590708
3203 3.956385
3268 2.039414
3275 0.611279
3386 1.240074
3394 4.523806
3401 1.340444
3473 2.302718
3509 1.520900
3535 1.005990
3633 1.219870
3818 0.704960
3841 1.908485
3926 0.986336
3928 1.437354
3985 1.925471
4215 1.497254
4266 1.052642
4396 1.520900
4520 1.459568
4734 0.619458
4764 1.152923
4876 2.340444
4894 2.039414
4943 0.572546
4964 1.057143
4969 2.283574
4970 1.367316
5023 3.212794
5130 2.194316
5241 1.696991
5307 1.030814
5324 0.971228
5369 1.960233
5468 1.194316
5553 2.437354
5562 8.203898
5564 3.039414
5569 9.239192
5681 1.147320
5692 0.753857
5712 0.967532
5734 2.249171
5735 1.507935
5749 1.935064
5753 0.650248
5763 1.760661
5798 2.562293
5833 0.499085
5885 0.706976
5907 3.039414
5926 0.698970
5946 4.388632
5948 0.863323
6060 0.971228
6070 2.970996
6112 0.501595
6167 1.109995
6171 2.039414
6418 1.459631
6433 0.758381
6436 10.947712
6456 0.806418
6473 2.085172
6506 1.299051
6527 3.039414
6574 1.863323
6638 1.998021
6657 2.942425
6796 1.367316
6828 2.151584
6859 1.863323
6864 1.308809
6909 0.747158
7032 1.386202
7062 0.343932
7111 0.499085
7126 1.539802
7150 0.978716
7283 1.608050
7377 6.379931
7385 12.318419
7477 3.039414
7498 0.710934
7501 7.368497
7511 1.592256
7595 1.367316
7704 0.713078
7715 1.233234
7737 1.358173
7788 1.590635
7859 0.904280
7887 0.971228
7902 2.340444
7915 1.043779
7932 1.925471
7946 1.026577
7971 1.520900
7978 2.199790
7981 0.925471
7991 1.562293
8126 1.659203
8223 3.039414
8291 2.194316
8334 1.376656
8343 2.959007
8351 1.233234
8352 0.854723
8404 0.522218
8425 1.808965
8494 1.291226
8512 7.000490
8559 1.562293
8613 1.507935
8767 0.704960
8771 1.534264
8826 1.063696
8919 2.281982
9034 6.166171
9047 0.829899
9059 1.084969
9114 2.698436
9115 12.154072
9116 5.910408
9138 0.673926
9148 3.039414
9238 1.738384
9270 1.075626
9279 1.367316
9288 3.920466
9366 1.340444
9444 0.939044
9521 5.932446
9596 2.426679
9767 0.567079
9865 0.796376
9933 2.151253
9944 1.182082
10015 1.066286
10036 1.472436
10077 1.323411
10092 0.887126
10118 1.717195
10170 2.437354
10276 0.808965
10324 1.696991
10509 0.704960
10587 1.925471
10619 0.528869
10627 1.562293
10635 1.677686
10705 1.608050
10740 2.562293
10835 2.738384
10891 3.355373
11152 0.893286
11242 1.048188
11256 3.117371
11264 2.340444
11267 1.495346
11306 1.767495
11443 0.945992
11458 0.854723
11503 2.652234
11523 0.538355
11600 1.407541
11636 3.493059
11637 3.715298
11649 2.261263
11657 3.039414
11672 1.738384
