220

52 1.592256
63 0.945992
71 1.756092
79 0.922143
98 1.066286
139 1.219870
213 0.840757
269 2.437354
401 1.608050
447 1.206905
455 0.753857
632 0.990196
895 0.846290
902 2.085172
913 5.197071
965 0.963867
1162 5.124586
1295 2.439740
1333 1.623055
1487 0.838017
1506 1.115135
1592 1.120336
1797 0.702954
1846 2.738384
1896 2.698436
1991 1.066286
2002 1.275986
2082 1.577016
2115 0.922143
2118 1.893286
2131 2.036450
2154 0.677686
2167 2.136324
2259 0.426630
2268 0.760661
2339 1.147320
2344 1.307020
2363 1.022381
2455 1.703787
2467 1.998021
2507 0.380449
2511 2.085172
2575 0.956629
2626 4.728326
2627 0.765256
2633 2.189863
2762 0.940080
2768 1.010030
2910 2.194316
3179 0.772242
3203 1.695594
3285 1.577016
3313 1.507935
3402 3.970232
3414 2.219990
3482 0.967532
3683 2.141862
3691 0.742749
3818 0.704960
3850 1.516762
4063 1.094931
4071 1.018225
4215 1.497254
4413 1.005990
4451 1.756092
4462 1.141787
4708 0.689166
4734 0.619458
4764 1.152923
4842 3.248882
5008 1.893286
5067 1.164353
5084 1.577016
5100 0.700958
5112 0.960233
5193 5.215152
5307 1.030814
5324 1.942457
5330 3.920466
5394 1.493505
5468 2.388632
5529 1.940151
5569 7.186038
5681 1.147320
5712 1.935064
5714 1.426630
5734 1.124586
5740 1.268562
5743 0.749380
5795 1.170182
5833 0.499085
5885 0.706976
5926 0.698970
5948 0.863323
6070 0.742749
6112 0.501595
6117 1.608050
6118 4.874708
6220 1.416165
6308 1.498759
6309 2.437354
6436 8.210784
6456 1.612836
6543 2.194316
6583 1.677686
6587 0.622774
6631 1.386202
6792 0.519586
6793 1.863323
6796 1.367316
6828 0.717195
6837 1.240074
6838 1.120336
6864 0.436270
6909 0.747158
7060 0.932204
7111 0.499085
7126 6.929111
7143 0.922143
7162 1.808965
7238 1.925471
7274 2.085172
7377 5.103945
7385 3.849506
7411 0.893286
7460 0.990196
7498 0.710934
7548 2.738384
7635 0.704960
7641 1.293434
7707 3.198859
7709 2.718315
7760 0.666502
7788 2.120846
7859 1.507134
7936 1.331844
7939 3.248882
7945 1.738384
7946 1.026577
7981 0.925471
8048 2.376312
8271 0.925471
8334 1.376656
8343 0.986336
8349 2.194316
8351 4.932937
8377 1.254084
8382 1.039414
8404 0.522218
8455 0.436270
8539 0.668346
8605 0.738384
8761 0.747158
8767 0.704960
8784 1.864408
8785 2.547247
8826 0.354565
8874 1.323411
8931 1.331797
8971 1.307020
9075 1.520900
9110 1.247022
9114 2.698436
9115 2.209831
9137 1.448350
9138 0.673926
9381 1.125600
9444 1.878087
9461 0.721351
9623 0.994091
9643 1.170182
9767 0.283539
9811 0.909080
9872 1.141787
9873 2.753313
9903 1.587803
9944 1.182082
10058 4.851559
10069 1.592256
10112 2.261263
10247 2.136324
10276 0.808965
10352 0.971228
10397 0.846290
10433 1.052642
10468 2.261263
10475 1.079454
10487 0.596934
10500 1.426630
10509 0.704960
10579 1.608050
10581 1.386202
10596 1.194316
10619 0.528869
10627 1.562293
10662 3.039414
10701 0.786561
10774 3.039414
10874 3.039414
10887 1.268562
10903 1.548052
11066 2.562293
11152 0.893286
11184 2.437354
11194 1.014108
11228 1.141787
11242 3.144564
11256 0.779343
11371 2.194316
11376 0.464226
11396 2.827512
11397 1.949912
11443 0.945992
11485 2.340444
11532 0.652024
11600 1.407541
11609 1.213339
11636 1.164353
11637 5.572946
11638 1.863323
