67

394 3.726646
553 0.784142
643 2.340444
665 0.632874
1333 0.811527
1499 1.052642
1545 3.039414
1766 1.254084
1872 1.276027
2076 1.448350
2205 1.507935
2339 1.147320
2419 2.085172
2452 1.562293
2504 1.275986
2507 0.380449
2651 0.784142
3122 0.765256
3264 5.361776
3491 1.925471
3758 1.182082
3844 1.998021
4196 0.734063
4211 1.824619
4516 1.641474
4529 1.307020
4588 2.340444
4677 0.539727
4834 1.057143
5025 0.840757
5394 0.497835
5491 0.404937
5689 0.838017
5743 0.749380
5926 0.698970
5952 3.039414
6317 1.405909
6466 1.075626
6616 0.899535
6622 2.738384
6874 0.500338
6909 0.747158
7050 1.164353
7061 1.913251
7168 2.261263
7704 7.130783
7937 1.495346
8083 0.711035
8498 2.680888
8649 1.760661
8650 2.598103
8826 1.063696
9065 0.915562
9280 2.317201
9562 0.982509
9669 0.774596
9677 1.268562
9761 0.835294
9856 1.925471
9871 10.920054
10036 1.472436
10195 0.846290
10224 1.738384
10487 0.596934
10680 2.194316
11423 0.816698
11536 1.323411
