125

79 0.922143
132 3.039414
194 0.723444
297 1.182082
359 3.393983
404 0.545260
438 1.624441
599 1.158601
632 0.990196
643 2.340444
671 1.784142
989 2.340444
1231 3.067142
1474 2.562293
1487 0.838017
1617 1.291226
1721 1.494316
1766 2.508169
1872 0.638014
2090 1.659203
2174 2.848527
2340 4.072899
2473 1.026577
2504 1.275986
2530 0.717195
2651 3.136566
2687 1.448350
2762 0.470040
2983 1.367316
3014 0.990196
3095 0.590708
3121 0.784142
3264 2.680888
3370 5.549976
3491 1.925471
3559 1.608050
3685 1.437354
3731 4.388632
3760 1.483112
3844 1.998021
4091 0.693061
4196 1.468125
4333 1.136324
4516 3.282948
4538 1.120336
4573 0.543870
4588 2.340444
4667 2.085172
4701 1.275986
4747 2.551972
4834 1.057143
4938 1.367316
5055 1.925471
5135 0.593810
5163 6.636812
5300 2.039414
5320 0.909080
5395 3.105278
5451 3.521321
5529 0.646717
5678 1.972671
5683 1.507935
5753 1.300496
5892 2.680888
5963 2.562293
6048 2.437354
6073 1.835294
6247 2.437354
6315 1.275986
6317 1.405909
6415 0.928824
6568 0.723444
6708 1.323411
6816 0.978716
6858 1.130929
6909 0.747158
6980 1.194316
7061 0.956625
7168 2.261263
7217 0.796376
7498 0.355467
7506 2.562293
7624 2.136324
7646 1.760661
7704 2.852313
7772 2.738384
7899 2.661377
8116 2.738384
8245 1.039414
8404 1.044436
8410 1.307020
8577 2.562293
8601 1.760661
8649 3.521321
8650 1.299051
8826 1.240979
8871 1.188156
9144 1.850942
9184 1.608050
9262 1.738384
9281 1.784142
9594 1.495346
9669 1.549193
9677 2.537124
9788 1.608050
9855 1.641474
9871 3.640018
10036 0.736218
10092 2.661377
10185 0.932204
10337 3.185072
10401 1.022381
10509 1.409921
10547 1.717195
10677 0.824570
10680 2.194316
10890 0.465383
10898 1.459631
10981 1.577016
11096 1.376656
11324 1.835294
11362 2.328706
11376 0.464226
11423 0.816698
11568 1.349218
