126

194 0.036082
359 0.169276
404 0.027195
438 0.081020
479 0.060516
593 0.079415
599 0.057786
632 0.049386
643 0.116731
671 0.088985
875 0.056947
1231 0.101983
1284 0.053884
1474 0.127796
1485 0.092934
1487 0.041796
1532 0.077740
1617 0.064401
1721 0.074530
1766 0.125096
1872 0.031821
2090 0.082754
2174 0.142072
2217 0.082754
2340 0.203138
2473 0.051201
2504 0.063640
2530 0.035770
2651 0.156438
2687 0.072237
2762 0.023443
3014 0.049386
3095 0.058924
3264 0.066855
3370 0.166085
3559 0.080202
3685 0.071689
3731 0.218885
3760 0.073971
3891 0.065593
4091 0.034567
4196 0.036612
4516 0.163739
4538 0.055877
4573 0.027126
4588 0.116731
4667 0.103999
4701 0.063640
4747 0.127281
4834 0.052725
5008 0.094429
5026 0.123698
5032 0.213462
5055 0.096034
5135 0.029617
5163 0.248261
5300 0.101717
5320 0.045341
5376 0.062906
5382 0.142308
5395 0.154877
5451 0.087814
5529 0.032255
5678 0.049194
5683 0.075209
5753 0.032431
5892 0.133711
5963 0.127796
6048 0.121564
6073 0.091536
6080 0.136578
6247 0.121564
6315 0.063640
6317 0.070120
6348 0.076522
6415 0.046326
6463 0.144474
6708 0.066006
6816 0.048814
6858 0.056406
6980 0.059567
7061 0.119280
7118 0.030488
7168 0.112782
7498 0.017729
7506 0.127796
7532 0.062906
7624 0.106550
7704 0.142260
7899 0.265475
8245 0.051841
8404 0.052092
8410 0.065188
8601 0.087814
8649 0.087814
8650 0.064791
8667 0.081869
8826 0.061894
8871 0.059260
9059 0.027057
9144 0.092317
9184 0.080202
9194 0.136578
9262 0.086703
9281 0.088985
9594 0.074581
9669 0.077267
9677 0.126540
9716 0.103999
9871 0.181548
10010 0.052952
10092 0.132737
10185 0.046494
10337 0.158857
10401 0.050992
10509 0.070320
10677 0.041126
10680 0.109443
10890 0.023211
10981 0.078654
10999 0.069624
11324 0.091536
11362 0.116145
11376 0.023154
11568 0.067293
11600 0.017550
