126

194 0.723444
359 3.393983
404 0.545260
438 1.624441
479 1.213339
593 1.592256
599 1.158601
632 0.990196
643 2.340444
671 1.784142
875 1.141787
1231 2.044762
1284 1.080373
1474 2.562293
1485 1.863323
1487 0.838017
1532 1.558685
1617 1.291226
1721 1.494316
1766 2.508169
1872 0.638014
2090 1.659203
2174 2.848527
2217 1.659203
2340 4.072899
2473 1.026577
2504 1.275986
2530 0.717195
2651 3.136566
2687 1.448350
2762 0.470040
3014 0.990196
3095 1.181416
3264 1.340444
3370 3.329986
3559 1.608050
3685 1.437354
3731 4.388632
3760 1.483112
3891 1.315138
4091 0.693061
4196 0.734063
4516 3.282948
4538 1.120336
4573 0.543870
4588 2.340444
4667 2.085172
4701 1.275986
4747 2.551972
4834 1.057143
5008 1.893286
5026 2.480147
5032 4.279891
5055 1.925471
5135 0.593810
5163 4.977609
5300 2.039414
5320 0.909080
5376 1.261263
5382 2.853261
5395 3.105278
5451 1.760661
5529 0.646717
5678 0.986336
5683 1.507935
5753 0.650248
5892 2.680888
5963 2.562293
6048 2.437354
6073 1.835294
6080 2.738384
6247 2.437354
6315 1.275986
6317 1.405909
6348 1.534264
6415 0.928824
6463 2.896699
6708 1.323411
6816 0.978716
6858 1.130929
6980 1.194316
7061 2.391564
7118 0.611279
7168 2.261263
7498 0.355467
7506 2.562293
7532 1.261263
7624 2.136324
7704 2.852313
7899 5.322755
8245 1.039414
8404 1.044436
8410 1.307020
8601 1.760661
8649 1.760661
8650 1.299051
8667 1.641474
8826 1.240979
8871 1.188156
9059 0.542484
9144 1.850942
9184 1.608050
9194 2.738384
9262 1.738384
9281 1.784142
9594 1.495346
9669 1.549193
9677 2.537124
9716 2.085172
9871 3.640018
10010 1.061691
10092 2.661377
10185 0.932204
10337 3.185072
10401 1.022381
10509 1.409921
10677 0.824570
10680 2.194316
10890 0.465383
10981 1.577016
10999 1.395961
11324 1.835294
11362 2.328706
11376 0.464226
11568 1.349218
11600 0.351885
