180

64 1.426630
71 0.878046
100 1.760661
103 1.219870
108 1.170182
117 2.562293
186 0.971228
198 1.152923
346 0.506660
352 1.331844
373 2.919261
374 2.340444
447 1.206905
552 1.001988
586 0.747158
633 1.206905
693 1.624441
1028 1.376656
1160 2.194316
1167 1.459631
1274 1.471212
1390 1.307020
1461 3.786572
1506 1.115135
1542 3.256419
1605 0.893286
1666 1.507714
1807 0.928824
1822 1.483112
1862 5.476768
1947 1.104916
1986 1.125600
2064 1.206905
2241 2.738384
2259 0.426630
2268 0.760661
2270 2.437354
2290 1.534264
2307 2.085172
2339 1.147320
2444 1.577016
2507 0.380449
2575 0.956629
2651 0.784142
2684 2.261263
3121 0.784142
3165 1.534264
3203 0.565198
3301 1.960233
3338 3.996043
3377 6.031741
3535 1.005990
3567 0.711035
3599 2.317201
3613 1.005990
3621 0.899535
3685 2.874708
3783 1.471212
3818 0.704960
4071 1.018225
4215 0.499085
4310 1.022381
4537 1.109995
4663 0.890195
4677 1.079454
4770 1.261263
4784 1.677686
4842 1.624441
4964 1.057143
4970 2.734633
5004 2.039414
5012 1.654453
5023 1.070931
5065 3.039414
5067 2.328706
5135 0.593810
5152 2.738384
5217 1.299051
5363 1.240074
5406 3.039414
5472 4.680888
5578 3.039414
5693 1.261263
5713 2.261263
5719 2.364163
5851 0.846290
6060 0.971228
6065 2.716346
6100 3.039414
6112 0.501595
6421 1.772123
6587 0.622774
6627 1.141787
6631 1.386202
6806 0.677686
6878 2.551972
7050 1.164353
7062 0.343932
7111 1.497254
7118 1.222559
7368 1.080373
7405 2.194316
7515 2.811891
7595 1.367316
7635 0.704960
7719 2.562293
7735 3.699702
7788 1.590635
7859 0.301427
7899 0.887126
7919 1.659203
7925 1.520900
7991 1.562293
8007 0.838017
8048 3.564467
8271 0.925471
8272 0.884078
8279 2.340444
8352 0.854723
8455 0.436270
8476 5.151584
8494 1.291226
8539 0.668346
8552 1.331844
8555 1.784142
8605 1.476768
8784 3.728817
8785 4.245412
8826 0.709131
8931 1.331797
8983 2.340444
8989 1.471212
9031 0.884078
9051 2.251201
9059 1.084969
9105 1.061691
9107 1.291226
9130 0.767573
9132 2.927672
9329 3.015870
9592 1.070931
9597 1.760661
9602 1.577016
9617 2.562293
9623 0.994091
9643 1.170182
9646 2.439740
9688 1.315138
9761 1.670588
9767 0.850618
9951 2.919261
9980 6.078828
10000 1.448350
10095 1.925471
10099 27.354727
10215 1.641474
10288 3.039414
10378 0.683388
10379 3.039414
10509 0.704960
10601 2.738384
10619 0.528869
10621 5.628001
10637 1.960233
10677 2.473711
10809 2.562293
10890 0.930766
11020 4.874708
11082 3.039414
11084 1.677686
11139 1.426630
11228 2.283574
11271 2.437354
11376 0.464226
11443 0.945992
11479 3.039414
11523 0.538355
11600 0.351885
11604 2.437354
11678 3.039414
