170

5 0.055214
71 0.065905
188 0.042045
190 0.220699
248 0.066076
262 0.087835
359 0.063687
429 0.060349
438 0.060964
455 0.028292
530 0.080175
531 0.034483
553 0.029428
593 0.179269
643 0.087835
665 0.047503
748 0.254591
1126 0.096161
1219 0.102770
1236 0.078255
1333 0.030456
1364 0.057078
1368 0.080175
1487 0.062900
1544 0.063687
1666 0.028292
1723 0.052023
1766 0.047065
1804 0.049667
2041 0.076538
2090 0.062269
2115 0.034607
2174 0.178172
2205 0.113184
2335 0.034360
2452 0.117264
2473 0.077053
2519 0.098713
2530 0.026916
2651 0.058857
2762 0.035281
2954 0.035113
2974 0.056119
3095 0.022169
3122 0.028720
3264 0.050306
3286 0.052389
3316 0.046282
3370 0.166630
3371 0.179269
3391 0.102770
3445 0.062962
3491 0.072262
3562 0.058632
3611 0.111050
3705 0.073566
3758 0.044363
3844 0.074984
4045 0.062962
4110 0.036450
4196 0.027549
4333 0.042645
4365 0.078255
4419 0.069929
4432 0.096161
4483 0.066076
4516 0.184810
4538 0.042045
4582 0.056119
4588 0.087835
4617 0.055214
4834 0.079348
4891 0.096161
4969 0.042851
5026 0.046539
5135 0.022285
5163 0.186806
5227 0.048459
5320 0.034117
5324 0.036450
5338 0.053148
5394 0.074734
5444 0.074984
5485 0.058097
5491 0.030394
5529 0.048542
5683 0.056592
5692 0.028292
5712 0.036311
5753 0.024403
5770 0.074984
5821 0.068967
5857 0.042045
5900 0.039009
5926 0.026232
5942 0.114067
6097 0.041092
6111 0.060349
6239 0.065240
6317 0.079144
6367 0.052764
6382 0.066076
6415 0.034858
6504 0.032729
6568 0.027150
6587 0.023372
6633 0.080175
6708 0.149000
6715 0.064445
6866 0.064445
6909 0.028040
6965 0.043058
6980 0.044822
7061 0.071803
7062 0.077445
7168 0.169727
7217 0.029887
7257 0.067889
7387 0.047334
7428 0.048753
7704 0.133807
7705 0.071054
7899 0.099880
8007 0.031450
8181 0.066076
8605 0.027711
8628 0.062962
8649 0.132153
8650 0.195010
8673 0.068877
8821 0.053148
8826 0.066533
8871 0.044591
8931 0.009996
8956 0.040546
9059 0.020359
9105 0.199223
9130 0.172839
9144 0.173661
9154 0.069929
9231 0.071054
9280 0.043482
9584 0.050306
9594 0.056119
9671 0.059756
9677 0.047608
9767 0.010641
9788 0.060349
9856 0.072262
9871 0.273215
10036 0.027630
10077 0.049667
10082 0.047065
10125 0.054356
10337 0.159378
10396 0.038059
10433 0.039505
10473 0.096161
10555 0.051314
10619 0.019848
10677 0.092837
10701 0.029519
10981 0.059184
11096 0.051665
11121 0.022521
11320 0.037604
11362 0.218487
11396 0.035372
11523 0.020204
11600 0.039618
