127

79 0.045765
148 0.055601
185 0.074213
258 0.060541
352 0.066098
396 0.108902
404 0.027061
418 0.040923
509 0.084220
561 0.232309
632 0.049143
665 0.031409
666 0.079806
689 0.062958
1025 0.150844
1285 0.066961
1456 0.042139
1666 0.074827
1721 0.037081
1756 0.095560
1800 0.101214
1976 0.089777
2084 0.049143
2091 0.060541
2224 0.113881
2259 0.021173
2550 0.039771
2552 0.051802
2638 0.052691
2708 0.051371
2762 0.023328
3095 0.029316
3122 0.037979
3234 0.120964
3282 0.068322
3464 0.141605
3531 0.039157
3613 0.049926
3681 0.057500
3975 0.058666
3976 0.618887
3998 0.127164
4005 0.054341
4215 0.049538
4266 0.052242
4312 0.127164
4354 0.127164
4566 0.041055
4610 0.065269
4680 0.081465
4869 0.078266
4943 0.028415
4963 0.093962
5040 0.135904
5043 0.127164
5059 0.080620
5095 0.081465
5135 0.029470
5143 0.044800
5242 0.183613
5243 0.220817
5394 0.024707
5797 0.052919
5821 0.045601
5838 0.075481
6071 0.030743
6380 0.046776
6584 0.141605
6587 0.030908
6835 0.135904
6864 0.043303
6878 0.063326
6992 0.074838
7047 0.060217
7061 0.023738
7182 0.066098
7212 0.085223
7305 0.083262
7341 0.074213
7369 0.062595
7526 0.303643
7537 0.309443
7540 0.066525
7664 0.059898
7709 0.202362
7775 0.066525
7859 0.044879
7936 0.132197
7987 0.068322
8010 0.074838
8404 0.025917
8485 0.055343
8539 0.165847
8555 0.088545
8761 0.037081
8764 0.076829
8821 0.070283
8826 0.043992
8931 0.026438
8939 0.060217
9138 0.033446
9357 0.068322
9562 0.048761
9568 0.052919
9646 0.060541
9698 0.087380
9761 0.041455
9783 0.043135
10000 0.071880
10058 0.030097
10486 0.081465
10663 0.091084
10822 0.116154
10863 0.092475
10935 0.127164
11055 0.073015
11106 0.127164
11150 0.050740
11194 0.100659
11229 0.070283
11258 0.068796
11306 0.029240
11375 0.078557
11569 0.106024
11570 0.212407
11600 0.017464
11616 0.135904
