125

79 0.092214
148 0.056017
185 0.074767
258 0.060994
352 0.066592
396 0.109716
404 0.027263
418 0.041229
509 0.084850
561 0.234044
632 0.049510
665 0.031644
666 0.080403
689 0.063428
1285 0.067461
1456 0.042454
1666 0.075386
1721 0.037358
1756 0.096274
1800 0.101971
1976 0.090448
2084 0.049510
2091 0.060994
2224 0.114732
2259 0.042663
2550 0.040068
2552 0.052189
2638 0.053085
2708 0.051755
2762 0.023502
3095 0.029535
3122 0.038263
3234 0.121868
3282 0.068833
3464 0.142663
3531 0.039450
3613 0.050300
3681 0.057930
3975 0.059104
3976 0.623511
3998 0.128115
4005 0.054747
4215 0.049908
4266 0.052632
4312 0.128115
4354 0.128115
4566 0.041361
4610 0.065757
4680 0.082074
4869 0.078851
4943 0.028627
4963 0.094664
5040 0.136919
5043 0.128115
5059 0.081222
5095 0.082074
5135 0.029690
5143 0.045135
5242 0.123323
5243 0.148311
5394 0.024892
5797 0.053314
5821 0.045942
5838 0.076045
6071 0.030973
6380 0.047125
6584 0.142663
6587 0.031139
6835 0.136919
6864 0.043627
6878 0.063799
6992 0.075397
7047 0.060667
7061 0.023916
7182 0.066592
7212 0.085860
7305 0.083884
7341 0.074767
7526 0.305912
7537 0.311756
7540 0.067022
7664 0.060345
7709 0.203874
7775 0.067022
7859 0.045214
7936 0.133184
7987 0.068833
8010 0.075397
8404 0.026111
8485 0.055757
8539 0.167087
8555 0.089207
8761 0.037358
8764 0.077403
8821 0.070808
8826 0.044321
8931 0.013318
8939 0.060667
9138 0.033696
9357 0.068833
9562 0.049125
9568 0.053314
9646 0.060994
9698 0.088033
9761 0.041765
9783 0.043458
10000 0.072417
10058 0.030322
10486 0.164147
10663 0.091765
10822 0.117022
10863 0.093166
10935 0.128115
11055 0.073561
11106 0.128115
11150 0.051119
11194 0.101411
11229 0.070808
11258 0.069310
11306 0.029458
11375 0.079144
11569 0.106816
11570 0.213995
11600 0.017594
11616 0.136919
