227

71 0.878046
118 2.194316
131 1.808965
139 1.219870
148 1.120336
175 1.226501
179 1.268562
185 1.495346
194 0.723444
213 1.681514
248 1.760661
345 3.728817
404 0.545260
504 2.437354
512 1.386202
514 1.784142
531 0.918840
584 1.863323
586 0.747158
728 2.562293
839 1.405946
905 2.562293
992 1.158601
1269 1.878087
1333 0.811527
1487 0.838017
1542 0.814105
1649 1.762103
1716 1.659203
1730 3.096105
1785 1.760661
1797 0.702954
1831 0.767573
1859 7.277338
1947 2.209831
1954 2.194316
2002 2.551972
2017 1.696991
2065 2.039414
2071 0.971228
2165 0.808965
2259 1.706521
2314 2.340444
2344 2.614041
2363 1.022381
2383 2.738384
2537 1.893286
2626 3.546245
2667 1.376656
2680 1.507935
2720 3.157927
2770 1.717195
3018 1.863323
3034 1.358173
3037 1.738384
3121 0.784142
3149 1.120336
3179 1.544485
3241 1.738384
3275 0.611279
3287 1.641474
3338 1.998021
3362 2.437354
3415 2.772403
3437 2.874708
3455 1.188156
3473 0.767573
3521 1.254084
3542 1.677686
3571 3.039414
3573 1.577988
3598 1.534264
3605 1.349218
3627 1.254084
3694 3.720221
3887 1.386202
3928 2.874708
3984 1.323411
4033 1.283539
4163 8.803303
4196 0.734063
4211 0.912309
4215 0.499085
4238 2.738384
4310 1.022381
4342 1.784142
4447 1.448350
4462 1.141787
4537 1.109995
4734 1.238917
4738 0.572546
4764 2.305847
4875 1.520900
4882 3.039414
4890 2.437354
4896 1.893286
4973 3.039414
4994 3.726646
5012 0.827227
5067 1.164353
5101 1.808965
5112 1.920466
5137 1.835294
5227 1.291226
5307 2.061628
5394 0.995670
5473 2.194316
5612 1.677686
5689 0.838017
5692 1.507714
5734 1.686879
5770 1.998021
5833 0.998169
5841 1.471212
5948 0.863323
5949 1.837680
6112 2.006380
6144 1.268562
6168 1.520900
6242 1.562293
6328 2.261263
6346 2.791923
6452 1.659203
6455 1.925471
6529 1.624441
6559 0.998021
6569 1.925471
6570 0.998021
6587 0.622774
6792 2.597931
6992 1.507935
7001 1.358173
7062 0.343932
7118 1.222559
7385 1.539802
7408 2.039414
7411 0.893286
7498 0.355467
7565 2.136324
7568 2.194316
7626 2.136324
7709 0.679579
7730 3.318406
7788 0.530212
7794 1.448350
7859 0.602854
7873 1.717195
7909 2.261263
7911 2.480147
7966 1.608050
7978 1.099895
7979 3.039414
7987 1.376656
8087 1.158601
8088 3.039414
8102 3.039414
8235 2.437354
8281 1.367316
8306 2.738384
8308 3.039414
8334 2.753313
8383 1.426630
8422 2.085172
8512 0.875061
8538 2.340444
8545 1.507935
8582 1.577016
8603 1.784142
8605 1.476768
8619 1.275986
8678 2.562293
8684 1.268562
8745 2.194316
8761 0.747158
8784 3.728817
8826 1.063696
8909 1.577016
8919 0.760661
8930 1.048188
8931 0.266359
9035 2.039414
9059 0.542484
9065 0.915562
9097 0.939044
9184 1.608050
9352 2.340444
9366 1.340444
9520 1.520900
9643 2.340365
9748 1.784142
9750 2.136324
9761 1.670588
9767 0.567079
9804 3.039414
9865 1.592752
9904 1.784142
9942 1.386202
9999 1.194316
10029 1.677686
10080 1.507935
10092 0.887126
10195 3.385158
10378 2.050165
10396 1.014108
10487 0.596934
10532 2.738384
10556 2.364163
10580 2.261263
10639 2.240672
10644 1.863323
10804 2.340444
10890 0.465383
10957 3.039414
10985 2.039414
11027 2.738384
11139 1.426630
11159 3.039414
11160 6.495257
11161 1.386202
11306 1.178330
11320 1.001988
11376 0.464226
11521 1.075626
11532 2.608097
11539 1.592256
11544 1.624441
11600 0.351885
