155

23 1.018225
194 0.723444
204 1.315138
258 1.219870
272 4.170343
283 2.738384
297 1.182082
318 0.824570
345 0.932204
346 1.013319
424 4.074519
458 0.747158
552 1.001988
553 0.784142
568 2.738384
612 1.577016
665 0.632874
873 1.784142
1093 1.405946
1251 1.437354
1387 1.085172
1487 0.838017
1500 2.738384
1511 2.738384
1572 1.376656
1609 1.115135
1649 0.881052
1667 2.738384
1721 1.494316
1797 0.702954
1807 0.928824
1916 2.738384
2086 1.416165
2231 2.437354
2267 2.494045
2335 0.915562
2518 0.824570
2638 1.061691
2756 1.577016
2768 1.010030
2817 1.659203
2856 1.960233
2858 2.085172
3038 1.659203
3154 3.039414
3160 3.039414
3229 1.960233
3311 2.085172
3316 1.233234
3535 1.005990
3558 1.206905
3573 0.788994
3606 1.893286
3695 1.405946
3758 2.364163
3770 1.349218
3976 2.494045
4023 5.476768
4102 6.078828
4317 1.254084
4616 5.124586
4729 1.200565
5100 0.700958
5171 5.033059
5177 1.182082
5394 0.995670
5401 2.437354
5681 1.147320
5696 3.568283
5716 4.078828
5749 0.967532
5753 0.650248
5833 0.499085
5926 0.698970
5945 1.141787
6128 4.680888
6208 3.039414
6281 1.206905
6517 2.261263
6584 17.119563
6587 0.622774
6723 1.925471
6792 0.519586
6864 0.872539
7050 2.328706
7111 0.499085
7126 0.769901
7154 1.376656
7334 1.659203
7350 1.659203
7353 1.717195
7410 2.085172
7508 3.850942
7530 1.996043
7537 7.482135
7540 2.680888
7583 1.659203
7584 1.641474
7589 1.261263
7635 2.114881
7650 1.577016
7859 0.301427
7862 0.960233
7867 1.495346
7915 1.043779
7925 1.520900
8010 1.507935
8094 6.078828
8100 5.476768
8356 1.925471
8417 1.835294
8455 1.308809
8491 1.659203
8539 0.668346
8578 2.738384
8605 0.738384
8673 3.670588
8764 6.192210
8826 0.177283
8828 1.835294
8939 1.213339
9047 0.829899
9052 0.843514
9326 1.641474
9366 1.340444
9596 1.213339
9632 1.395961
9646 2.439740
9679 1.520900
9680 1.893286
9783 1.738305
9971 2.896699
10067 1.018225
10072 1.925471
10195 0.846290
10320 2.738384
10475 0.539727
10505 1.507935
10619 0.528869
10826 2.340444
10912 2.340444
11107 8.215152
11155 1.562293
11228 3.425361
11324 1.835294
11376 0.464226
11382 1.893286
11404 2.738384
11411 1.677686
11501 2.508169
11532 1.956073
11582 2.562293
11600 0.703770
11619 3.039414
11625 1.104916
