233

36 1.323411
74 0.942504
79 0.922143
99 1.090024
194 0.723444
390 3.039414
392 3.786572
404 1.090519
405 2.738384
458 1.494316
536 0.905875
608 2.194316
627 2.039414
633 1.206905
665 0.632874
791 1.206905
857 1.158601
897 0.860437
913 4.157656
992 1.158601
1063 2.085172
1172 1.925471
1269 0.939044
1295 2.439740
1542 0.814105
1592 2.240672
1613 1.323411
1777 1.405946
1785 1.760661
1798 1.176091
1818 1.307020
1976 1.808965
1986 1.125600
2042 1.349218
2047 2.194316
2048 1.835294
2071 0.971228
2082 3.154032
2131 1.018225
2259 0.426630
2268 0.760661
2323 2.738384
2339 1.147320
2340 1.018225
2388 2.136324
2473 1.026577
2507 0.760899
2518 0.824570
2552 1.043779
2572 1.768156
2609 1.483112
2626 1.182082
2651 0.784142
2653 1.507935
2690 0.974956
2768 1.010030
3121 1.568283
3131 1.507935
3149 1.120336
3203 0.565198
3204 1.136324
3275 0.611279
3342 2.194316
3402 1.323411
3460 1.624441
3513 1.717195
3562 1.562293
3567 0.711035
3683 1.070931
3691 2.228247
3760 1.483112
3818 0.704960
3841 0.477121
3850 0.758381
3926 1.972671
4005 1.094931
4076 1.835294
4091 0.693061
4094 2.437354
4179 1.483112
4196 1.468125
4215 0.998169
4396 1.520900
4452 5.932446
4469 1.863323
4471 2.261263
4566 0.827227
4573 0.543870
4677 0.539727
4708 1.378332
4738 0.572546
4842 1.624441
4901 0.902694
4928 1.624441
4970 2.734633
5064 1.182082
5176 1.437354
5193 3.476768
5297 2.663688
5357 6.078828
5361 1.925471
5395 2.070185
5417 2.562293
5468 1.194316
5491 0.404937
5562 1.367316
5569 6.159461
5651 1.315138
5734 1.686879
5753 0.650248
5821 2.756521
5826 2.261858
5833 0.998169
5851 0.846290
5885 0.706976
6012 3.996043
6211 1.226501
6291 0.806418
6380 1.885008
6433 0.758381
6436 14.596949
6456 0.806418
6514 1.534264
6523 4.388632
6531 2.738384
6559 0.998021
6568 0.723444
6587 0.622774
6627 1.141787
6725 1.275986
6792 1.039172
6812 3.679502
6813 0.786561
6864 0.872539
6874 1.501014
6962 1.200565
7021 2.085172
7062 0.687865
7119 1.835294
7126 2.309704
7146 1.835294
7162 1.808965
7188 1.376656
7498 0.355467
7589 1.261263
7595 1.367316
7635 0.704960
7664 1.206905
7704 1.426157
7709 2.718315
7769 1.925471
7788 0.530212
7847 0.932204
7859 0.602854
7864 1.170182
7896 1.437354
7946 1.026577
7972 1.254084
7981 1.850942
8083 0.711035
8133 2.562293
8140 1.960233
8209 2.738384
8234 1.275986
8271 0.925471
8343 0.986336
8377 1.254084
8404 1.566655
8455 0.872539
8482 1.043779
8559 3.124586
8662 1.188156
8684 1.268562
8761 0.747158
8784 0.932204
8785 1.698165
8874 2.646822
8931 2.130875
8947 2.261263
8956 1.080373
9114 6.746090
9116 1.182082
9328 0.915562
9381 1.125600
9444 1.878087
9592 1.070931
9642 1.283539
9643 1.170182
9661 3.039414
9747 0.945992
9767 0.283539
9783 1.738305
9855 1.641474
9903 0.793901
9933 1.075626
10015 2.132573
10058 1.819334
10187 1.863323
10195 1.692579
10318 1.592256
10352 0.971228
10378 0.683388
10475 3.238362
10507 2.044762
10530 1.164353
10579 1.608050
10592 1.925471
10646 1.213339
10651 2.466468
10701 0.786561
10711 1.268562
10903 1.548052
10973 2.562293
10993 2.340444
10999 1.395961
11096 1.376656
11152 4.466430
11210 0.849082
11239 2.194316
11242 1.048188
11256 0.779343
11306 0.589165
11332 0.715132
11376 0.464226
11396 1.885008
11532 0.652024
11536 1.323411
11539 1.592256
11547 1.039414
11600 1.055655
11609 3.640018
11636 2.328706
11637 5.572946
