130

65 6.137057
66 2.562293
97 0.909080
218 1.608050
404 0.545260
420 1.784142
642 1.760661
672 4.874708
684 1.893286
876 1.548052
989 2.340444
1346 2.562293
1378 1.386202
1436 1.534264
1499 1.052642
1574 1.760661
1633 1.299051
1766 1.254084
1789 1.534264
2008 1.548052
2046 2.036450
2174 0.949509
2298 1.925471
2373 2.562293
2378 1.696991
2473 1.026577
2518 0.824570
2530 4.303169
2763 6.805016
2889 1.960233
3048 1.254084
3050 1.659203
3057 2.261263
3095 2.362831
3102 1.608050
3286 5.583846
3370 1.109995
3372 2.039414
3417 1.075626
3459 1.696991
3489 1.405946
3558 2.413810
3573 1.577988
3633 1.219870
3705 1.960233
3714 2.340444
3796 10.953536
3818 0.704960
3984 3.970232
4030 3.039414
4113 2.085172
4196 0.734063
4269 2.738384
4388 3.039414
4516 1.641474
4573 0.543870
4613 0.902694
4667 2.085172
4718 2.261263
4747 2.551972
4954 1.416165
5112 0.960233
5135 0.593810
5163 1.659203
5227 1.291226
5320 0.909080
5491 1.619747
5507 3.039414
5712 3.870128
5732 0.786561
5797 2.132573
5821 0.918840
5851 0.846290
5885 0.706976
5965 2.437354
6240 1.448350
6315 3.827958
6644 2.261263
6792 1.039172
6807 2.738384
6828 0.717195
6858 1.130929
6980 1.194316
7008 2.634138
7061 6.218066
7082 1.147320
7150 0.978716
7217 0.796376
7450 1.376656
7501 1.052642
7704 4.991548
7775 1.340444
7782 1.641474
7881 1.548052
7899 0.887126
8203 1.863323
8272 0.884078
8315 1.608050
8381 1.164353
8404 0.522218
8594 3.617930
8619 1.275986
8641 1.254084
8644 3.039414
8711 1.520900
8819 1.299051
8826 1.418262
9144 1.850942
9262 5.215152
9280 2.317201
9381 2.251201
9635 1.548052
9677 1.268562
9716 2.085172
9719 1.717195
9865 0.796376
9871 1.213339
9942 1.386202
10086 2.151253
10301 1.998021
10337 3.185072
10403 1.376656
10423 0.698970
10563 1.386202
10565 2.680888
11136 2.136324
11306 0.589165
11435 3.039414
11440 1.784142
11600 2.463196
