168

52 0.066576
57 0.101911
69 0.097859
79 0.077113
148 0.046844
258 0.051005
268 0.052141
308 0.038282
330 0.101911
352 0.055687
404 0.045597
455 0.031520
458 0.031240
467 0.051283
477 0.068633
531 0.115256
552 0.167581
600 0.040609
637 0.053352
665 0.026462
810 0.087185
1116 0.085272
1157 0.054989
1251 0.060099
1278 0.053041
1296 0.040765
1387 0.045373
1487 0.035039
1666 0.094561
1721 0.093721
1797 0.029392
1823 0.114498
1831 0.032094
1872 0.026677
1903 0.085272
1981 0.078240
2001 0.097859
2084 0.082804
2086 0.059213
2115 0.038557
2118 0.079162
2165 0.033825
2224 0.047972
2259 0.089192
2263 0.058786
2340 0.085148
2507 0.015907
2524 0.131481
2530 0.029987
2539 0.047287
2564 0.089324
2638 0.044392
2680 0.063050
2700 0.129455
2804 0.048684
3060 0.059650
3122 0.031997
3153 0.085272
3370 0.046411
3423 0.077392
3445 0.070148
3567 0.029730
3683 0.044778
3685 0.060099
3758 0.098851
3760 0.062012
3841 0.019949
3951 0.029476
3975 0.049425
3976 0.208563
4071 0.042574
4091 0.028978
4215 0.020868
4333 0.047512
4573 0.022740
4610 0.054989
4729 0.050198
4734 0.025901
4738 0.023939
4770 0.052736
4849 0.058368
4851 0.170544
5009 0.115122
5112 0.080299
5135 0.074485
5143 0.037744
5242 0.051564
5337 0.153475
5368 0.069375
5702 0.070148
5743 0.062666
5762 0.124024
5838 0.063592
5900 0.043460
6071 0.025901
6112 0.020973
6308 0.031333
6331 0.075637
6415 0.038836
6421 0.098795
6584 0.656154
6813 0.032888
6874 0.020920
6971 0.075637
7050 0.097368
7143 0.038557
7182 0.055687
7469 0.170544
7537 0.156422
7668 0.068633
7704 0.059631
7788 0.044339
7859 0.012603
7874 0.106703
7932 0.080508
7961 0.081961
7972 0.104872
8128 0.049425
8272 0.036965
8387 0.035738
8455 0.018241
8456 0.066576
8467 0.065938
8485 0.093252
8487 0.064727
8508 0.053667
8605 0.030873
8753 0.107135
8761 0.031240
8764 0.064727
8826 0.029650
8842 0.094548
8939 0.050732
9057 0.101911
9059 0.022682
9110 0.052141
9646 0.102011
9700 0.070148
9761 0.034925
9767 0.011855
9774 0.039999
10011 0.076738
10058 0.025357
10082 0.052436
10092 0.074185
10276 0.067649
10331 0.073617
10415 0.069375
10487 0.024959
10619 0.022113
10681 0.127084
10700 0.076738
10711 0.053041
10732 0.107135
10779 0.067236
10863 0.077909
10912 0.097859
11000 0.097859
11045 0.077909
11153 0.060099
11180 0.964214
11229 0.059213
11306 0.024634
11358 0.089324
11368 0.074599
11376 0.019410
11411 0.070148
11443 0.039554
