399

13 0.048598
79 0.015589
111 0.013719
159 0.051383
166 0.069819
175 0.020735
188 0.018940
189 0.051383
194 0.012230
206 0.031500
217 0.013676
282 0.070798
297 0.019984
303 0.043317
322 0.041205
345 0.031519
346 0.008565
380 0.027750
404 0.036872
424 0.022961
443 0.032007
447 0.020403
483 0.042402
485 0.120518
486 0.094398
500 0.051383
586 0.012631
630 0.037442
632 0.016740
634 0.020848
636 0.034477
651 0.025938
665 0.010699
672 0.041205
740 0.051383
741 0.102766
828 0.033139
878 0.038228
916 0.030581
921 0.078512
1002 0.022096
1007 0.557828
1132 0.053495
1157 0.022233
1167 0.024676
1185 0.032007
1195 0.030581
1240 0.038228
1269 0.015875
1274 0.024872
1295 0.041245
1333 0.041158
1334 0.038228
1387 0.018345
1450 0.043317
1472 0.046294
1506 0.018852
1533 0.058777
1605 0.015101
1611 0.028050
1725 0.040592
1796 0.024676
1797 0.011884
1803 0.021201
1841 0.043317
1875 0.025938
1891 0.041205
1940 0.019560
1963 0.029388
1974 0.029388
2000 0.016674
2005 0.039173
2091 0.020623
2110 0.030162
2112 0.059530
2134 0.105645
2189 0.029765
2259 0.007212
2275 0.041205
2377 0.041205
2507 0.006432
2539 0.019119
2543 0.019302
2566 0.039566
2569 0.056724
2576 0.014450
2615 0.051383
2677 0.052341
2693 0.034477
2696 0.011553
2727 0.051383
2763 0.012782
2804 0.019684
2809 0.025712
2842 0.037096
2851 0.019783
2860 0.051383
2943 0.102766
2962 0.024872
2966 0.031027
2978 0.102766
2992 0.051383
2994 0.043317
2995 0.025280
3035 0.061163
3048 0.021201
3049 0.031027
3095 0.009986
3100 0.067555
3136 0.024299
3144 0.026918
3156 0.023273
3171 0.024872
3179 0.013055
3236 0.032964
3266 0.032007
3275 0.010334
3289 0.022661
3384 0.022809
3386 0.041928
3480 0.023273
3485 0.025280
3494 0.036116
3510 0.033139
3513 0.029030
3546 0.016546
3555 0.072231
3567 0.036061
3599 0.039173
3611 0.050023
3681 0.019587
3693 0.024299
3840 0.046294
3850 0.012821
3883 0.031027
3943 0.026918
3944 0.030162
4062 0.046294
4119 0.102766
4131 0.030162
4179 0.025073
4240 0.046294
4301 0.046294
4315 0.038347
4333 0.019210
4346 0.028688
4389 0.114683
4420 0.028688
4458 0.017646
4479 0.108347
4520 0.012337
4527 0.051383
4550 0.021829
4573 0.009194
4613 0.030521
4635 0.086634
4644 0.026411
4663 0.015049
4669 0.057377
4671 0.046294
4677 0.054746
4708 0.011651
4734 0.010472
4738 0.019358
4943 0.009679
4957 0.051383
4970 0.023115
5009 0.023273
5019 0.041205
5053 0.036528
5100 0.011850
5116 0.046294
5168 0.102561
5286 0.039566
5292 0.102766
5294 0.029388
5363 0.020964
5366 0.035251
5394 0.008416
5476 0.041205
5491 0.006846
5529 0.021866
5532 0.059989
5554 0.046294
5624 0.557828
5678 0.033349
5692 0.012744
5734 0.009506
5738 0.037096
5740 0.021446
5743 0.025337
5753 0.010993
5792 0.016482
5797 0.018026
5807 0.026660
5817 0.023434
5833 0.025312
5857 0.018940
5869 0.017795
5885 0.047807
5947 0.021082
5949 0.015533
5962 0.045618
6029 0.154148
6060 0.016419
6063 0.061163
6112 0.008480
6180 0.037096
6210 0.051383
6227 0.019587
6274 0.020296
6276 0.046294
6277 0.034477
6308 0.012669
6317 0.023768
6394 0.046294
6395 0.079133
6415 0.031404
6433 0.025642
6628 0.064014
6631 0.023434
6635 0.020848
6638 0.033778
6649 0.049743
6671 0.028362
6680 0.051383
6681 0.074192
6684 0.051383
6725 0.021571
6740 0.030581
6779 0.026918
6813 0.013297
6814 0.020623
6816 0.016546
6895 0.051383
6965 0.019396
6970 0.051383
7040 0.033139
7050 0.019684
7060 0.047278
7061 0.008086
7062 0.005814
7111 0.016875
7120 0.014075
7143 0.015589
7165 0.226223
7217 0.053853
7263 0.026660
7320 0.028050
7332 0.043317
7411 0.015101
7432 0.046294
7442 0.036116
7444 0.037096
7460 0.016740
7490 0.047536
7498 0.006009
7529 0.034477
7621 0.076456
7635 0.047671
7694 0.013135
7704 0.012055
7737 0.022961
7745 0.013633
7747 0.043317
7748 0.154148
7756 0.027750
7760 0.011268
7785 0.029765
7788 0.008963
7887 0.016419
7903 0.041205
7911 0.020964
7913 0.025938
7939 0.054924
7974 0.026411
7978 0.018594
7986 0.046294
7991 0.026411
8016 0.015875
8042 0.029388
8055 0.043317
8070 0.027462
8083 0.012020
8173 0.051383
8196 0.022096
8227 0.027613
8228 0.041205
8272 0.044837
8326 0.021446
8332 0.025073
8352 0.014450
8404 0.017657
8417 0.124106
8430 0.051383
8455 0.022126
8467 0.026660
8499 0.013463
8510 0.043317
8539 0.011299
8563 0.024676
8605 0.012483
8632 0.032551
8634 0.051383
8641 0.063603
8662 0.020086
8664 0.037096
8684 0.021446
8706 0.034477
8721 0.041205
8734 0.037096
8761 0.012631
8767 0.047671
8818 0.039566
8826 0.026973
8829 0.010963
8851 0.046294
8875 0.082409
8909 0.026660
8912 0.032007
8920 0.165847
8931 0.004503
8971 0.044192
9047 0.014030
9051 0.019029
9059 0.009171
9062 0.036368
9171 0.053836
9189 0.024485
9308 0.046294
9380 0.019210
9461 0.024390
9473 0.050145
9562 0.016610
9568 0.018026
9596 0.020512
9597 0.029765
9618 0.048700
9623 0.016806
9704 0.028688
9767 0.004793
9783 0.014693
9785 0.051383
9811 0.015368
9871 0.041024
9903 0.026843
9916 0.051383
9923 0.032007
9926 0.028050
9949 0.035251
9951 0.024676
10017 0.015702
10029 0.028362
10083 0.030581
10092 0.044992
10159 0.038228
10185 0.015759
10276 0.013676
10279 0.017007
10309 0.016806
10325 0.017426
10326 0.024747
10378 0.011553
10433 0.017795
10541 0.046869
10555 0.023115
10556 0.019984
10558 0.023434
10581 0.023434
10619 0.008941
10658 0.020964
10723 0.038228
10724 0.051383
10772 0.038228
10776 0.035251
10890 0.007868
10892 0.020735
11062 0.041205
11084 0.028362
11162 0.042402
11177 0.458863
11210 0.014354
11211 0.076456
11276 0.102766
11298 0.059951
11306 0.029880
11312 0.038228
11326 0.039566
11340 0.016674
11443 0.015992
11464 0.037096
11474 0.046294
11501 0.042402
11502 0.017144
11509 0.034477
11532 0.011023
11600 0.017846
11605 0.078009
11606 0.063038
