270

26 3.212794
52 1.592256
74 0.942504
79 0.922143
106 1.784142
148 1.120336
194 0.723444
213 0.840757
228 1.349218
258 1.219870
272 4.170343
319 2.136324
345 0.932204
438 1.624441
455 1.507714
458 1.494316
549 1.459631
553 0.784142
568 2.738384
600 0.971228
612 1.577016
655 2.437354
665 0.632874
713 3.039414
738 2.738384
761 3.039414
767 3.039414
791 1.206905
831 0.819306
867 3.039414
873 1.784142
917 0.574031
1093 1.405946
1102 1.247022
1116 4.078828
1185 1.893286
1251 1.437354
1252 2.039414
1278 1.268562
1407 3.039414
1497 2.437354
1500 5.476768
1511 2.738384
1521 2.437354
1572 1.376656
1676 2.194316
1721 0.747158
1766 1.254084
1772 2.738384
1857 2.136324
1872 0.638014
1874 1.577016
1887 1.608050
1916 2.738384
2064 1.206905
2077 1.696991
2084 0.990196
2085 1.448350
2224 1.147320
2231 4.874708
2259 1.279891
2344 1.307020
2348 0.956629
2387 2.261263
2507 0.380449
2539 1.130929
2667 1.376656
2675 2.136324
2739 3.039414
2806 2.070185
2817 1.659203
2851 1.170182
2858 2.085172
2875 3.068528
2948 1.331844
2986 3.039414
3054 1.331844
3060 1.426630
3101 2.562293
3153 2.039414
3157 3.039414
3203 0.565198
3229 1.960233
3275 0.611279
3289 2.680888
3316 1.233234
3367 1.784142
3386 1.240074
3401 1.340444
3415 1.386202
3423 0.925471
3464 1.426630
3506 2.437354
3509 1.520900
3523 3.039414
3531 0.788994
3557 2.039414
3562 1.562293
3575 2.738384
3683 1.070931
3766 1.520900
3772 1.349218
3792 2.562293
3850 0.758381
3917 1.206905
3976 2.494045
4023 5.476768
4157 1.808965
4215 0.998169
4315 2.268339
4318 1.835294
4321 6.078828
4378 2.738384
4469 1.863323
4520 0.729784
4573 0.543870
4610 1.315138
4729 3.601695
4784 1.677686
4987 1.592256
5069 3.039414
5081 1.030814
5135 1.781430
5143 0.902694
5164 6.078828
5171 6.710745
5178 0.832588
5242 1.233234
5247 2.194316
5337 1.835294
5345 2.942425
5394 0.995670
5423 3.039414
5468 1.194316
5689 0.838017
5692 1.507714
5696 1.784142
5702 1.677686
5749 0.967532
5753 3.251240
5759 2.340444
5838 1.520900
5902 1.349218
6065 1.358173
6097 1.094931
6111 3.216101
6128 7.021332
6217 1.206905
6240 2.896699
6270 2.261263
6308 2.248139
6433 0.758381
6445 1.483112
6456 1.612836
6514 1.534264
6570 0.998021
6584 28.532605
6587 1.245547
6618 2.136324
6673 2.562293
6860 1.254084
6874 0.500338
6976 2.562293
7050 1.164353
7062 0.687865
7111 0.499085
7120 0.832588
7288 1.738384
7296 1.863323
7334 1.659203
7357 2.562293
7410 6.255515
7411 0.893286
7425 1.760661
7450 1.376656
7508 7.701883
7511 1.592256
7537 12.470224
7540 5.361776
7584 1.641474
7635 0.704960
7643 0.942504
7650 1.577016
7664 1.206905
7694 0.776963
7759 3.617930
7788 0.530212
7859 0.602854
7887 0.971228
7904 2.551972
7925 1.520900
7968 3.039414
8007 0.838017
8013 5.476768
8183 1.405946
8184 3.039414
8264 1.808965
8292 1.120336
8339 2.194316
8352 0.854723
8383 1.426630
8402 1.925471
8404 0.522218
8455 2.181349
8479 1.760661
8539 2.005039
8579 5.476768
8605 0.738384
8673 7.341177
8725 1.835294
8764 1.548052
8826 1.772827
8828 3.670588
8880 3.039414
8931 1.331797
8939 1.213339
9045 3.039414
9051 1.125600
9053 2.340444
9059 1.084969
9110 1.247022
9138 1.347852
9326 3.282948
9584 1.340444
9632 1.395961
9643 1.170182
9655 2.340444
9725 1.213339
9764 3.039414
9767 0.283539
9783 0.869152
9867 2.437354
10059 1.760661
10067 1.018225
10072 3.850942
10185 0.932204
10195 0.846290
10197 2.136324
10218 3.039414
10276 0.808965
10324 1.696991
10363 1.577016
10396 1.014108
10487 1.790803
10509 0.704960
10515 1.624441
10560 1.696991
10563 1.386202
10619 0.528869
10677 0.824570
10701 0.786561
10826 2.340444
11045 1.863323
11106 12.811464
11107 8.215152
11135 1.291226
11147 3.039414
11155 1.562293
11179 6.078828
11229 4.248494
11294 3.039414
11364 1.437354
11376 0.464226
11404 2.738384
11411 1.677686
11437 1.213339
11501 1.254084
11532 0.652024
11582 5.124586
11625 1.104916
