208

131 1.808965
173 1.592256
186 0.971228
190 9.801164
194 0.723444
298 1.677686
359 1.696991
404 0.545260
438 4.873322
475 1.349218
522 2.194316
531 0.918840
552 1.001988
556 2.039414
593 3.184512
599 1.158601
642 1.760661
665 0.632874
917 1.722094
1368 4.272648
1370 1.109995
1487 0.838017
1498 1.275986
1541 3.039414
1572 1.376656
1666 1.507714
1723 1.386202
1725 1.200565
1766 2.508169
1835 1.291226
1880 1.395961
1963 1.738384
2090 1.659203
2091 1.219870
2174 0.949509
2264 1.437354
2419 2.085172
2452 7.811464
2453 3.039414
2473 1.026577
2486 1.608050
2519 1.315138
2651 1.568283
2762 0.470040
2851 1.170182
2881 1.624441
2974 2.990692
3014 1.980392
3095 1.181416
3122 0.765256
3264 5.361776
3286 1.395961
3321 2.437354
3370 5.549976
3371 1.592256
3567 0.711035
3621 0.899535
3685 2.874708
3691 0.742749
3758 1.182082
3951 0.704960
3956 1.717195
3965 2.194316
3968 1.437354
3975 7.092490
4045 1.677686
4046 1.925471
4110 0.971228
4166 3.039414
4195 1.170182
4196 1.468125
4315 0.756113
4333 1.136324
4419 3.726646
4483 1.760661
4516 1.641474
4538 1.120336
4564 2.437354
4573 0.543870
4582 1.495346
4610 1.315138
4613 0.902694
4677 0.539727
4708 0.689166
4743 3.996043
4970 1.367316
5012 0.827227
5026 1.240074
5143 1.805387
5163 4.977609
5338 1.416165
5394 0.995670
5444 1.998021
5451 1.760661
5485 1.548052
5491 0.809874
5529 0.646717
5586 3.039414
5683 3.015870
5712 1.935064
5732 3.146244
5753 1.300496
5821 1.837680
5892 4.021332
5900 1.039414
5934 1.998021
6066 1.760661
6071 0.619458
6111 1.608050
6274 1.200565
6308 0.749380
6317 2.108863
6361 1.507935
6367 1.405946
6415 0.928824
6570 0.998021
6587 0.622774
6708 2.646822
6715 5.151584
6813 2.359683
6864 0.872539
6866 3.434390
6909 0.747158
6980 1.194316
7060 0.932204
7061 1.913251
7062 0.687865
7168 2.261263
7310 1.548052
7400 4.078828
7428 2.598103
7466 5.476768
7498 0.710934
7624 2.136324
7660 1.548052
7685 1.738384
7704 2.852313
7756 1.641474
7761 1.200565
7869 3.039414
7899 5.322755
7972 2.508169
7987 1.376656
8044 1.483112
8128 1.182082
8150 1.099895
8181 1.760661
8183 1.405946
8271 0.925471
8381 2.328706
8499 0.796376
8503 4.272648
8539 0.668346
8563 4.378892
8601 1.760661
8609 1.960233
8628 5.033059
8647 1.808965
8649 3.521321
8650 9.093360
8673 1.835294
8677 1.358173
8826 1.240979
8871 3.564467
8919 0.760661
9059 0.542484
9105 3.185072
9130 5.373008
9144 2.776412
9154 3.726646
9160 2.194316
9281 1.784142
9351 1.367316
9422 1.960233
9594 1.495346
9669 0.774596
9677 2.537124
9679 3.041800
9750 2.136324
9767 1.134157
9788 1.608050
9865 1.592752
9871 6.066697
9981 2.085172
9993 3.248882
10080 1.507935
10092 0.887126
10251 1.182082
10276 0.808965
10337 4.246762
10423 2.795880
10433 3.157927
10476 3.434390
10596 1.194316
10619 0.528869
10701 0.786561
10890 0.465383
11035 2.340444
11096 1.376656
11150 3.067142
11194 1.014108
11320 1.001988
11362 2.328706
11411 1.677686
11523 0.538355
11526 0.890195
11600 2.815081
11627 1.738384
