40

97 0.123710
109 0.167822
417 0.253566
458 0.101675
1160 0.298609
1688 0.290717
1942 0.298609
2259 0.116114
2504 0.173640
2543 0.155378
2690 0.132675
3211 0.233681
3818 0.095933
4545 0.372647
5601 0.176779
6167 0.151051
6864 0.059369
6874 0.068087
7001 0.184824
7061 0.065090
7859 0.082038
7937 0.203491
8048 0.485063
8485 0.151751
8784 0.126857
8785 0.115545
8826 0.024125
9370 0.208787
9718 0.191325
9770 0.139128
9974 0.168753
10036 0.100187
10077 0.180093
10276 0.110086
11015 0.146374
11228 0.155378
11233 0.173640
11521 0.146374
11600 0.047886
11604 0.331682
