36

111 0.811527
218 1.608050
467 1.226501
630 0.553693
1132 0.632874
1929 1.291226
1940 1.157033
1981 0.935610
1991 1.066286
2052 1.367316
2530 0.717195
2576 0.854723
2696 0.683388
3806 1.395961
5673 1.835294
6274 1.200565
6380 0.942504
7050 1.164353
7340 1.835294
7497 0.942504
7745 0.806418
8284 1.426630
8352 0.854723
8456 1.592256
8512 0.875061
8821 1.416165
8829 0.648479
9052 0.843514
9059 1.084969
9145 1.835294
9242 0.753857
10017 0.928824
10439 2.562293
11451 0.884078
11547 1.039414
11606 0.932204
