147

74 0.942504
148 1.120336
186 0.971228
228 1.349218
258 1.219870
297 1.182082
404 0.545260
455 1.507714
531 0.918840
552 2.003975
600 0.971228
665 0.632874
791 1.206905
1074 1.120336
1102 1.247022
1157 1.315138
1251 1.437354
1278 1.268562
1580 2.562293
1666 1.507714
1684 2.437354
1721 1.494316
1981 0.935610
1989 1.459631
1991 3.198859
2001 2.340444
2084 0.990196
2085 2.896699
2086 2.832330
2115 0.922143
2165 0.808965
2217 1.659203
2224 1.147320
2259 1.279891
2340 1.018225
2504 1.275986
2530 0.717195
2539 1.130929
2564 2.136324
2576 1.709445
2638 1.061691
2700 3.096105
2762 0.470040
2764 2.340444
2804 1.164353
2843 1.471212
3095 0.590708
3153 2.039414
3193 1.659203
3531 0.788994
3538 2.738384
3547 1.835294
3758 3.546245
3760 1.483112
3772 1.349218
3818 0.704960
3841 0.477121
3951 0.704960
3975 1.182082
3976 4.988090
4045 5.033059
4071 1.018225
4091 0.693061
4520 1.459568
4708 0.689166
4738 1.145093
4851 2.039414
5009 1.376656
5081 1.030814
5100 0.700958
5135 1.187620
5143 0.902694
5171 1.677686
5242 1.233234
5335 2.562293
5337 1.835294
5377 2.437354
5395 3.105278
5397 1.960233
5692 0.753857
5702 1.677686
5743 0.749380
5833 0.499085
5838 1.520900
6078 3.039414
6112 0.501595
6331 1.808965
6363 1.925471
6421 0.590708
6433 0.758381
6456 3.225672
6457 1.495346
6570 0.998021
6584 12.839672
6792 0.519586
6813 0.786561
7062 0.343932
7143 0.922143
7469 2.039414
7537 7.482135
7540 1.340444
7635 1.409921
7643 0.942504
7704 0.713078
7788 0.530212
7859 0.301427
7874 1.275986
8128 1.182082
8387 0.854723
8455 0.436270
8467 1.577016
8529 4.265145
8728 1.233234
8753 2.562293
8761 0.747158
8826 0.709131
8844 12.157656
8931 0.532719
8933 9.118242
8939 1.213339
9110 1.247022
9132 0.731918
9329 1.507935
9351 1.367316
9700 1.677686
9770 1.022381
10058 0.606445
10331 1.760661
10415 1.659203
10487 0.596934
10509 0.704960
10619 0.528869
10677 0.824570
10700 1.835294
10854 2.437354
10863 1.863323
10912 2.340444
11000 2.340444
11151 1.893286
11153 1.437354
11180 2.562293
11229 1.416165
11285 3.039414
11306 0.589165
11358 2.136324
11368 1.784142
11376 0.464226
