140

158 1.577016
407 1.998021
806 1.376656
992 1.158601
1034 2.738384
1250 3.726646
1285 1.349218
1385 1.048188
1487 0.838017
1489 1.592256
1523 2.439740
1637 1.835294
1643 2.087558
1666 1.507714
1704 1.548052
1872 0.638014
2038 1.835294
2082 1.577016
2084 1.980392
2165 0.808965
2248 2.283574
2264 1.437354
2304 1.109995
2421 3.945343
2493 1.998021
2507 1.141348
2518 0.824570
2522 2.562293
2524 1.048188
2627 3.826281
2752 1.483112
2770 1.717195
2926 3.041800
2927 1.624441
3111 2.437354
3150 1.176091
3171 1.471212
3203 0.565198
3300 2.437354
3385 1.784142
3413 4.680888
3567 0.711035
3691 0.742749
3768 2.738384
3841 0.477121
3846 2.136324
3952 1.136324
4195 1.170182
4196 0.734063
4205 1.226501
4211 0.912309
4217 1.147320
4288 5.476768
4315 0.756113
4451 0.878046
4617 1.471212
4623 1.534264
4644 1.562293
4645 1.061691
4653 2.738384
4738 1.717639
4796 1.182082
4875 1.520900
4928 1.624441
5050 0.945992
5067 1.164353
5178 1.665176
5241 1.696991
5256 1.340444
5324 0.971228
5384 2.085172
5394 0.497835
5468 1.194316
5491 0.404937
5496 0.978716
5625 1.534264
5714 1.426630
5734 0.562293
5833 0.499085
5855 1.835294
5867 5.426896
5926 1.397940
6070 0.742749
6112 1.504785
6151 1.641474
6180 2.194316
6240 1.448350
6509 1.213339
6543 2.194316
6559 0.998021
6738 4.874708
6792 0.519586
6812 1.226501
6828 0.717195
6864 2.617618
7111 0.998169
7385 1.539802
7425 1.760661
7643 0.942504
7656 1.315138
7709 0.679579
7794 1.448350
7826 1.299051
7859 0.602854
7872 1.416165
7904 2.551972
7915 1.043779
7985 1.863323
8203 1.863323
8227 0.816698
8240 1.534264
8281 1.367316
8316 2.738384
8334 1.376656
8463 3.840931
8554 1.835294
8605 0.738384
8931 0.266359
9034 1.233234
9059 0.542484
9093 6.646563
9329 1.507935
9453 2.738384
9520 1.520900
9551 1.893286
9680 1.893286
9755 1.534264
10076 2.562293
10242 7.186771
10352 0.971228
10433 1.052642
10475 1.619181
10507 2.044762
11121 0.600081
11146 2.170343
11306 0.589165
11332 1.430263
11502 1.014108
11523 0.538355
11620 1.085172
