131

7 0.062771
63 0.044012
127 0.066872
398 0.128096
401 0.074813
600 0.045186
697 0.038118
875 0.053121
894 0.113396
913 0.145074
965 0.044843
992 0.053903
1028 0.064048
1109 0.154386
1167 0.067908
1285 0.062771
1333 0.037756
1378 0.064492
1532 0.072517
1592 0.052123
2042 0.062771
2082 0.073369
2161 0.063613
2259 0.079395
2363 0.047565
2484 0.086690
2507 0.053100
2530 0.033367
2539 0.052616
2548 0.047761
2572 0.041131
2580 0.105203
2696 0.031794
2758 0.094882
2804 0.054171
2806 0.048157
2852 0.113396
3280 0.091198
3304 0.074813
3417 0.050043
3567 0.033080
3691 0.034556
3807 0.064492
3818 0.032798
3841 0.022198
3850 0.070566
4005 0.254704
4196 0.034152
4224 0.141406
4317 0.058345
4529 0.060808
4573 0.025303
5012 0.038486
5053 0.050263
5064 0.054995
5084 0.073369
5394 0.023161
5569 0.095521
5734 0.026160
5743 0.034864
5885 0.032891
5900 0.048358
5920 0.114750
5947 0.058017
6291 0.037518
6436 0.509334
6456 0.075036
6535 0.074813
6631 0.064492
6792 0.024173
6837 0.057693
6864 0.040594
7123 0.054171
7385 0.107457
7498 0.082689
7641 0.030088
7709 0.031617
7740 0.102089
7808 0.078053
7859 0.056095
7946 0.047761
7981 0.043057
8083 0.033080
8087 0.053903
8242 0.127401
8271 0.043057
8351 0.057375
8395 0.097011
8499 0.037051
8559 0.072684
8784 0.086740
8785 0.079006
8826 0.008248
8928 0.127401
8931 0.024784
9047 0.038610
9366 0.062363
9444 0.174753
9562 0.045710
9592 0.049824
9634 0.058017
9642 0.059716
9774 0.089013
9783 0.040437
9871 0.056450
9903 0.036936
10006 0.080877
10077 0.061571
10125 0.067383
10228 0.056450
10276 0.037636
10279 0.046803
10397 0.039373
10475 0.025110
10507 0.237827
10509 0.032798
10592 0.089581
10701 0.036594
10711 0.059019
10999 0.064946
11152 0.041559
11155 0.072684
11163 0.105203
11238 0.069570
11242 0.048766
11443 0.044012
11462 0.065411
11516 0.198782
11521 0.050043
11609 0.056450
11637 0.129638
