106

71 1.756092
99 1.090024
111 0.811527
268 1.247022
630 2.214771
697 0.819306
839 1.405946
1106 1.942457
1132 1.265748
1157 1.315138
1224 2.437354
1258 2.480147
1532 0.779343
1896 4.047654
1940 4.049614
1981 2.806831
2024 1.022381
2046 1.018225
2058 0.899535
2230 1.426630
2294 1.760661
2335 2.746687
2507 0.380449
2532 1.226501
2696 0.683388
2832 1.925471
3313 1.507935
3316 1.233234
3546 1.957433
3598 1.534264
3685 1.437354
4148 0.978716
4333 1.136324
4413 1.005990
4458 1.043779
4831 1.960233
4834 1.057143
4894 2.039414
4954 1.416165
5043 2.562293
5054 1.925471
5060 1.835294
5083 1.349218
5127 5.476768
5228 5.476768
5363 2.480147
5491 0.404937
5673 3.670588
5740 1.268562
5753 0.650248
5797 1.066286
5864 3.568283
6112 0.501595
6274 2.401130
6433 0.758381
6508 1.925471
6806 0.677686
7050 1.164353
7061 0.956625
7062 0.343932
7120 0.832588
7418 2.437354
7497 3.770016
7597 2.136324
7641 0.646717
7653 1.760661
7745 0.806418
7760 0.666502
7812 1.507935
7826 1.299051
7847 0.932204
7978 3.299685
7992 2.194316
8338 0.953054
8440 1.386202
8446 2.085172
8470 2.305847
8829 0.648479
8931 0.532719
9059 1.084969
9097 0.939044
9130 0.767573
9242 1.507714
9333 1.426630
9461 0.721351
9592 5.354656
9623 0.994091
9625 1.299051
9890 2.261263
9971 1.448350
9978 3.039414
10059 1.760661
10095 1.925471
10185 0.932204
10279 1.005990
10325 1.030814
10326 3.659590
10401 3.067142
10755 2.562293
11025 3.407396
11267 1.495346
11320 4.007950
11328 3.458770
11523 0.538355
11600 0.351885
11605 0.659203
