234

79 0.028691
173 0.049541
186 0.030218
194 0.045018
292 0.034696
318 0.025655
357 0.094567
447 0.037551
531 0.028588
586 0.023247
599 0.036048
642 0.054780
665 0.019691
676 0.094567
684 0.058907
734 0.045063
897 0.053543
917 0.035720
948 0.094567
965 0.029989
992 0.036048
994 0.045063
1085 0.064877
1158 0.159444
1231 0.063620
1269 0.029217
1284 0.033614
1393 0.068273
1402 0.070356
1498 0.079401
1542 0.025330
1544 0.052799
1561 0.115949
1605 0.027793
1643 0.032476
1656 0.075835
1666 0.023455
1766 0.039019
1796 0.045414
1981 0.029110
1994 0.033915
2154 0.021085
2174 0.088628
2290 0.047736
2313 0.042258
2339 0.035697
2340 0.031681
2452 0.097217
2473 0.063881
2484 0.057975
2486 0.050032
2497 0.050032
2507 0.023674
2543 0.035525
2666 0.182970
2720 0.032751
2762 0.014625
2772 0.041979
2956 0.047736
3048 0.039019
3095 0.018379
3179 0.024027
3275 0.038038
3286 0.043433
3370 0.276287
3371 0.148622
3415 0.043130
3417 0.033467
3446 0.064877
3482 0.030103
3568 0.056283
3588 0.072820
3611 0.153442
3621 0.083963
3683 0.033320
3685 0.044721
3787 0.044062
3898 0.064877
3926 0.030688
3975 0.183894
4037 0.168850
4091 0.021564
4110 0.030218
4127 0.068273
4181 0.047321
4195 0.036409
4196 0.045679
4315 0.094101
4362 0.127626
4377 0.094641
4466 0.063453
4507 0.066469
4516 0.102144
4520 0.022706
4538 0.034858
4573 0.067687
4610 0.081837
4708 0.042885
4734 0.019274
4764 0.035872
4908 0.055511
5003 0.079722
5012 0.025738
5032 0.044388
5050 0.029433
5084 0.049067
5112 0.029876
5135 0.018476
5394 0.030979
5491 0.012599
5496 0.030451
5693 0.078485
5712 0.030103
5732 0.024473
5753 0.020232
5821 0.028588
5869 0.098254
5885 0.021997
5926 0.043495
5949 0.028588
6071 0.019274
6111 0.250161
6112 0.015606
6129 0.060990
6185 0.060990
6211 0.038161
6237 0.085201
6239 0.054087
6317 0.043743
6361 0.046917
6415 0.028899
6445 0.046145
6458 0.094567
6587 0.019377
6678 0.170402
6792 0.080831
6794 0.054087
6812 0.190804
6816 0.030451
6838 0.034858
6864 0.027148
6874 0.062269
6961 0.079722
6965 0.035697
6980 0.074319
7008 0.027319
7035 0.117814
7061 0.044646
7062 0.010701
7082 0.035697
7217 0.024778
7400 0.063453
7460 0.030809
7498 0.022120
7549 0.090829
7580 0.039019
7583 0.051624
7641 0.040243
7704 0.244051
7738 0.033176
7758 0.030930
7760 0.020737
7761 0.037354
7809 0.054087
7847 0.029004
7864 0.109226
7899 0.220813
7904 0.039700
7931 0.051624
7957 0.072820
7988 0.060990
8007 0.026074
8009 0.050032
8175 0.045063
8183 0.043744
8241 0.031681
8348 0.047736
8455 0.013574
8506 0.094567
8605 0.022974
8609 0.060990
8628 0.104398
8650 0.040418
8757 0.094567
8931 0.066299
8964 0.085201
9031 0.055014
9059 0.016879
9062 0.033467
9105 0.033033
9132 0.022773
9144 0.115179
9221 0.075835
9222 0.094567
9255 0.043744
9262 0.054087
9280 0.108145
9326 0.051072
9475 0.106856
9568 0.033176
9677 0.078939
9729 0.041979
9767 0.035288
9788 0.050032
9856 0.059908
9871 0.075503
9957 0.044721
9993 0.050542
10097 0.059908
10185 0.058008
10279 0.031300
10337 0.264264
10397 0.052662
10458 0.040418
10507 0.127240
10509 0.043868
10555 0.042542
10690 0.072820
10735 0.048165
10925 0.066469
11064 0.066469
11121 0.018671
11306 0.036662
11320 0.031175
11332 0.022250
11362 0.072454
11371 0.068273
11376 0.043331
11411 0.052199
11451 0.055014
11532 0.020287
11536 0.041176
11543 0.039242
11600 0.043794
