139

23 1.018225
63 0.945992
65 1.534264
70 2.039414
318 0.824570
404 0.545260
467 1.226501
577 2.582452
637 1.275986
917 0.574031
960 2.132573
992 1.158601
1149 1.624441
1489 1.592256
1507 2.716346
1523 7.319221
1605 0.893286
1725 1.200565
1768 2.738384
2166 1.507935
2304 1.109995
2507 1.141348
2518 0.824570
2572 0.884078
2792 2.136324
2804 1.164353
3037 1.738384
3203 0.565198
3255 2.734633
3495 2.340365
3498 1.459631
3573 0.788994
3606 1.893286
3637 3.408972
3742 2.261263
3841 0.477121
3968 1.437354
4081 4.078828
4091 0.693061
4217 1.147320
4289 2.039414
4537 1.109995
4542 1.416165
4708 0.689166
4738 0.572546
4796 5.910408
5050 0.945992
5105 1.925471
5112 0.960233
5178 0.832588
5256 4.021332
5307 1.030814
5320 0.909080
5346 1.760661
5351 1.960233
5394 0.995670
5484 2.085172
5491 0.404937
5529 0.646717
5531 1.835294
5620 1.376656
5792 1.949912
5833 0.998169
5867 3.617930
5885 0.706976
5948 0.863323
5949 0.918840
6308 0.749380
6315 2.551972
6463 1.448350
6509 3.640018
6587 0.622774
6738 4.874708
6812 2.453002
6861 2.437354
6864 0.436270
6869 2.261263
6874 0.500338
6941 3.617930
7050 1.164353
7061 0.478313
7062 0.343932
7111 0.499085
7589 1.261263
7635 0.704960
7643 0.942504
7694 0.776963
7697 2.261263
7709 1.359157
7876 1.548052
7946 1.026577
8083 1.422069
8181 1.760661
8348 1.534264
8702 1.323411
8826 0.177283
8909 1.577016
8929 2.437354
8931 1.864516
9034 1.233234
9062 1.075626
9093 6.646563
9099 1.315138
9102 2.738384
9138 0.673926
9238 3.476768
9328 0.915562
9461 0.721351
9562 1.965019
9579 1.315138
10007 1.808965
10077 1.323411
10147 1.548052
10163 1.784142
10227 3.039414
10251 1.182082
10318 1.592256
10327 1.416165
10378 0.683388
10396 1.014108
10397 0.846290
10475 0.539727
10507 1.022381
10516 3.996043
10530 1.164353
10562 1.863323
10701 0.786561
10920 2.738384
11121 0.600081
11257 1.226501
11295 1.213339
11306 0.589165
11441 1.386202
11443 0.945992
11501 1.254084
11502 1.014108
11522 1.696991
11600 0.351885
11609 1.213339
