45

79 0.922143
194 0.723444
330 2.437354
359 1.696991
556 2.039414
697 0.819306
791 1.206905
917 1.722094
1157 1.315138
1609 1.115135
2174 0.949509
2762 0.470040
3286 1.395961
3304 1.608050
3370 1.109995
3611 0.986336
3818 0.704960
3975 1.182082
4195 1.170182
4211 0.912309
4433 1.960233
4784 1.677686
4943 0.572546
5491 0.404937
5712 0.967532
5732 0.786561
5949 0.918840
6112 0.501595
6148 2.194316
6317 0.702954
6792 0.519586
7061 0.478313
7062 0.343932
7498 0.355467
7705 1.893286
8767 1.409921
8871 1.188156
9031 0.884078
9144 0.925471
9280 1.158601
9593 0.949509
9679 1.520900
10337 4.246762
10338 2.261263
11376 0.464226
