74

79 0.922143
345 0.932204
475 1.349218
508 0.774596
531 1.837680
665 0.632874
791 1.206905
1195 1.808965
1284 1.080373
1766 1.254084
1798 1.176091
2174 1.899018
2340 1.018225
2452 1.562293
2473 1.026577
2543 1.141787
2585 1.471212
2651 0.784142
2666 1.960233
2973 2.738384
3095 0.590708
3370 1.109995
3371 1.592256
3432 1.471212
3818 0.704960
4091 0.693061
4196 0.734063
4552 1.548052
4573 0.543870
4858 1.592256
4943 1.145093
5012 0.827227
5163 1.659203
5491 0.404937
6148 2.194316
6317 0.702954
6864 0.436270
7009 1.717195
7061 0.478313
7498 0.710934
7583 1.659203
7594 3.015870
7632 5.476768
7704 2.852313
7761 1.200565
7899 1.774252
8007 0.838017
8387 1.709445
8650 1.299051
8871 1.188156
8931 0.532719
9031 1.768156
9144 0.925471
9326 1.641474
9359 2.136324
9390 1.998021
9677 1.268562
9679 1.520900
9767 0.567079
9871 2.426679
9907 1.520900
10185 0.932204
10276 0.808965
10337 3.185072
10458 2.598103
10500 1.426630
10720 1.677686
10842 2.738384
11153 1.437354
11306 2.356660
11362 2.328706
11371 2.194316
11438 2.194316
11609 1.213339
