129

52 0.070437
77 0.083754
79 0.081586
148 0.049561
268 0.055165
374 0.103535
438 0.071861
458 0.033052
531 0.040647
642 0.077887
659 0.078926
665 0.027997
791 0.213561
831 0.036244
916 0.080024
917 0.050787
1080 0.136964
1095 0.103535
1284 0.047793
1367 0.097071
1451 0.145229
1499 0.046566
1542 0.036014
1617 0.057120
1721 0.033052
1723 0.061322
1766 0.055477
1797 0.031097
1880 0.061754
1966 0.073399
2071 0.042965
2174 0.042004
2340 0.045044
2473 0.045413
2504 0.056446
2651 0.069377
3094 0.121139
3370 0.196413
3698 0.103535
3827 0.113349
3951 0.062371
3975 0.156877
4037 0.160048
4060 0.080024
4196 0.064946
4292 0.268912
4315 0.033448
4516 0.072615
4520 0.032284
4613 0.039933
4667 0.092243
4833 0.074216
4834 0.046765
4943 0.025328
5025 0.037193
5135 0.052537
5163 0.220196
5395 0.045790
5451 0.077887
5491 0.017913
5492 0.075964
5683 0.066707
5732 0.069591
5900 0.045981
5958 0.100032
6148 0.388283
6308 0.066301
6415 0.041089
6966 0.090218
7061 0.105797
7080 0.085178
7342 0.082429
7583 0.073399
7694 0.034371
7704 0.252358
7760 0.029484
7775 0.059298
7899 0.078488
8007 0.037072
8016 0.041541
8193 0.083754
8243 0.066150
8245 0.045981
8271 0.040940
8332 0.065609
8387 0.037811
8455 0.019299
8649 0.077887
8767 0.031186
8826 0.086268
8871 0.262805
8931 0.011783
9059 0.047996
9127 0.103535
9138 0.029813
9144 0.040940
9280 0.051253
9326 0.290458
9359 0.094505
9390 0.088387
9406 0.180437
9461 0.031911
9559 0.134456
9592 0.047375
9596 0.053675
9669 0.068532
9677 0.112236
9679 0.067281
9725 0.053675
9749 0.134456
9767 0.025086
9788 0.071136
9814 0.097071
9871 0.107350
10092 0.039244
10095 0.085178
10110 0.121139
10249 0.042639
10327 0.062647
10337 0.093933
10476 0.303857
10487 0.026407
10548 0.043976
10619 0.023396
10680 0.097071
10715 0.062647
10787 0.113349
10991 0.078926
11096 0.060900
