210

7 0.097883
23 0.036935
173 0.115514
198 0.041821
319 0.077493
404 0.019779
458 0.054205
531 0.099990
556 0.073977
642 0.063866
659 0.064718
665 0.045914
791 0.131337
831 0.029719
866 0.065618
897 0.031211
916 0.065618
917 0.041645
965 0.069926
1028 0.049937
1080 0.056154
1085 0.151274
1307 0.066573
1499 0.076367
1542 0.029531
1544 0.061556
1561 0.067590
1574 0.127732
1617 0.046838
1643 0.037862
1649 0.031959
1788 0.077493
1835 0.046838
1939 0.050999
1966 0.060186
2090 0.060186
2174 0.068885
2176 0.058330
2340 0.036935
2394 0.084897
2452 0.056670
2548 0.037238
2651 0.028444
2675 0.077493
2769 0.040450
2858 0.075637
2983 0.049598
3048 0.045490
3094 0.099332
3122 0.027759
3156 0.049937
3177 0.042027
3179 0.028012
3275 0.044347
3286 0.151911
3304 0.058330
3370 0.080528
3371 0.115514
3437 0.052138
3513 0.062289
3524 0.073977
3532 0.110251
3573 0.057240
3611 0.035778
3613 0.036491
3626 0.035096
3787 0.051370
3913 0.077493
3936 0.169794
3956 0.124578
3990 0.099332
4037 0.131236
4091 0.025140
4196 0.159764
4211 0.066186
4268 0.065618
4315 0.054854
4318 0.066573
4362 0.049598
4403 0.067590
4483 0.063866
4516 0.059543
4552 0.112308
4708 0.024999
4738 0.020768
5001 0.082025
5012 0.060013
5025 0.030497
5026 0.044982
5050 0.034315
5135 0.021540
5394 0.036117
5395 0.037547
5529 0.046918
5683 0.109397
5712 0.105288
5723 0.060186
5732 0.057063
5743 0.027183
5753 0.047174
5814 0.063866
5833 0.018104
5841 0.053366
5861 0.099332
5880 0.060599
5903 0.063866
5920 0.044734
5931 0.060856
6071 0.044940
6111 0.058330
6112 0.018195
6148 0.159192
6211 0.044490
6317 0.152993
6401 0.123113
6445 0.053798
6605 0.052946
6695 0.072476
6740 0.065618
6826 0.082025
6828 0.078046
6864 0.015825
6874 0.018149
6909 0.027102
7008 0.031850
7040 0.071105
7061 0.034700
7062 0.012476
7071 0.110251
7328 0.088412
7333 0.088412
7424 0.169794
7425 0.063866
7498 0.051577
7594 0.054699
7641 0.023459
7651 0.072476
7694 0.028183
7704 0.129330
7760 0.048353
7809 0.063058
7812 0.054699
7872 0.051370
7899 0.032179
7988 0.071105
8007 0.060796
8083 0.025792
8098 0.090469
8104 0.050283
8245 0.075407
8294 0.033570
8387 0.031004
8391 0.073977
8455 0.015825
8512 0.031742
8539 0.024243
8552 0.048311
8647 0.065618
8767 0.025572
8826 0.006431
8871 0.086198
8930 0.038022
8931 0.028986
8949 0.071105
9065 0.033211
9144 0.167852
9326 0.119085
9374 0.084897
9390 0.144952
9543 0.067590
9576 0.077493
9593 0.034442
9597 0.063866
9662 0.060856
9677 0.046016
9755 0.055654
9767 0.020570
9783 0.031527
9871 0.044012
9903 0.028798
10067 0.036935
10083 0.065618
10092 0.064359
10195 0.030698
10224 0.063058
10228 0.044012
10235 0.050999
10337 0.423627
10352 0.070460
10378 0.099156
10396 0.036786
10475 0.058734
10476 0.124578
10487 0.021653
10507 0.074171
10509 0.025572
10991 0.064718
11121 0.195905
11195 0.055654
11220 0.084897
11254 0.169794
11295 0.044012
11362 0.126707
11366 0.049598
11376 0.016839
11377 0.088980
11393 0.099332
11411 0.060856
11599 0.069844
11609 0.044012
