196

74 0.038510
103 0.049843
248 0.143877
297 0.048299
424 0.055493
458 0.030528
475 0.055128
530 0.087288
531 0.037543
586 0.030528
642 0.071939
659 0.072898
786 0.124187
791 0.049313
917 0.023454
965 0.039383
992 0.047339
1044 0.052758
1080 0.063252
1195 0.073912
1284 0.088286
1367 0.089657
1436 0.062688
1499 0.043010
1572 0.056249
1575 0.111887
1689 0.058729
1735 0.087288
1766 0.051240
1804 0.054073
1880 0.057037
1966 0.067793
2154 0.027690
2174 0.038796
2187 0.124187
2259 0.017432
2340 0.041604
2348 0.039087
2452 0.191501
2473 0.041945
2507 0.015545
2530 0.058608
2543 0.046652
2618 0.047574
2651 0.032039
2666 0.160186
2762 0.019205
2797 0.083328
3035 0.073912
3048 0.102481
3095 0.024136
3264 0.109538
3316 0.050389
3370 0.136060
3371 0.130116
3417 0.043949
3454 0.089657
3455 0.048547
3558 0.049313
3562 0.063834
3618 0.071939
3698 0.095628
3841 0.019495
3852 0.070163
3975 0.048299
4037 0.073912
4045 0.068548
4110 0.039683
4157 0.073912
4196 0.119972
4266 0.043010
4290 0.087288
4362 0.055867
4451 0.035876
4462 0.046652
4483 0.143877
4516 0.201206
4618 0.081637
4725 0.064435
4734 0.025310
4793 0.060112
4830 0.058291
4834 0.043194
4978 0.061098
5001 0.092393
5012 0.033800
5025 0.034352
5032 0.058291
5135 0.024262
5250 0.095628
5338 0.057863
5394 0.061023
5395 0.042293
5491 0.016545
5529 0.052848
5610 0.087288
5678 0.040301
5681 0.046878
5683 0.061613
5693 0.103068
5720 0.179315
5732 0.032138
5743 0.030619
5792 0.039836
5795 0.047812
5861 0.111887
5926 0.085677
5958 0.092393
5962 0.055128
6148 0.089657
6239 0.142057
6317 0.028722
6445 0.060598
6554 0.124187
6559 0.040778
6587 0.025446
6616 0.036754
6635 0.100777
6708 0.054073
6812 0.150340
6813 0.032138
6836 0.099588
6864 0.035651
6874 0.061330
6909 0.030528
7061 0.039087
7080 0.078673
7111 0.020392
7118 0.024976
7584 0.067069
7632 0.111887
7694 0.063492
7704 0.087407
7737 0.055493
7864 0.047812
7899 0.289976
7925 0.062142
7952 0.081637
7985 0.076133
8007 0.034240
8010 0.061613
8083 0.029052
8087 0.047339
8224 0.111887
8230 0.073912
8245 0.042469
8292 0.045776
8387 0.069846
8394 0.050389
8609 0.080093
8628 0.137097
8650 0.053078
8729 0.071028
8871 0.048547
8931 0.021766
8946 0.111887
8953 0.104692
8956 0.044143
9031 0.072245
9059 0.110827
9144 0.264696
9221 0.199175
9280 0.047339
9325 0.104692
9326 0.134138
9328 0.037409
9355 0.071939
9390 0.081637
9475 0.140325
9562 0.120433
9677 0.051832
9767 0.023170
9773 0.095628
9855 0.067069
9871 0.049576
9923 0.077358
10092 0.036247
10095 0.078673
10249 0.039383
10276 0.033053
10303 0.072898
10327 0.057863
10337 0.390415
10378 0.027922
10417 0.095628
10475 0.044105
10507 0.167093
10509 0.028804
10658 0.050668
11121 0.049037
11306 0.072218
11364 0.058729
11376 0.018968
11471 0.073912
11570 0.058291
11600 0.014378
