300

23 0.026842
158 0.041572
198 0.030393
204 0.034669
318 0.043474
404 0.014374
418 0.021737
455 0.019873
458 0.039392
477 0.043272
599 0.030542
600 0.025603
633 0.031816
763 0.086543
781 0.087478
798 0.034455
897 0.045365
984 0.067546
1002 0.034455
1042 0.147360
1073 0.057845
1130 0.051675
1157 0.034669
1172 0.050758
1258 0.032690
1274 0.038783
1307 0.048381
1464 0.038478
1609 0.029397
1636 0.029397
1637 0.048381
1644 0.061698
1649 0.023226
1666 0.019873
1686 0.052671
1736 0.238441
1760 0.039751
1797 0.018531
1831 0.020234
1854 0.080123
1872 0.016819
1991 0.028109
1993 0.049120
1997 0.039097
2002 0.033637
2005 0.030542
2028 0.040809
2037 0.067546
2071 0.025603
2073 0.036291
2082 0.083145
2108 0.054968
2115 0.024309
2118 0.049910
2151 0.119220
2161 0.036044
2185 0.031161
2188 0.054968
2259 0.078726
2318 0.048381
2339 0.030245
2350 0.049910
2405 0.034887
2539 0.029813
2548 0.027062
2550 0.021125
2566 0.061698
2584 0.057845
2626 0.062323
2720 0.027749
2769 0.029397
2770 0.045268
2805 0.037891
2817 0.043739
2927 0.042823
3006 0.046414
3014 0.026103
3144 0.041974
3149 0.059067
3151 0.051675
3177 0.030542
3179 0.020357
3203 0.044698
3233 0.040809
3259 0.054968
3287 0.043272
3300 0.128504
3340 0.072188
3386 0.032690
3401 0.388697
3402 0.418645
3414 0.029261
3455 0.031322
3473 0.020234
3502 0.049910
3531 0.020799
3567 0.018744
3573 0.041598
3621 0.023713
3658 0.080123
3694 0.032690
3720 0.072188
3772 0.035567
3818 0.018584
3850 0.079968
3860 0.064252
3904 0.119254
3951 0.092919
4005 0.115456
4091 0.018270
4118 0.061698
4121 0.065380
4196 0.019351
4215 0.026313
4263 0.080123
4266 0.027749
4267 0.041572
4352 0.075216
4413 0.026519
4437 0.038783
4451 0.023147
4566 0.021807
4663 0.046934
4866 0.024938
4901 0.023796
4903 0.040809
4906 0.047687
4969 0.030099
4970 0.036044
5058 0.049910
5079 0.119220
5122 0.049910
5141 0.042823
5143 0.023796
5174 0.039751
5212 0.057845
5324 0.025603
5336 0.072188
5562 0.036044
5569 0.162372
5628 0.067546
5679 0.040809
5689 0.022091
5692 0.019873
5734 0.074114
5762 0.039097
5797 0.028109
5807 0.041572
5826 0.119252
5827 0.036542
5885 0.018637
5933 0.072188
5934 0.052671
5948 0.022758
6070 0.019580
6071 0.016330
6112 0.039668
6205 0.038478
6227 0.030542
6291 0.042517
6308 0.019755
6395 0.061698
6436 0.216448
6456 0.085033
6540 0.051675
6568 0.019071
6583 0.044226
6587 0.016417
6792 0.027394
6816 0.025800
6828 0.037813
6864 0.034502
6909 0.019696
6934 0.038181
7060 0.049149
7062 0.018133
7072 0.037063
7126 0.060887
7182 0.035109
7263 0.041572
7377 0.100911
7395 0.061698
7434 0.135092
7490 0.037063
7498 0.028112
7678 0.059610
7701 0.064252
7707 0.056218
7709 0.053744
7788 0.013977
7859 0.055622
7861 0.018374
7887 0.025603
7892 0.046414
7911 0.065380
7946 0.027062
7989 0.027632
8065 0.057845
8083 0.018744
8087 0.030542
8234 0.033637
8237 0.061695
8239 0.047033
8259 0.044735
8272 0.023306
8281 0.036044
8334 0.036291
8340 0.057845
8352 0.022532
8368 0.052671
8382 0.027400
8394 0.032510
8404 0.013766
8457 0.062968
8462 0.032332
8511 0.049910
8539 0.017619
8563 0.038478
8684 0.033441
8722 0.064252
8761 0.019696
8826 0.037387
8856 0.056317
8874 0.104661
8931 0.007022
8959 0.029955
8975 0.059610
8997 0.080123
9022 0.048381
9047 0.021877
9059 0.014301
9110 0.032873
9115 0.029127
9116 0.031161
9144 0.024397
9184 0.042391
9189 0.038181
9359 0.056317
9381 0.029672
9444 0.024755
9461 0.019016
9462 0.043272
9568 0.028109
9569 0.061698
9595 0.053762
9618 0.025313
9635 0.040809
9660 0.067546
9669 0.020419
9748 0.047033
9767 0.014949
9770 0.053903
9856 0.050758
9903 0.020928
9943 0.046414
9944 0.031161
9971 0.038181
10006 0.045826
10015 0.084327
10030 0.040445
10058 0.031974
10127 0.061698
10170 0.064252
10195 0.022309
10276 0.021326
10397 0.022309
10401 0.026951
10475 0.014228
10489 0.051675
10505 0.039751
10509 0.018584
10581 0.036542
10619 0.013942
10701 0.020735
10887 0.367853
10890 0.024536
10958 0.054968
11152 0.023548
11162 0.033060
11206 0.056317
11242 0.027632
11256 0.020545
11290 0.040809
11306 0.015531
11314 0.049910
11357 0.054968
11360 0.080123
11365 0.049910
11376 0.012238
11386 0.035567
11396 0.024846
11397 0.102805
11438 0.057845
11458 0.022532
11523 0.014192
11532 0.017188
11600 0.027829
11636 0.122776
11637 0.293822
11638 0.049120
