63

665 1.265748
697 0.819306
917 0.574031
1044 1.291226
1080 1.548052
1231 3.067142
1499 1.052642
1766 2.508169
2174 0.949509
2452 4.686879
2530 0.717195
3274 1.520900
3370 3.329986
3371 1.592256
4049 3.039414
4196 0.734063
4537 1.109995
4708 0.689166
5012 0.827227
5025 0.840757
5032 4.279891
5110 1.808965
5461 3.039414
5491 0.809874
5693 1.261263
5720 2.194316
5732 2.359683
6308 0.749380
6504 0.872097
6635 1.233234
6813 0.786561
6874 0.500338
6998 2.085172
7061 1.434938
7704 1.426157
7758 0.994091
7760 0.666502
7783 1.448350
7899 2.661377
7925 1.520900
8007 1.676034
8455 0.436270
8647 1.808965
8650 3.897154
8866 2.085172
9031 1.768156
9059 0.542484
9093 0.949509
9144 1.850942
9562 0.982509
9593 0.949509
9677 1.268562
9684 6.078828
9767 0.567079
9774 0.956629
9865 0.796376
9871 1.213339
10015 1.066286
10089 6.078828
10092 1.774252
10337 3.185072
10745 1.659203
11547 1.039414
