161

26 0.033951
74 0.059759
98 0.169018
109 0.039096
111 0.025727
404 0.103715
536 0.057436
573 0.077269
598 0.052600
630 0.070213
639 0.062144
665 0.020063
689 0.080432
1044 0.081869
1132 0.080254
1385 0.033230
1489 0.050478
1495 0.101957
1609 0.035352
1633 0.041183
1721 0.047373
1744 0.045227
1816 0.090454
1835 0.040935
1895 0.047406
1929 0.163738
1940 0.165062
1981 0.207626
1991 0.169018
2024 0.032412
2046 0.032280
2052 0.130041
2115 0.029234
2161 0.043347
2335 0.058051
2359 0.186431
2507 0.024122
2550 0.076215
2554 0.043057
2576 0.108386
2651 0.049718
2696 0.108324
2708 0.065629
2762 0.014901
2769 0.035352
2833 0.071687
2974 0.047406
3177 0.036730
3259 0.066104
3492 0.021972
3546 0.031027
3603 0.110221
3691 0.047093
3806 0.044255
3807 0.087891
3818 0.022349
3841 0.030252
3951 0.044697
4086 0.193961
4110 0.030790
4359 0.101852
4481 0.060021
4566 0.026225
4582 0.047406
4623 0.048639
4834 0.067027
4916 0.040216
4943 0.018151
4978 0.047406
5042 0.198112
5064 0.037475
5081 0.065358
5084 0.049995
5135 0.037650
5325 0.049077
5491 0.012837
5504 0.057348
5673 0.174548
5714 0.045227
5743 0.023757
5749 0.122691
5753 0.020614
5833 0.031644
5864 0.056561
5880 0.026481
6071 0.019638
6336 0.061042
6358 0.077269
6421 0.037453
6587 0.019743
6802 0.031892
6806 0.107420
6864 0.082984
7050 0.036912
7061 0.060654
7062 0.087227
7120 0.052790
7143 0.087702
7263 0.049995
7297 0.048639
7389 0.045227
7497 0.089638
7528 0.116017
7641 0.061507
7745 0.051130
7760 0.021130
7835 0.086813
7864 0.037097
7874 0.080903
7915 0.033090
7918 0.049077
7948 0.043643
7973 0.053798
7978 0.034869
8007 0.026567
8027 0.043057
8083 0.045083
8139 0.071687
8150 0.139476
8227 0.025891
8245 0.032952
8338 0.120855
8352 0.135483
8455 0.055323
8512 0.027741
8529 0.033804
8552 0.380001
8554 0.058183
8766 0.069564
8826 0.028101
8829 0.020558
8931 0.008444
9052 0.053482
9059 0.068792
9097 0.029770
9107 0.040935
9189 0.045916
9226 0.071687
9270 0.034100
9273 0.077269
9333 0.045227
9393 0.064654
9625 0.041183
9725 0.038465
9865 0.075740
9913 0.074197
10011 0.058183
10017 0.029446
10027 0.086813
10517 0.045227
11124 0.052600
11267 0.047406
11320 0.031765
11324 0.058183
11376 0.014717
11377 0.038883
11451 0.056054
11547 0.032952
11568 0.042773
11605 0.083593
11606 0.029553
