114

36 0.071147
97 0.048872
318 0.044329
346 0.054476
356 0.147216
455 0.040528
600 0.104427
630 0.029767
1007 0.059131
1087 0.163400
1573 0.095916
1796 0.078470
1797 0.037791
1798 0.063227
1872 0.137199
1940 0.031101
2046 0.054740
2135 0.109640
2259 0.022936
2319 0.076133
2507 0.040906
2548 0.110378
2651 0.084311
2696 0.036739
2762 0.025270
3177 0.062287
3236 0.366898
3263 0.094654
3264 0.072063
3401 0.072063
3498 0.078470
3499 0.081067
3951 0.075798
4091 0.037259
4215 0.026831
4359 0.057574
4542 0.076133
4677 0.029016
4820 0.131033
4954 0.076133
5012 0.088944
5053 0.058081
5081 0.055417
5168 0.130459
5178 0.044760
5180 0.163400
5181 0.107414
5182 0.125823
5333 0.107414
5396 0.125823
5445 0.147216
5460 0.067040
5491 0.021770
5624 0.059131
5753 0.034958
5903 0.094654
5926 0.037577
6058 0.101784
6065 0.073016
6274 0.064543
6331 0.097251
6568 0.038893
6799 0.073016
6874 0.026898
7061 0.025714
7062 0.073960
7118 0.032863
7150 0.052616
7165 0.059950
7498 0.019110
7528 0.065581
7760 0.035831
7812 0.081067
7813 0.121566
7862 0.051622
7931 0.089199
7978 0.059131
8007 0.045052
8245 0.111758
8272 0.095057
8404 0.028075
8457 0.064207
8692 0.441649
8728 0.066299
8826 0.057185
8829 0.034862
9059 0.087492
9104 0.048023
9270 0.057826
9592 0.057574
9625 0.069837
9669 0.124928
9725 0.065230
9767 0.045729
10011 0.098666
10017 0.049934
10096 0.079733
10326 0.078696
10378 0.036739
10401 0.329781
10487 0.096274
10596 0.192620
10604 0.077864
10698 0.097251
10754 0.163400
10858 0.131033
10890 0.025019
11076 0.117967
11096 0.074010
11320 0.107734
11332 0.038446
11377 0.065937
11526 0.047857
11605 0.035439
