64

74 0.082983
359 0.149412
508 0.136399
539 0.225597
634 0.108580
638 0.164056
697 0.072136
1269 0.082678
1804 0.233040
1876 0.267605
1880 0.122908
1986 0.099104
1992 0.241101
2154 0.059667
2335 0.080611
2340 0.089650
2543 0.100529
2554 0.119580
2651 0.069040
3056 0.149412
3264 0.118020
3351 0.096403
3370 0.195459
3371 0.140190
3823 0.111691
4211 0.160649
4333 0.200096
4362 0.120385
4663 0.078377
4743 0.175916
5032 0.628039
5059 0.143024
5100 0.061716
5324 0.085512
5395 0.091135
5468 0.105154
5480 0.267605
5892 0.118020
5903 0.155018
5988 0.345178
6066 0.155018
6311 0.412129
6317 0.061892
7039 0.110416
7062 0.030282
7257 0.159271
7760 0.058682
7899 0.156214
8539 0.058845
8931 0.070355
9031 0.077839
9095 0.105154
9144 0.081483
9146 0.137552
9688 0.115791
9774 0.084226
9926 0.146085
10055 0.398186
10083 0.159271
10337 0.186953
10487 0.105114
10658 0.109182
10711 0.111691
11523 0.047400
