119

26 1.070931
74 4.712521
97 0.909080
98 2.132573
108 1.170182
111 0.811527
123 1.459631
418 0.824570
423 1.240074
424 1.358173
476 1.784142
536 0.905875
586 0.747158
596 2.716346
600 0.971228
630 1.107385
1132 0.632874
1135 1.283539
1280 2.085172
1495 1.608050
1631 2.039414
1633 1.299051
1721 1.494316
1816 1.426630
1831 0.767573
1895 1.495346
1929 9.038583
1940 2.892581
1981 2.806831
1991 2.132573
2058 0.899535
2091 1.219870
2313 1.358173
2335 1.831125
2507 0.760899
2548 1.026577
2576 2.564168
2696 0.683388
2708 1.035093
2762 0.940080
2833 2.261263
2851 1.170182
2974 1.495346
3384 1.349218
3436 1.367316
3473 0.767573
3691 0.742749
4091 0.693061
4359 1.070931
4458 1.043779
4566 1.654453
4582 1.495346
4938 1.367316
4943 0.572546
5042 4.686879
5135 0.593810
5178 0.832588
5325 1.548052
5394 0.497835
5491 0.404937
5504 1.808965
5673 1.835294
5732 1.573122
5740 1.268562
5749 1.935064
5790 1.960233
5864 3.568283
6227 1.158601
6277 2.039414
6421 0.590708
6802 1.005990
6806 2.710745
6864 1.308809
7061 0.956625
7062 1.375730
7120 0.832588
7217 0.796376
7528 1.219870
7641 1.293434
7760 0.666502
7862 0.960233
7867 1.495346
8009 1.608050
8027 1.358173
8083 1.422069
8227 0.816698
8338 0.953054
8387 0.854723
8455 1.308809
8499 0.796376
8529 2.132573
8552 6.659220
8766 2.194316
8826 0.886414
8829 0.648479
8919 2.281982
9052 0.843514
9059 1.084969
9097 0.939044
9138 0.673926
9145 1.835294
9226 2.261263
9242 0.753857
9279 1.367316
9623 0.994091
9725 1.213339
10017 0.928824
10326 0.731918
10487 0.596934
10701 0.786561
11025 0.681479
11124 1.659203
11306 1.767495
11376 0.464226
11451 0.884078
11459 1.659203
11523 0.538355
11605 0.659203
11620 1.085172
