126

7 4.047654
74 0.942504
127 1.437354
194 0.723444
298 1.677686
308 0.915562
318 0.824570
341 3.039414
359 1.696991
398 1.376656
642 1.760661
895 0.846290
1663 2.194316
1766 1.254084
1880 1.395961
1992 2.738384
2068 3.039414
2161 1.367316
2274 2.261263
2279 1.760661
2452 1.562293
2473 1.026577
2484 1.863323
2507 0.380449
2530 0.717195
2680 1.507935
2720 1.052642
3095 0.590708
3137 1.863323
3235 2.039414
3299 1.760661
3351 1.094931
3370 5.549976
3371 1.592256
3749 3.039414
3824 2.738384
3936 4.680888
3992 1.960233
4148 0.978716
4196 0.734063
4253 2.194316
4315 0.756113
4333 5.681621
4451 1.756092
4462 1.141787
4516 3.282948
4725 3.154032
4990 2.738384
5032 8.559782
5059 1.624441
5135 1.187620
5159 2.562293
5394 0.995670
5496 1.957433
5692 0.753857
5743 0.749380
5892 1.340444
5988 3.920466
6066 7.042642
6289 2.562293
6311 9.361776
6401 3.393983
6635 1.233234
6740 1.808965
6874 1.000676
7061 0.956625
7062 2.063595
7212 1.717195
7219 2.562293
7257 1.808965
7593 8.215152
7641 0.646717
7899 8.871258
8016 0.939044
8030 1.696991
8245 1.039414
8387 0.854723
8404 1.044436
8539 0.668346
8561 2.340444
8601 1.760661
8650 1.299051
8729 1.738384
8931 1.331797
9059 1.084969
9138 0.673926
9144 2.776412
9264 2.630276
9281 1.784142
9357 1.376656
9448 2.340444
9490 2.738384
9562 0.982509
9579 1.315138
9639 2.085172
9669 0.774596
9677 1.268562
9725 1.213339
9729 1.349218
9767 0.283539
9855 3.282948
9871 1.213339
9872 1.141787
10054 3.920466
10055 2.261263
10083 1.808965
10337 2.123381
10378 0.683388
10475 0.539727
10507 2.044762
10509 0.704960
10530 1.164353
10658 2.480147
10701 0.786561
10766 3.039414
10818 1.299051
10963 5.476768
10988 2.738384
11153 1.437354
11254 4.680888
11371 2.194316
11376 0.928453
11411 1.677686
11526 0.890195
11566 1.405946
11568 1.349218
