168

5 0.047909
23 0.033158
71 0.028593
190 0.255336
359 0.055262
438 0.105798
508 0.025224
539 0.083440
593 0.103702
642 0.057335
665 0.020609
697 0.026680
917 0.018693
1080 0.050412
1368 0.069568
1487 0.054579
1552 0.396856
1666 0.024549
1723 0.045141
1766 0.040839
1804 0.129289
1880 0.045459
2090 0.054031
2154 0.022069
2165 0.026344
2335 0.029815
2340 0.066316
2452 0.101751
2519 0.042827
2651 0.102141
2693 0.066412
2762 0.015307
2792 0.069568
2834 0.063834
2941 0.076215
2950 0.045459
2974 0.048695
3038 0.054031
3095 0.038472
3137 0.060678
3351 0.035656
3370 0.108439
3419 0.056610
3423 0.030137
3535 0.032760
3818 0.022957
3951 0.022957
3975 0.115482
4037 0.058908
4045 0.054633
4060 0.058908
4110 0.031628
4159 0.079371
4196 0.023904
4333 0.148015
4419 0.060678
4483 0.057335
4516 0.106908
4520 0.023765
4582 0.048695
4725 0.051355
4734 0.020172
4743 0.065065
4747 0.041552
4784 0.054633
4830 0.046457
4922 0.079371
4969 0.074363
5025 0.027379
5026 0.040382
5032 0.557490
5050 0.030806
5135 0.019337
5143 0.029396
5163 0.162093
5324 0.031628
5338 0.046117
5395 0.067415
5485 0.050412
5683 0.049105
5692 0.024549
5737 0.060678
5743 0.024403
5753 0.084700
5792 0.031749
5821 0.059843
5833 0.016252
5892 0.043651
5988 0.191502
6066 0.172005
6281 0.078604
6311 0.609723
6367 0.045784
6380 0.030692
6482 0.098977
6708 0.129289
6715 0.055920
6858 0.036828
6866 0.055920
7039 0.040839
7061 0.015576
7062 0.011200
7257 0.176724
7400 0.132825
7428 0.042303
7498 0.023151
7593 0.089174
7624 0.069568
7641 0.021060
7704 0.069663
7814 0.066412
7870 0.076215
7899 0.115555
7911 0.080765
7992 0.071457
8181 0.057335
8271 0.030137
8387 0.027834
8404 0.017006
8455 0.042621
8539 0.021764
8601 0.057335
8609 0.063834
8628 0.054633
8650 0.169212
8673 0.059765
8702 0.086192
8826 0.080824
8871 0.077383
8919 0.049541
8931 0.008674
8956 0.035182
9031 0.028790
9095 0.038892
9105 0.034573
9130 0.074987
9138 0.021946
9144 0.060275
9146 0.050875
9154 0.121356
9280 0.037729
9281 0.058100
9669 0.025224
9677 0.041310
9767 0.018467
9783 0.056607
9856 0.125404
9871 0.039512
9993 0.052899
10055 0.589095
10083 0.058908
10337 0.103720
10458 0.042303
10487 0.019439
10509 0.022957
10547 0.167759
10630 0.062702
10658 0.040382
10890 0.015155
11096 0.044830
11295 0.039512
11306 0.019186
11362 0.037917
11376 0.015117
11523 0.035062
11526 0.028989
11566 0.045784
11600 0.057295
