150

26 1.070931
74 4.712521
97 0.909080
98 3.198859
108 1.170182
111 0.811527
123 1.459631
418 0.824570
423 1.240074
424 1.358173
455 0.753857
476 1.784142
536 0.905875
586 0.747158
596 2.716346
600 0.971228
630 1.661078
917 0.574031
1132 0.632874
1135 1.283539
1280 2.085172
1495 3.216101
1631 2.039414
1633 1.299051
1721 1.494316
1816 2.853261
1831 0.767573
1895 1.495346
1929 9.038583
1940 2.892581
1981 2.806831
1991 2.132573
2052 1.367316
2053 1.548052
2058 0.899535
2091 1.219870
2313 1.358173
2335 1.831125
2348 0.956629
2507 0.760899
2548 1.026577
2576 2.564168
2696 0.683388
2708 1.035093
2762 1.410121
2832 1.925471
2833 2.261263
2851 1.170182
2974 1.495346
3162 1.835294
3177 1.158601
3384 1.349218
3436 1.367316
3473 0.767573
3492 0.693061
3568 1.808965
3691 0.742749
4091 0.693061
4359 1.070931
4458 1.043779
4566 1.654453
4582 1.495346
4593 1.863323
4938 1.367316
4942 2.437354
4943 0.572546
5042 4.686879
5135 1.781430
5178 0.832588
5325 1.548052
5394 0.497835
5491 0.404937
5504 1.808965
5673 1.835294
5732 1.573122
5740 1.268562
5749 1.935064
5790 1.960233
5864 5.352425
6227 1.158601
6277 2.039414
6421 0.590708
6525 2.340444
6798 5.994064
6802 1.005990
6806 4.743804
6864 1.308809
6946 2.085172
7061 2.391564
7062 2.063595
7120 0.832588
7217 0.796376
7350 1.659203
7497 0.942504
7528 1.219870
7641 1.293434
7760 0.666502
7761 3.601695
7812 1.507935
7847 0.932204
7862 0.960233
7867 1.495346
8009 1.608050
8027 2.716346
8083 1.422069
8104 1.386202
8227 0.816698
8245 1.039414
8284 1.426630
8338 0.953054
8377 1.254084
8387 0.854723
8455 2.181349
8499 0.796376
8529 2.132573
8552 6.659220
8653 1.080373
8766 2.194316
8826 1.240979
8829 0.648479
8919 2.281982
8924 2.426679
8931 0.266359
9052 0.843514
9059 1.627453
9097 1.878087
9138 0.673926
9145 1.835294
9226 2.261263
9242 2.261570
9279 1.367316
9370 1.534264
9623 0.994091
9725 1.213339
10017 0.928824
10036 0.736218
10185 0.932204
10326 0.731918
10487 0.596934
10701 0.786561
11025 0.681479
11124 1.659203
11306 1.767495
11332 0.715132
11376 0.464226
11451 0.884078
11459 1.659203
11523 0.538355
11605 0.659203
11620 1.085172
