39

71 0.878046
74 0.942504
586 0.747158
630 0.553693
1132 0.632874
1280 2.085172
1495 1.608050
1631 2.039414
1666 0.753857
1929 1.291226
1940 0.578516
1981 0.935610
2576 0.854723
4566 0.827227
5042 3.124586
5529 0.646717
5673 3.670588
5885 0.706976
5926 0.698970
5948 0.863323
6806 0.677686
7061 0.956625
7062 0.343932
7497 0.942504
7641 0.646717
7761 1.200565
8027 1.358173
8552 1.331844
8829 0.648479
8931 0.532719
9052 0.843514
9059 1.084969
9242 1.507714
9625 1.299051
10017 0.928824
11025 0.681479
11306 0.589165
11332 0.715132
11451 0.884078
