36

5 0.202087
418 0.113263
602 0.200496
913 0.142775
1074 0.153890
2042 0.185329
2082 0.216620
2572 0.121437
3179 0.106076
3203 0.155272
4573 0.074706
5569 0.141011
5734 0.077237
6436 0.375946
6864 0.059926
7126 0.211508
7385 0.105754
7498 0.048827
7641 0.088833
7788 0.072830
7861 0.095739
8378 0.351958
8761 0.102630
8931 0.036587
9104 0.122702
9329 0.207131
9444 0.128988
9521 0.203721
9634 0.342583
9767 0.038947
9903 0.109051
9904 0.245071
10711 0.174250
11151 0.260063
11242 0.143980
11637 0.127584
