41

345 0.932204
508 0.774596
531 0.918840
552 1.001988
665 0.632874
1487 0.838017
1666 0.753857
1766 1.254084
2339 1.147320
2452 3.124586
2473 1.026577
2530 0.717195
2543 1.141787
2995 1.495346
3370 1.109995
3818 1.409921
3975 1.182082
5012 0.827227
5032 1.426630
5732 0.786561
6317 0.702954
6559 0.998021
6570 0.998021
6708 1.323411
7061 0.478313
7062 0.343932
7704 0.713078
7899 0.887126
8271 0.925471
8455 0.436270
8512 0.875061
8563 1.459631
8650 1.299051
8931 0.266359
9144 0.925471
9262 1.738384
10337 1.061691
10458 1.299051
10711 1.268562
11306 1.178330
11544 1.624441
