44

63 0.945992
98 3.198859
123 4.378892
404 0.545260
477 1.641474
630 0.553693
1106 0.971228
1135 1.283539
1495 1.608050
1896 1.349218
1940 1.157033
1981 2.806831
2052 1.367316
2062 1.331844
2335 0.915562
2550 0.801368
2833 2.261263
3531 0.788994
3633 1.219870
5491 0.404937
5504 1.808965
5864 1.784142
6071 0.619458
6798 1.998021
6806 0.677686
7050 1.164353
7061 0.478313
7062 0.343932
7497 0.942504
7509 1.893286
8027 1.358173
8183 1.405946
8284 2.853261
8552 1.331844
8653 1.080373
8829 0.648479
9242 1.507714
9461 0.721351
9592 1.070931
10017 0.928824
10279 1.005990
10903 1.548052
11025 0.681479
11605 0.659203
