104

12 2.340444
79 0.922143
111 4.057637
186 0.971228
206 1.863323
346 0.506660
404 0.545260
423 1.240074
447 1.206905
458 0.747158
665 0.632874
1053 2.003975
1132 1.265748
1198 1.624441
1333 0.811527
1555 1.696991
1777 1.405946
1803 1.254084
1831 0.767573
1883 2.437354
1940 0.578516
2058 0.899535
2073 1.376656
2112 1.760661
2455 0.851893
2696 1.366777
2700 3.096105
2704 2.039414
3121 0.784142
3203 1.695594
3464 1.426630
3473 0.767573
3492 1.386122
3818 0.704960
4215 0.499085
4458 1.043779
4550 1.291226
4729 1.200565
4943 0.572546
5491 0.404937
5734 1.124586
5807 1.577016
5811 2.562293
5857 2.240672
5880 0.835294
5885 0.706976
5919 1.624441
5988 1.960233
6060 0.971228
6308 0.749380
6415 0.928824
6550 2.562293
6587 0.622774
6704 1.808965
6813 0.786561
6816 0.978716
6874 0.500338
6965 2.294639
7061 0.478313
7062 2.407527
7126 1.539802
7385 5.389308
7635 0.704960
7694 0.776963
7704 0.713078
7794 1.448350
7861 0.696991
7991 1.562293
8083 0.711035
8109 6.078828
8141 2.738384
8227 0.816698
8245 1.039414
8294 0.925471
8382 2.078828
8641 1.254084
8760 3.039414
8761 1.494316
8826 0.709131
8829 0.648479
9043 2.437354
9059 1.084969
9070 5.476768
9461 0.721351
9521 5.932446
9593 2.848527
9614 1.784142
9618 0.960233
10017 0.928824
10036 1.472436
10092 0.887126
10228 1.213339
10509 0.704960
10517 1.426630
10548 0.994091
10799 2.562293
10887 1.268562
10891 1.677686
11194 1.014108
11376 0.464226
11521 1.075626
11547 1.039414
11605 3.296014
11606 0.932204
