42

26 1.070931
111 0.811527
123 2.919261
620 1.863323
1132 1.265748
1940 0.578516
1981 0.935610
2053 1.548052
2690 0.974956
2708 1.035093
3423 0.925471
3761 1.188156
5135 0.593810
5491 0.404937
5673 1.835294
5964 1.659203
6750 1.960233
6806 0.677686
6878 1.275986
7050 1.164353
7061 0.478313
7263 1.577016
7745 0.806418
7761 1.200565
7812 1.507935
7913 1.534264
8027 1.358173
8186 1.548052
8284 1.426630
8377 1.254084
8653 1.080373
8829 0.648479
8931 0.532719
9059 1.084969
9145 1.835294
9242 0.753857
10185 0.932204
10326 0.731918
11025 0.681479
11332 0.715132
11547 1.039414
11605 0.659203
