38

111 0.811527
123 1.459631
965 0.963867
1132 1.265748
1940 0.578516
2052 1.367316
2053 1.548052
2696 0.683388
3177 1.158601
3492 0.693061
5135 0.593810
5491 0.404937
5964 1.659203
6525 2.340444
6750 1.960233
6806 1.355373
6878 1.275986
7050 1.164353
7061 0.956625
7263 1.577016
7745 0.806418
7761 1.200565
7812 1.507935
7913 1.534264
8027 1.358173
8186 1.548052
8377 1.254084
8455 0.436270
8456 1.592256
8653 1.080373
8829 0.648479
9059 0.542484
9145 1.835294
10036 0.736218
10326 0.731918
11332 0.715132
11547 1.039414
11606 0.932204
