375

23 0.068910
26 0.024159
56 0.051012
91 0.068566
103 0.027519
122 0.022079
123 0.065855
139 0.027519
148 0.025274
151 0.086873
185 0.067467
194 0.016320
199 0.030437
204 0.059336
217 0.018249
218 0.036276
308 0.020654
318 0.018601
345 0.021030
373 0.032928
404 0.024601
455 0.017006
512 0.031271
513 0.061775
531 0.041456
556 0.046007
595 0.040808
630 0.024981
689 0.028617
757 0.039216
848 0.054984
857 0.026137
965 0.021744
992 0.026137
993 0.048193
1002 0.088455
1093 0.031717
1102 0.028132
1280 0.047039
1321 0.094079
1333 0.036614
1336 0.036276
1344 0.048193
1358 0.068566
1385 0.189168
1456 0.019154
1464 0.098783
1484 0.037030
1532 0.035162
1534 0.061775
1605 0.020152
1633 0.029305
1636 0.025156
1641 0.029305
1704 0.034922
1744 0.032183
1755 0.068566
1820 0.035576
1831 0.017316
1872 0.014393
1874 0.035576
1929 0.029129
1939 0.031717
1940 0.013051
1973 0.038282
1995 0.025758
2016 0.041402
2024 0.023064
2064 0.027227
2076 0.032673
2084 0.022338
2085 0.032673
2122 0.049501
2146 0.148120
2154 0.015288
2156 0.036646
2212 0.086873
2230 0.128733
2300 0.048193
2304 0.025040
2335 0.061962
2348 0.086322
2372 0.082805
2405 0.029855
2422 0.068566
2479 0.274921
2539 0.051025
2548 0.023158
2550 0.018078
2575 0.021581
2576 0.096408
2601 0.034017
2651 0.017689
2680 0.204105
2696 0.154165
2702 0.042711
2720 0.047493
2740 0.068566
2752 0.033457
2800 0.048193
2974 0.033733
3034 0.030639
3048 0.028291
3095 0.013326
3102 0.036276
3111 0.164952
3122 0.017263
3178 0.054984
3205 0.127789
3240 0.068566
3275 0.027580
3276 0.052798
3282 0.093168
3289 0.060478
3316 0.027820
3351 0.024700
3397 0.054984
3465 0.196081
3473 0.017316
3479 0.038738
3482 0.021827
3485 0.033733
3531 0.053397
3535 0.022694
3573 0.035598
3596 0.048193
3626 0.043653
3641 0.061775
3661 0.081617
3681 0.026137
3682 0.170842
3711 0.061775
3727 0.036276
3761 0.053607
3770 0.030437
3806 0.031491
3841 0.010763
3971 0.064850
3999 0.068566
4006 0.068566
4039 0.068566
4091 0.062539
4110 0.021910
4176 0.039719
4196 0.033119
4273 0.040808
4315 0.017057
4317 0.028291
4362 0.123381
4413 0.022694
4423 0.044221
4506 0.051012
4520 0.016463
4573 0.012269
4613 0.040728
4645 0.023951
4677 0.012176
4706 0.068566
4769 0.078026
4830 0.032183
4901 0.061091
4928 0.036646
4943 0.012916
4954 0.031947
4964 0.023848
4987 0.035920
4996 0.068566
5012 0.018661
5015 0.057803
5030 0.137132
5038 0.051012
5053 0.024372
5064 0.053333
5154 0.040808
5178 0.037565
5284 0.039719
5320 0.020508
5394 0.044923
5441 0.049501
5450 0.068566
5491 0.009135
5532 0.020013
5632 0.041402
5679 0.034922
5732 0.053232
5734 0.012685
5743 0.016905
5817 0.031271
5833 0.078812
5869 0.023746
5881 0.051012
5885 0.015949
5920 0.027820
5950 0.102023
5964 0.037430
6060 0.021910
6063 0.040808
6065 0.030639
6066 0.039719
6070 0.033511
6071 0.013974
6112 0.033946
6162 0.065346
6270 0.051012
6291 0.018192
6308 0.016905
6415 0.041907
6421 0.053303
6433 0.068433
6505 0.089564
6506 0.117221
6508 0.043437
6542 0.037430
6570 0.045029
6587 0.014049
6702 0.061775
6779 0.035920
6802 0.022694
6806 0.229318
6816 0.022079
6828 0.064717
6864 0.029525
6952 0.057803
7001 0.030639
7035 0.042711
7048 0.043437
7050 0.026267
7061 0.021580
7062 0.015518
7118 0.013790
7120 0.056347
7171 0.137132
7215 0.038738
7217 0.017965
7261 0.061775
7313 0.090146
7340 0.041402
7398 0.051012
7450 0.093168
7467 0.057803
7497 0.148833
7511 0.035920
7513 0.052798
7636 0.046007
7641 0.029179
7643 0.063786
7760 0.015036
7761 0.027083
7769 0.130310
7775 0.030239
7788 0.023922
7826 0.029305
7847 0.021030
7859 0.013600
7915 0.047093
7926 0.085421
7936 0.390585
7939 0.036646
7947 0.035920
7957 0.105596
7969 0.099003
7987 0.031056
8007 0.018905
8070 0.036646
8083 0.016040
8090 0.061775
8098 0.028132
8120 0.047039
8150 0.024812
8241 0.022970
8243 0.067467
8259 0.038282
8281 0.030845
8292 0.025274
8298 0.045073
8316 0.061775
8330 0.061775
8338 0.021500
8387 0.019282
8390 0.051012
8406 0.068566
8439 0.068566
8449 0.062983
8463 0.021662
8470 0.026009
8513 0.035576
8529 0.072163
8539 0.015077
8552 0.060090
8583 0.030437
8629 0.032183
8739 0.054984
8766 0.049501
8786 0.061775
8826 0.015997
8828 0.082805
8829 0.043887
8893 0.033457
8924 0.054743
8931 0.042062
8959 0.076903
9002 0.054984
9019 0.143088
9047 0.018722
9052 0.095144
9062 0.024265
9093 0.064260
9097 0.021184
9130 0.017316
9132 0.066045
9193 0.043437
9227 0.061775
9242 0.187068
9244 0.102023
9268 0.120745
9277 0.061775
9357 0.031056
9461 0.016273
9462 0.111090
9563 0.061775
9568 0.048109
9587 0.029129
9606 0.068566
9613 0.047039
9625 0.029305
9642 0.057911
9643 0.026398
9690 0.071839
9700 0.037847
9767 0.006396
9771 0.068566
9783 0.019607
9790 0.137132
9792 0.068566
9794 0.051012
9903 0.017910
9944 0.053333
9974 0.027975
10010 0.023951
10052 0.061775
10058 0.013681
10067 0.022970
10097 0.043437
10228 0.027372
10258 0.063894
10326 0.016511
10327 0.031947
10494 0.102023
10618 0.049501
10634 0.068566
10661 0.034017
10890 0.010499
10903 0.034922
10997 0.068566
11130 0.040248
11135 0.029129
11146 0.073441
11150 0.023064
11200 0.028453
11267 0.033733
11290 0.034922
11306 0.026582
11321 0.102023
11332 0.016133
11336 0.061775
11340 0.044501
11362 0.052533
11376 0.020945
11437 0.027372
11451 0.019944
11523 0.012145
11532 0.014709
11592 0.038738
11600 0.039691
11605 0.014871
