231

26 2.141862
74 2.827512
98 2.132573
111 1.623055
113 2.437354
123 1.459631
268 1.247022
346 1.013319
404 0.545260
483 1.254084
512 1.386202
536 0.905875
553 0.784142
598 4.977609
620 3.726646
630 4.429542
634 1.233234
744 1.507935
775 2.562293
839 2.811891
917 0.574031
1044 1.291226
1102 1.247022
1106 2.913685
1132 0.632874
1135 1.283539
1149 1.624441
1255 3.521321
1280 2.085172
1495 9.648302
1532 1.558685
1609 1.115135
1616 1.483112
1649 0.881052
1670 1.659203
1721 2.241474
1816 2.853261
1831 0.767573
1872 0.638014
1895 1.495346
1929 2.582452
1940 8.099228
1981 13.098546
2024 1.022381
2052 6.836581
2053 4.644157
2115 0.922143
2131 1.018225
2259 0.426630
2335 5.493375
2348 0.956629
2359 1.960233
2507 0.380449
2524 1.048188
2548 2.053154
2550 1.602736
2564 2.136324
2576 2.564168
2605 1.863323
2696 0.683388
2711 1.562293
2762 3.290281
2768 1.010030
2849 2.437354
3177 1.158601
3236 0.974956
3280 1.960233
3322 1.395961
3384 1.349218
3473 1.535145
3492 0.693061
3546 1.957433
3547 1.835294
3633 1.219870
3761 3.564467
3790 1.960233
3806 1.395961
3807 1.386202
3818 1.409921
3885 1.283539
3951 0.704960
4086 2.039414
4091 1.386122
4182 3.039414
4211 0.912309
4267 1.577016
4347 7.992086
4359 3.212794
4413 1.005990
4451 0.878046
4458 1.043779
4481 1.893286
4510 1.808965
4566 0.827227
4631 2.562293
4663 0.890195
4726 1.863323
4943 0.572546
4969 1.141787
5012 0.827227
5023 2.141862
5042 1.562293
5047 3.039414
5060 1.835294
5064 3.546245
5135 5.344289
5158 2.738384
5178 0.832588
5325 3.096105
5366 2.085172
5491 0.404937
5496 0.978716
5504 1.808965
5532 0.887126
5673 3.670588
5721 2.738384
5749 1.935064
5753 0.650248
5797 1.066286
5864 7.136566
5874 1.960233
5949 0.918840
6112 0.501595
6274 3.601695
6277 2.039414
6308 0.749380
6525 2.340444
6541 1.577016
6587 0.622774
6601 1.495346
6616 0.899535
6780 2.085172
6798 3.996043
6802 3.017971
6806 4.743804
6816 1.957433
6864 0.872539
7050 1.164353
7061 3.348189
7062 4.815054
7111 0.499085
7120 0.832588
7143 2.766428
7188 2.753313
7202 2.136324
7260 3.039414
7263 1.577016
7282 1.835294
7297 1.534264
7511 4.776768
7528 1.219870
7635 0.704960
7641 0.646717
7745 0.806418
7758 1.988182
7788 0.530212
7812 3.015870
7847 0.932204
7978 2.199790
7989 1.048188
8016 0.939044
8027 2.716346
8072 5.476768
8083 1.422069
8150 1.099895
8183 1.405946
8245 1.039414
8284 5.706521
8326 1.268562
8332 1.483112
8338 2.859163
8352 2.564168
8446 2.085172
8455 0.436270
8470 2.305847
8499 2.389128
8512 0.875061
8529 1.066286
8550 1.659203
8552 6.659220
8554 3.670588
8653 1.080373
8725 1.835294
8826 2.481958
8829 1.296958
8893 1.483112
8919 0.760661
9052 0.843514
9059 4.339876
9097 5.634261
9132 1.463836
9138 0.673926
9242 3.015427
9273 2.437354
9333 1.426630
9393 4.078828
9397 2.136324
9461 0.721351
9619 1.760661
9625 1.299051
9725 2.426679
9747 1.891985
9799 2.136324
9811 0.909080
9865 3.185504
10017 2.786473
10033 1.696991
10036 0.736218
10326 2.195754
10401 1.022381
10475 0.539727
10509 0.704960
10558 1.386202
10735 1.548052
11121 0.600081
11124 1.659203
11146 1.085172
11162 2.508169
11166 2.039414
11267 1.495346
11320 2.003975
11324 1.835294
11328 1.152923
11335 3.131337
11376 0.464226
11381 1.925471
11451 1.768156
11532 0.652024
11547 1.039414
11605 1.318406
11606 0.932204
