468

63 0.030253
70 0.032611
71 0.028080
74 0.015071
85 0.020772
98 0.017050
99 0.017430
103 0.039012
108 0.018712
121 0.033342
149 0.032611
175 0.019612
179 0.020285
259 0.043728
304 0.017668
305 0.032611
318 0.026370
332 0.032611
346 0.016203
404 0.078470
418 0.013185
441 0.031949
444 0.066685
457 0.016977
458 0.011947
462 0.032611
470 0.029347
536 0.057941
551 0.048601
586 0.011947
587 0.031949
599 0.018526
602 0.023340
636 0.032611
697 0.013101
763 0.026248
791 0.019299
839 0.067444
878 0.036158
897 0.041276
898 0.024754
913 0.199446
917 0.018358
921 0.024754
947 0.145803
992 0.018526
1112 0.012237
1132 0.010120
1167 0.023340
1170 0.043788
1172 0.123155
1174 0.032611
1220 0.038974
1269 0.015016
1285 0.021574
1333 0.025953
1337 0.035088
1387 0.017352
1409 0.024754
1456 0.040731
1487 0.040200
1574 0.028153
1592 0.017914
1605 0.042852
1617 0.020647
1649 0.028177
1666 0.012054
1721 0.011947
1750 0.028529
1777 0.022481
1797 0.022481
1831 0.036821
1874 0.025217
1890 0.043788
1947 0.053004
1952 0.048225
1991 0.034100
2058 0.014384
2121 0.030789
2131 0.081409
2154 0.010836
2167 0.034160
2170 0.030274
2196 0.048601
2244 0.022481
2259 0.027288
2267 0.019940
2313 0.021718
2314 0.037424
2320 0.027797
2339 0.018346
2344 0.020900
2348 0.030594
2363 0.016348
2392 0.031949
2473 0.016415
2507 0.018250
2518 0.013185
2524 0.033522
2536 0.021864
2537 0.030274
2548 0.032831
2572 0.014137
2574 0.081944
2626 0.018902
2627 0.048947
2633 0.017508
2638 0.016977
2646 0.061578
2667 0.022013
2696 0.010928
2725 0.029795
2762 0.030064
2768 0.032301
2769 0.017831
2770 0.082375
2804 0.018618
2867 0.032611
2954 0.044882
2982 0.033342
3095 0.028337
3121 0.012539
3122 0.012237
3136 0.022984
3149 0.017914
3150 0.018806
3152 0.048601
3203 0.090377
3204 0.018170
3260 0.035088
3261 0.037424
3273 0.029795
3275 0.048873
3281 0.028529
3320 0.035088
3374 0.018712
3401 0.021434
3402 0.021162
3417 0.017200
3465 0.027797
3473 0.024547
3495 0.018712
3546 0.031300
3558 0.019299
3567 0.011370
3573 0.012616
3598 0.024533
3621 0.028768
3625 0.030274
3626 0.046413
3634 0.023340
3673 0.021574
3681 0.055579
3685 0.022984
3691 0.047507
3694 0.019829
3818 0.011273
3841 0.015259
3850 0.048507
3869 0.022645
3887 0.022166
3952 0.018170
3984 0.021162
4005 0.017508
4043 0.029347
4091 0.033247
4150 0.031949
4196 0.035214
4215 0.039903
4266 0.016832
4396 0.024320
4413 0.016086
4471 0.036158
4520 0.011669
4537 0.017749
4538 0.035829
4566 0.026455
4597 0.048601
4609 0.037424
4617 0.023525
4645 0.016977
4663 0.014234
4677 0.017261
4734 0.029716
4738 0.018310
4842 0.025975
4858 0.076382
4859 0.025461
4863 0.043788
4866 0.015127
4899 0.043788
4901 0.101040
4928 0.025975
4943 0.018310
4951 0.040972
5053 0.017275
5067 0.018618
5083 0.021574
5100 0.022417
5117 0.036158
5193 0.083392
5307 0.016483
5324 0.015530
5368 0.026531
5394 0.007961
5496 0.062600
5499 0.057852
5529 0.051706
5562 0.196774
5569 0.295475
5622 0.048601
5678 0.031544
5712 0.077356
5719 0.018902
5732 0.012577
5734 0.044956
5758 0.019506
5764 0.031345
5795 0.018712
5821 0.014693
5826 0.018084
5833 0.023942
5867 0.028926
5894 0.027135
5919 0.077926
5934 0.031949
5948 0.013805
5949 0.029385
5967 0.028926
6023 0.022645
6060 0.031060
6070 0.011877
6071 0.029716
6106 0.025713
6112 0.008021
6117 0.051426
6205 0.023340
6227 0.018526
6291 0.025790
6324 0.023525
6421 0.018891
6436 0.393878
6456 0.038685
6506 0.062317
6519 0.040972
6541 0.025217
6542 0.026531
6543 0.035088
6559 0.015959
6568 0.011568
6569 0.030789
6570 0.063835
6581 0.048601
6592 0.048601
6616 0.014384
6688 0.033342
6792 0.016617
6793 0.059590
6796 0.087455
6828 0.057341
6837 0.019829
6846 0.065222
6864 0.041856
6909 0.011947
6934 0.023160
6962 0.076789
6985 0.038974
7008 0.028080
7034 0.043788
7062 0.005500
7082 0.018346
7111 0.015961
7118 0.009775
7125 0.045290
7126 0.061555
7131 0.023160
7143 0.044236
7162 0.028926
7215 0.027458
7377 0.102017
7385 0.024622
7386 0.031949
7387 0.020168
7411 0.028568
7460 0.015834
7498 0.062524
7500 0.032611
7604 0.026531
7635 0.011273
7694 0.024848
7704 0.011402
7707 0.051151
7709 0.032600
7738 0.017050
7758 0.047687
7761 0.019197
7785 0.028153
7788 0.042391
7826 0.020772
7828 0.048601
7859 0.033739
7861 0.011145
7902 0.037424
7911 0.039658
7915 0.016690
7920 0.049862
7939 0.025975
7946 0.016415
7978 0.017588
7981 0.014799
7985 0.029795
7989 0.016761
7991 0.024982
8009 0.025713
8083 0.011370
8098 0.039880
8127 0.048601
8229 0.033342
8234 0.020403
8237 0.037423
8239 0.057058
8240 0.024533
8245 0.016621
8281 0.021864
8287 0.028153
8291 0.070175
8296 0.033342
8315 0.025713
8343 0.015772
8351 0.019720
8352 0.027335
8377 0.020053
8379 0.043788
8404 0.008350
8445 0.025461
8455 0.006976
8457 0.019097
8470 0.036871
8476 0.027458
8489 0.071733
8508 0.020524
8512 0.013992
8513 0.025217
8520 0.028926
8539 0.010687
8545 0.024112
8547 0.030789
8605 0.011807
8641 0.020053
8761 0.047789
8767 0.022545
8784 0.029812
8785 0.027154
8826 0.011339
8874 0.042323
8904 0.038974
8930 0.016761
8931 0.038332
8956 0.017275
9022 0.029347
9034 0.019720
9041 0.038974
9052 0.026976
9062 0.017200
9065 0.014640
9095 0.019097
9097 0.015016
9099 0.021029
9110 0.019940
9114 0.215744
9115 0.123675
9116 0.037804
9132 0.011704
9133 0.026531
9137 0.023160
9138 0.021553
9208 0.048601
9264 0.021029
9346 0.034160
9444 0.060062
9568 0.017050
9569 0.037424
9584 0.021434
9593 0.015183
9625 0.020772
9718 0.022481
9725 0.019402
9747 0.015127
9761 0.013357
9767 0.049873
9774 0.015297
9777 0.028529
9783 0.013898
9788 0.025713
9821 0.097202
9872 0.018257
9873 0.044026
9903 0.012695
9919 0.017749
9933 0.017200
9937 0.059590
9951 0.046680
9998 0.024533
9999 0.019097
10000 0.023160
10015 0.017050
10058 0.009697
10067 0.016282
10088 0.048639
10235 0.022481
10249 0.030825
10276 0.012936
10279 0.016086
10353 0.043788
10378 0.098348
10396 0.032432
10397 0.027065
10401 0.032696
10475 0.051782
10487 0.009545
10509 0.011273
10534 0.047050
10581 0.022166
10619 0.042284
10621 0.017999
10629 0.048601
10633 0.048601
10646 0.058205
10651 0.019720
10669 0.027458
10684 0.037424
10701 0.025155
10711 0.020285
10746 0.035088
10810 0.030274
10818 0.020772
10819 0.048601
10887 0.020285
10890 0.044650
10999 0.022322
11046 0.037424
11121 0.105550
11152 0.042852
11176 0.038974
11231 0.048601
11242 0.067043
11256 0.012462
11306 0.056525
11320 0.016022
11332 0.045741
11376 0.029692
11396 0.015071
11397 0.031180
11423 0.026118
11462 0.022481
11495 0.037424
11502 0.016216
11503 0.042410
11517 0.097202
11523 0.008608
11532 0.041704
11536 0.021162
11568 0.021574
11600 0.028134
11609 0.038803
11636 0.055855
11637 0.089113
11643 0.048601
