152

330 2.437354
345 0.932204
359 1.696991
438 1.624441
443 1.893286
458 0.747158
508 0.774596
531 0.918840
599 1.158601
642 1.760661
665 3.164370
689 1.268562
697 0.819306
877 2.562293
917 1.722094
1044 1.291226
1102 2.494045
1140 3.617930
1231 3.067142
1278 1.268562
1367 2.194316
1415 6.078828
1498 1.275986
1617 1.291226
1633 1.299051
1666 0.753857
1723 1.386202
1766 1.254084
2005 1.158601
2020 2.437354
2090 3.318406
2154 0.677686
2174 0.949509
2268 0.760661
2339 2.294639
2340 4.072899
2341 3.039414
2530 2.151584
2651 2.352425
2708 1.035093
2995 1.495346
3014 0.990196
3095 0.590708
3162 1.835294
3321 2.437354
3370 6.659971
3371 4.776768
3546 0.978716
3618 1.760661
3818 2.114881
3975 2.364163
4196 1.468125
4315 1.512226
4333 2.272648
4516 1.641474
4573 2.175479
4610 2.630276
4613 0.902694
4708 1.378332
4747 3.827958
5032 1.426630
5163 3.318406
5380 6.078828
5395 3.105278
5673 3.670588
5683 1.507935
5692 0.753857
5720 2.194316
5926 1.397940
6009 2.437354
6071 0.619458
6111 1.608050
6291 1.612836
6568 0.723444
6570 0.998021
6708 1.323411
6858 1.130929
6909 0.747158
6965 1.147320
7008 0.878046
7041 1.376656
7047 1.213339
7060 1.864408
7061 0.956625
7062 0.343932
7112 3.039414
7120 0.832588
7257 1.808965
7485 1.760661
7498 1.066401
7704 2.852313
7707 1.066286
7760 1.333004
7847 0.932204
7856 1.254084
7899 5.322755
7915 1.043779
7918 3.096105
7929 1.520900
7967 2.194316
7999 2.738384
8186 1.548052
8193 1.893286
8268 2.261263
8407 1.448350
8455 0.436270
8470 1.152923
8512 0.875061
8561 2.340444
8563 4.378892
8601 1.760661
8622 1.925471
8649 1.760661
8650 1.299051
8767 0.704960
8826 1.063696
8871 1.188156
8919 1.521321
8931 0.266359
8959 1.136324
9059 0.542484
9062 1.075626
9127 2.340444
9138 0.673926
9144 2.776412
9280 1.158601
9281 1.784142
9326 1.641474
9669 0.774596
9677 1.268562
9729 1.349218
9871 1.213339
9872 1.141787
9925 9.361776
10337 4.246762
10423 0.698970
10458 1.299051
10476 3.434390
10487 0.596934
10509 0.704960
10518 3.039414
10596 1.194316
10619 0.528869
10651 1.233234
10711 1.268562
10890 0.930766
10892 1.226501
11306 1.178330
11362 1.164353
11523 0.538355
11544 1.624441
11613 2.039414
