47

270 0.218648
326 0.193941
414 0.325859
418 0.176806
583 0.181937
661 0.253465
897 0.092249
955 0.293586
1309 0.325859
1503 0.552308
1765 0.274707
2231 0.522624
2507 0.040788
2970 0.261312
3011 0.325859
3034 0.291223
3226 0.325859
3305 0.651719
3414 0.119004
3421 0.261312
3473 0.082292
3826 0.150733
3904 0.161668
3951 0.075580
4231 0.274707
4237 0.130784
5025 0.090139
5026 0.132950
5732 0.084328
6302 0.242433
6317 0.075365
6504 0.093499
6568 0.077561
6941 0.193941
7118 0.065536
8271 0.198442
9283 0.393528
9366 0.143711
9407 0.136800
9831 0.293586
10072 0.206432
10117 0.250922
10385 0.191280
11375 0.084851
11410 0.274707
11445 0.559123
11502 0.217448
