78

7 2.698436
111 0.811527
123 2.919261
483 1.254084
630 1.107385
646 3.039414
697 0.819306
872 1.677686
1106 2.913685
1255 1.760661
1495 3.216101
1631 2.039414
1929 1.291226
1940 1.157033
1981 2.806831
1985 2.562293
2052 2.734633
2186 1.608050
2335 0.915562
2576 0.854723
2832 1.925471
2925 2.136324
3014 0.990196
3095 0.590708
3546 0.978716
3700 1.283539
4819 3.039414
4834 1.057143
5042 1.562293
5135 2.375240
5320 1.818161
5394 0.497835
5504 1.808965
5529 0.646717
5833 0.499085
5864 3.568283
5927 2.562293
6274 1.200565
6288 2.261263
6525 2.340444
6806 2.033059
6813 0.786561
6874 0.500338
7050 1.164353
7061 0.956625
7126 0.769901
7143 1.844286
7437 3.039414
7497 0.942504
7745 1.612836
7874 1.275986
7911 1.240074
7978 1.099895
8470 1.152923
8499 0.796376
8512 1.750123
8552 1.331844
9052 0.843514
9242 2.261570
9461 1.442702
9794 2.261263
9811 2.727241
9865 0.796376
10095 1.925471
10185 1.864408
10326 0.731918
10500 1.426630
10507 1.022381
10555 1.367316
10651 1.233234
11025 0.681479
11079 1.659203
11165 3.355373
11210 0.849082
11320 1.001988
11401 4.078828
11503 0.884078
11605 1.318406
