179

71 0.082237
97 0.021286
99 0.025523
111 0.038003
165 0.218145
166 0.161170
297 0.027678
298 0.078565
308 0.042875
346 0.035590
423 0.029036
483 0.234912
485 0.055640
508 0.018137
586 0.017494
600 0.022741
602 0.034177
630 0.077787
665 0.118548
917 0.067204
1007 0.257536
1053 0.023461
1106 0.022741
1132 0.044456
1135 0.210375
1157 0.030793
1259 0.038850
1295 0.171377
1532 0.018248
1542 0.019062
1721 0.017494
1785 0.041225
1790 0.064118
1831 0.017972
1872 0.044817
1940 0.040637
1986 0.052711
2058 0.021062
2065 0.191009
2091 0.028563
2115 0.043183
2417 0.120623
2519 0.030793
2552 0.024440
2674 0.048824
2696 0.016001
2762 0.044023
2805 0.033655
3034 0.031801
3054 0.062369
3095 0.027662
3121 0.018360
3186 0.036247
3249 0.051379
3286 0.032686
3384 0.031591
3464 0.033404
3473 0.017972
3492 0.016228
3634 0.034177
3682 0.044331
3693 0.033655
3715 0.035924
3723 0.128237
3841 0.011172
4163 0.041225
4195 0.027399
4315 0.035408
4413 0.023555
4458 0.073319
4566 0.019369
4573 0.025469
4610 0.030793
4677 0.012638
4701 0.029877
4738 0.093842
4832 0.036247
4834 0.099011
5035 0.041775
5070 0.043629
5135 0.083423
5168 0.056820
5217 0.030417
5225 0.052947
5468 0.027964
5491 0.009481
5532 0.041543
5624 0.257536
5712 0.022654
5749 0.022654
5857 0.052465
5885 0.033107
5902 0.031591
6119 0.043629
6291 0.018882
6308 0.017546
6418 0.034177
6456 0.018882
6457 0.035013
6504 0.020420
6547 0.039282
6568 0.016939
6587 0.014582
6799 0.031801
6813 0.036834
6860 0.058728
6934 0.033913
7062 0.032212
7100 0.048824
7120 0.019495
7143 0.043183
7150 0.022916
7165 0.026110
7584 0.038435
7635 0.016506
7641 0.030285
7650 0.036925
7704 0.033393
7818 0.041225
7847 0.021827
7877 0.037652
7887 0.022741
7945 0.040704
7972 0.029364
7989 0.049086
7991 0.073161
8046 0.028563
8083 0.016649
8271 0.065009
8298 0.046783
8338 0.022315
8343 0.023095
8387 0.020013
8767 0.016506
8819 0.212918
8826 0.062265
8829 0.015184
8919 0.017811
8920 0.127613
8931 0.012473
9031 0.020700
9047 0.019432
9065 0.021438
9144 0.021670
9326 0.038435
9328 0.021438
9592 0.300906
9602 0.036925
9618 0.022484
9667 0.027128
9767 0.006639
9865 0.018647
10017 0.065244
10054 0.045898
10058 0.014200
10092 0.311576
10159 0.264733
10228 0.028410
10275 0.027678
10325 0.048272
10399 0.057070
10487 0.111816
10502 0.042973
10509 0.033013
10565 0.062772
10619 0.012383
10667 0.038036
10779 0.037652
10877 0.043629
10890 0.021794
11025 0.015957
11203 0.038435
11210 0.079524
11328 0.026995
11523 0.012605
11547 0.024338
11600 0.008239
11605 0.061740
11606 0.152791
