45

23 0.121701
52 0.190311
308 0.109431
1102 0.149048
1633 0.155266
1666 0.090103
1689 0.171797
1723 0.165683
1763 0.291320
2174 0.113488
2215 0.363279
2340 0.121701
2858 0.249226
3370 0.265340
3547 0.219360
4333 0.135817
4833 0.200522
4924 0.262271
5032 0.511545
5394 0.059503
5395 0.123717
5486 0.270273
5492 0.205244
5673 0.219360
6587 0.074436
7061 0.057169
7217 0.095185
7450 0.164542
7730 0.198313
7756 0.196194
7760 0.079662
7899 0.318095
8193 0.226291
8387 0.102159
8455 0.052144
8649 0.210439
8767 0.084259
8931 0.063672
9144 0.110615
9271 0.219360
9725 0.145022
10337 0.253793
10423 0.083543
10565 0.160214
11526 0.106399
