163

26 1.070931
74 0.942504
109 1.233234
111 1.623055
113 2.437354
122 0.978716
179 3.805686
404 0.545260
435 3.039414
483 1.254084
586 1.494316
630 4.983234
872 1.677686
1044 1.291226
1255 1.760661
1649 0.881052
1797 0.702954
1822 1.483112
1859 0.606445
1895 1.495346
1929 5.164904
1940 1.735549
1973 3.393983
1986 1.125600
1991 1.066286
2016 1.835294
2046 1.018225
2052 1.367316
2064 1.206905
2116 1.592256
2294 1.760661
2335 2.746687
2389 3.039414
2548 1.026577
2554 1.358173
2576 0.854723
2605 1.863323
2633 1.094931
2696 1.366777
2699 2.562293
2708 1.035093
2725 1.863323
2762 0.940080
2768 1.010030
2770 1.717195
2825 2.136324
3014 0.990196
3179 0.772242
3366 1.367316
3437 1.437354
3455 2.376312
3473 0.767573
3529 2.340444
3546 0.978716
3790 1.960233
3841 0.954243
4091 0.693061
4148 0.978716
4211 0.912309
4347 1.998021
4458 1.043779
4566 0.827227
4631 2.562293
4866 0.945992
4891 2.562293
4902 2.738384
4943 0.572546
4969 1.141787
4978 1.495346
4994 1.863323
5023 1.070931
5025 0.840757
5042 1.562293
5052 3.039414
5064 1.182082
5135 1.781430
5178 0.832588
5491 0.404937
5504 1.808965
5532 0.887126
5753 0.650248
5797 2.132573
5864 7.136566
5885 0.706976
6071 0.619458
6097 1.094931
6308 0.749380
6317 0.702954
6421 0.590708
6570 0.998021
6616 0.899535
6828 0.717195
6874 0.500338
6980 1.194316
7061 2.391564
7103 2.738384
7143 0.922143
7188 2.753313
7263 1.577016
7405 2.194316
7497 1.885008
7511 1.592256
7585 2.261263
7694 0.776963
7745 1.612836
7761 1.200565
7835 2.738384
7847 0.932204
7874 2.551972
7885 1.863323
7978 3.299685
8007 0.838017
8016 0.939044
8027 1.358173
8072 2.738384
8234 1.275986
8284 1.426630
8332 1.483112
8376 2.136324
8387 2.564168
8407 1.448350
8446 2.085172
8455 1.308809
8499 1.592752
8807 2.039414
8826 0.709131
8829 0.648479
9024 2.437354
9052 1.687029
9059 0.542484
9097 0.939044
9107 2.582452
9243 3.039414
9328 0.915562
9380 1.136324
9393 2.039414
9394 1.925471
9398 7.021332
9619 1.760661
9747 0.945992
9774 0.956629
9915 2.194316
10028 2.437354
10326 0.731918
10378 0.683388
10396 1.014108
10401 1.022381
10502 1.835294
10677 6.596562
10735 3.096105
10769 1.893286
10778 2.562293
10890 0.465383
11135 1.291226
11208 1.471212
11306 0.589165
11335 1.043779
11368 1.784142
11376 0.464226
11381 1.925471
11424 2.562293
11451 0.884078
11606 0.932204
