136

71 0.040288
97 0.041711
308 0.042009
330 0.111833
346 0.023247
359 0.077863
438 0.074534
508 0.071082
642 0.080785
665 0.029038
917 0.026338
1045 0.139458
1102 0.114435
1498 0.058546
1633 0.059605
1689 0.065950
1766 0.057541
1769 0.125646
1796 0.066972
1805 0.139458
1880 0.128102
1995 0.052389
2070 0.103754
2090 0.076129
2174 0.043566
2217 0.076129
2257 0.068611
2340 0.093439
2530 0.032907
2769 0.051166
2954 0.042929
3014 0.045433
3095 0.054207
3162 0.084209
3264 0.061504
3370 0.254650
3371 0.073058
3501 0.117566
3535 0.046158
3539 0.076978
3546 0.044907
3547 0.168418
3621 0.041273
3673 0.061906
3697 0.187149
3818 0.097037
3926 0.045256
4060 0.083001
4196 0.033681
4213 0.057541
4333 0.469243
4347 0.091676
4451 0.040288
4462 0.052389
4516 0.075316
4537 0.050930
4573 0.024954
4610 0.060343
4613 0.041418
4743 0.091676
4833 0.076978
5032 0.392750
5163 0.076129
5307 0.047297
5395 0.094987
5678 0.045256
5683 0.069189
5732 0.036090
5753 0.029835
5762 0.068050
5817 0.063603
5926 0.032071
5988 0.089942
6009 0.111833
6066 0.080785
6274 0.055086
6568 0.033194
6704 0.083001
6813 0.036090
6828 0.032907
7023 0.068050
7060 0.042772
7061 0.043893
7118 0.028047
7257 0.249003
7635 0.064692
7694 0.071299
7704 0.032718
7899 0.244225
7915 0.047892
7918 0.213089
8041 0.139458
8210 0.139458
8272 0.040564
8387 0.039217
8404 0.047922
8455 0.100087
8457 0.164397
8563 0.066972
8650 0.059605
8662 0.054516
8826 0.056940
8871 0.054516
9059 0.024891
9093 0.043566
9138 0.030922
9144 0.042464
9271 0.084209
9280 0.053160
9333 0.065458
9579 0.060343
9677 0.058206
9725 0.055672
9767 0.013010
9871 0.055672
9903 0.072853
9925 0.322161
9944 0.054238
10011 0.084209
10013 0.139458
10082 0.057541
10337 0.097427
10423 0.032071
10487 0.027389
10509 0.032346
10547 0.078790
10677 0.037834
10706 0.100682
10887 0.058206
10890 0.021353
11015 0.049353
11362 0.106848
11526 0.122535
11544 0.074534
11592 0.078790
11600 0.016146
