248

26 0.077968
36 0.032116
74 0.045745
97 0.022061
98 0.051753
105 0.056798
111 0.078776
186 0.023570
218 0.039024
346 0.012296
418 0.020011
423 0.060188
455 0.018294
467 0.029765
475 0.098228
478 0.047571
486 0.033877
491 0.073760
508 0.018798
536 0.021984
596 0.032960
602 0.035422
620 0.045219
630 0.107495
632 0.048060
917 0.041792
1044 0.031335
1103 0.056798
1106 0.117848
1132 0.046075
1258 0.030094
1495 0.156096
1507 0.032960
1532 0.037826
1636 0.027062
1649 0.021381
1721 0.018132
1789 0.074467
1816 0.276970
1822 0.035992
1872 0.015483
1895 0.036289
1929 0.062671
1940 0.252708
1981 0.022705
1991 0.077629
2024 0.024811
2046 0.024710
2052 0.033182
2058 0.021830
2062 0.032321
2186 0.039024
2294 0.170910
2335 0.088875
2359 0.047571
2455 0.020674
2479 0.118299
2548 0.049826
2550 0.038895
2576 0.124454
2605 0.045219
2678 0.045219
2696 0.016584
2702 0.045946
2705 0.090438
2708 0.125597
2711 0.075827
2762 0.022814
2816 0.051844
2834 0.047571
2851 0.056796
2889 0.047571
3179 0.018741
3243 0.024316
3280 0.095141
3281 0.043297
3313 0.073189
3473 0.018627
3488 0.054876
3492 0.033638
3494 0.051844
3529 0.056798
3546 0.023751
3603 0.084374
3627 0.060868
3685 0.034881
3691 0.018025
3761 0.028834
3806 0.033877
3807 0.033640
3841 0.023157
3971 0.034881
4086 0.049492
4091 0.016819
4148 0.023751
4315 0.018349
4347 0.096975
4359 0.025989
4451 0.021308
4458 0.151982
4481 0.045946
4520 0.017710
4566 0.020075
4594 0.051844
4613 0.021906
4614 0.069242
4747 0.061931
4831 0.047571
4916 0.061571
4924 0.053251
4943 0.013894
5012 0.020075
5023 0.025989
5064 0.028687
5081 0.050031
5100 0.017011
5112 0.023303
5135 0.043231
5178 0.020205
5491 0.009827
5504 0.043900
5532 0.021529
5743 0.018186
5797 0.025876
5864 0.303081
5892 0.032530
6070 0.018025
6227 0.112467
6274 0.058270
6308 0.018186
6421 0.071676
6454 0.062181
6525 0.056798
6539 0.059149
6568 0.017556
6631 0.033640
6798 0.290926
6799 0.032960
6802 0.024413
6806 0.148014
6823 0.037913
6833 0.047571
6858 0.027445
7047 0.029445
7061 0.046430
7062 0.066772
7120 0.040410
7143 0.067135
7151 0.066455
7340 0.178155
7425 0.042727
7490 0.034119
7497 0.045745
7528 0.029604
7529 0.049492
7532 0.061216
7541 0.073760
7635 0.034216
7641 0.047083
7653 0.042727
7745 0.019570
7801 0.038641
7847 0.022623
7853 0.062181
7874 0.123862
7913 0.037233
7925 0.036909
7978 0.053384
7989 0.025437
8007 0.020337
8009 0.078048
8027 0.098880
8032 0.053251
8186 0.037568
8229 0.050603
8234 0.030965
8245 0.025224
8338 0.046257
8351 0.029928
8382 0.025224
8387 0.041485
8446 0.050603
8455 0.052937
8470 0.027979
8499 0.019326
8512 0.021236
8529 0.051753
8552 0.032321
8583 0.032743
8616 0.033182
8653 0.026218
8759 0.035992
8826 0.055930
8829 0.015737
8893 0.035992
8924 0.029445
8930 0.025437
8931 0.006464
9024 0.059149
9052 0.040941
9059 0.013165
9065 0.022219
9097 0.068366
9107 0.031335
9130 0.018627
9132 0.035524
9242 0.054883
9273 0.059149
9316 0.106503
9380 0.055152
9461 0.070023
9579 0.031916
9584 0.032530
9596 0.029445
9618 0.023303
9623 0.024124
9639 0.050603
9767 0.006881
9865 0.057979
9905 0.078048
10058 0.014717
10185 0.022623
10294 0.073760
10325 0.075047
10326 0.106572
10401 0.148866
10458 0.031525
10509 0.017108
10565 0.032530
10592 0.046727
10663 0.044539
10677 0.040021
10738 0.062181
10882 0.062181
10917 0.039024
11025 0.016538
11079 0.040265
11121 0.014563
11124 0.040265
11130 0.043297
11162 0.030434
11320 0.024316
11335 0.025330
11376 0.022532
11437 0.029445
11451 0.042909
11566 0.068239
11605 0.015997
