42

109 1.233234
123 1.459631
228 1.349218
346 0.506660
630 0.553693
634 1.233234
689 1.268562
1132 1.265748
1495 1.608050
1940 1.735549
1991 3.198859
2335 0.915562
2762 0.940080
3374 1.170182
3841 0.477121
3984 1.323411
4063 1.094931
4091 0.693061
4148 0.978716
4458 1.043779
4520 0.729784
5081 1.030814
5135 0.593810
5178 0.832588
6806 0.677686
6828 1.434390
7340 1.835294
7641 0.646717
7978 1.099895
8083 0.711035
8387 0.854723
8455 0.872539
8529 2.132573
8826 0.354565
8931 0.266359
9138 0.673926
9568 1.066286
10326 0.731918
10581 1.386202
10646 1.213339
11025 0.681479
11267 1.495346
