58

118 0.193952
259 0.241710
308 0.080925
404 0.048195
536 0.080069
865 0.139390
1579 0.226477
1649 0.077875
2042 0.119255
2082 0.139390
2572 0.078142
2851 0.103430
3122 0.135279
3203 0.049957
3406 0.206868
3850 0.067032
4148 0.086507
4195 0.103430
4668 0.268649
4734 0.054753
5100 0.061956
5227 0.114129
5569 0.181475
5734 0.049700
5826 0.199922
5919 0.143582
6023 0.125172
6065 0.120047
6112 0.044335
6291 0.142556
6436 0.483825
6456 0.071278
6864 0.038561
6874 0.044224
7182 0.117719
7498 0.031419
7738 0.094247
7758 0.087866
7788 0.046865
7859 0.053285
8281 0.120855
8351 0.218007
8558 0.164696
8784 0.082396
8874 0.350922
8931 0.047086
9052 0.074557
9115 0.195323
9444 0.083001
9767 0.025062
10000 0.128017
10058 0.053603
10487 0.052762
11210 0.075049
11242 0.092648
11532 0.057631
11636 0.102915
11637 0.082097
