60

97 0.090012
191 0.164286
508 0.076696
630 0.054824
1929 0.255701
1940 0.057282
1981 0.092639
1991 0.105578
2053 0.153280
2154 0.067101
2576 0.169260
2696 0.067666
3095 0.058489
3282 0.136309
3287 0.162530
3732 0.184496
3807 0.137254
3841 0.094484
4063 0.108414
4196 0.072683
4211 0.090332
4266 0.104227
4916 0.251213
5059 0.160844
5081 0.102066
5118 0.300947
5307 0.204132
5833 0.049417
6070 0.073543
6274 0.118874
6323 0.184496
6421 0.058489
7050 0.115288
7153 0.231738
7497 0.093322
7707 0.105578
7756 0.162530
7874 0.126341
7978 0.217812
8352 0.084630
8389 0.241334
8455 0.172789
8621 0.127089
8826 0.017554
8829 0.064209
9052 0.167041
9095 0.118255
9132 0.072471
9242 0.074643
9357 0.136309
9624 0.170028
9746 0.231738
10309 0.196859
10326 0.144941
10677 0.081645
11015 0.106503
11162 0.124173
11451 0.087537
11600 0.034842
11605 0.065271
