162

186 0.971228
508 0.774596
593 1.592256
600 0.971228
665 0.632874
697 0.819306
873 1.784142
917 0.574031
960 1.066286
966 24.315313
992 1.158601
1065 2.136324
1149 1.624441
1182 2.039414
1187 3.039414
1231 1.022381
1498 2.551972
1503 1.717195
1506 2.230270
1544 1.696991
1665 3.039414
1723 1.386202
1766 1.254084
1797 0.702954
1926 3.039414
2067 1.261263
2090 1.659203
2091 1.219870
2174 1.899018
2259 0.426630
2340 1.018225
2405 1.323411
2452 1.562293
2507 0.760899
2539 1.130929
2651 1.568283
2762 0.470040
2763 0.756113
2832 1.925471
2910 2.194316
3286 1.395961
3322 1.395961
3370 1.109995
3371 1.592256
3384 1.349218
3400 2.261263
3415 1.386202
3417 1.075626
3419 1.738384
3437 1.437354
3480 1.376656
3611 0.986336
3621 0.899535
3683 1.070931
3691 0.742749
3698 2.340444
3760 1.483112
3841 0.477121
3975 3.546245
4129 2.437354
4286 1.760661
4317 1.254084
4377 1.520900
4403 1.863323
4520 0.729784
4677 0.539727
4708 0.689166
4738 0.572546
4747 2.551972
4784 3.355373
4901 0.902694
5032 2.853261
5081 1.030814
5112 0.960233
5135 1.187620
5163 1.659203
5281 2.738384
5324 0.971228
5394 0.995670
5395 1.035093
5491 0.404937
5521 2.614041
5529 1.940151
5712 0.967532
5740 2.537124
5792 0.974956
5833 1.497254
5851 0.846290
5880 0.835294
5885 0.706976
5900 1.039414
5903 3.521321
5931 1.677686
6065 1.358173
6097 1.094931
6217 1.206905
6361 1.507935
6461 1.960233
6504 0.872097
6574 1.863323
6616 0.899535
6635 1.233234
6794 1.738384
6813 0.786561
6858 1.130929
6860 1.254084
7060 0.932204
7074 3.039414
7111 0.499085
7172 3.039414
7217 0.796376
7324 1.998021
7342 1.863323
7582 2.738384
7704 0.713078
7705 1.893286
7862 0.960233
7899 4.435629
8193 1.893286
8241 1.018225
8264 1.808965
8272 0.884078
8372 1.784142
8381 1.164353
8404 0.522218
8410 1.307020
8467 1.577016
8499 0.796376
8733 2.194316
8767 2.114881
8826 0.886414
9031 0.884078
9132 0.731918
9144 2.776412
9154 1.863323
9184 1.608050
9283 1.835294
9438 1.562293
9584 1.340444
9593 0.949509
9761 0.835294
9767 0.850618
9774 0.956629
9873 1.376656
9903 0.793901
9971 1.448350
10077 1.323411
10082 1.254084
10083 1.808965
10235 1.405946
10275 1.182082
10337 7.431834
10619 1.057738
10639 1.120336
10890 0.930766
11194 1.014108
11282 6.078828
11353 2.261263
11376 0.464226
11523 1.076710
11526 0.890195
11600 1.407541
