52

188 1.120336
479 1.213339
552 1.001988
1149 1.624441
1283 3.039414
1298 1.863323
1390 1.307020
1400 1.395961
1666 0.753857
1766 1.254084
1796 1.459631
2156 1.624441
2174 1.899018
2497 1.608050
2524 1.048188
2682 1.863323
3165 1.534264
4196 0.734063
4534 1.182082
5880 0.835294
6065 1.358173
6312 3.039414
6627 1.141787
6802 1.005990
6964 1.760661
7061 0.478313
7142 2.340444
7368 2.160745
7641 0.646717
7735 4.932937
7859 0.301427
7899 0.887126
7915 1.043779
8007 0.838017
8010 1.507935
8048 1.188156
8087 1.158601
8382 1.039414
8387 0.854723
8784 1.864408
8785 1.698165
8826 0.354565
9105 1.061691
9646 2.439740
9767 0.283539
10309 0.994091
10521 1.233234
10677 0.824570
10890 0.465383
11228 1.141787
11564 1.608050
11600 0.351885
