110

22 0.080639
98 0.056043
173 0.083687
183 0.071865
194 0.038023
391 0.071384
455 0.039622
660 0.088177
661 0.186386
875 0.060011
876 0.081364
1184 0.115331
1231 0.053735
1506 0.058610
1516 0.165772
1641 0.136553
1649 0.046307
1821 0.115331
1853 0.089192
1897 0.097934
1963 0.091367
2017 0.089192
2154 0.035618
2264 0.075546
2268 0.039979
2396 0.109594
2503 0.128104
2548 0.053956
2572 0.046466
2762 0.024705
2769 0.058610
2871 0.159748
2948 0.140000
3199 0.230661
3366 0.071865
3373 0.134671
3461 0.134671
3531 0.041469
3558 0.063434
3651 0.206055
3695 0.073895
3732 0.097934
3743 0.143926
3904 0.079255
3943 0.083687
3968 0.075546
4186 0.097934
4237 0.064115
4313 0.103028
4593 0.097934
4969 0.060011
5358 0.190154
5394 0.026166
5399 0.082886
5460 0.065542
5488 0.128104
5692 0.079244
5821 0.048293
5947 0.065542
6071 0.032558
6136 0.084517
6217 0.190301
6280 0.123011
6300 0.083687
6568 0.038023
6587 0.130929
6828 0.037695
6901 0.224565
7044 0.099509
7095 0.096461
7118 0.128513
7428 0.068277
7509 0.099509
7515 0.073895
7549 0.153433
7641 0.033991
7655 0.193867
7847 0.048996
7915 0.109720
8117 0.082886
8137 0.084517
8186 0.081364
8301 0.134671
8785 0.044627
8822 0.497317
8826 0.083860
8867 0.246337
8931 0.014000
9351 0.071865
9355 0.092538
9407 0.067064
9452 0.076716
9576 0.336848
9612 0.101200
9761 0.175608
9930 0.107189
10072 0.101200
10378 0.035918
10509 0.037052
10544 0.140000
10619 0.027797
10661 0.079255
10687 0.143926
11306 0.061932
11375 0.083194
11376 0.048798
11539 0.083687
11568 0.070913
11600 0.036989
11611 0.084517
