100

71 0.059064
85 0.087384
109 0.082956
298 0.112853
346 0.034082
475 0.090758
531 0.061808
634 0.082956
916 0.121684
917 0.038614
1044 0.086857
1236 0.140264
1250 0.125341
1489 0.107107
1498 0.085832
1552 0.163954
1766 0.084359
1994 0.073323
2042 0.090758
2090 0.111610
2257 0.100588
2340 0.136986
2348 0.128700
2452 0.105091
2507 0.025592
2651 0.105494
2667 0.092604
2806 0.069628
2851 0.078715
3014 0.066608
3095 0.039735
3264 0.090168
3370 0.298665
3539 0.112853
3546 0.065836
3547 0.123455
3621 0.060509
3913 0.143705
4159 0.163954
4196 0.049378
4333 0.305750
4552 0.104133
4833 0.112853
4834 0.071111
4943 0.038514
4978 0.100588
5032 0.287897
5085 0.125341
5320 0.061151
5395 0.139256
5451 0.118435
5491 0.027239
5620 0.092604
5720 0.147606
5763 0.118435
5834 0.172358
6111 0.108169
6112 0.033741
6514 0.103206
6587 0.041892
6616 0.060509
6704 0.121684
6874 0.033656
7061 0.064350
7062 0.046271
7093 0.689434
7635 0.047421
7704 0.047967
7899 0.298373
7915 0.070212
7959 0.131860
8098 0.083884
8272 0.059470
8469 0.086857
8499 0.053570
8650 0.174767
8706 0.137186
8826 0.047701
9059 0.036491
9144 0.062254
9270 0.072354
9271 0.123455
9333 0.095966
9669 0.052105
9677 0.085333
9724 0.172358
9725 0.081618
9767 0.057219
9871 0.081618
10337 0.071417
10378 0.045970
10487 0.040154
10547 0.115511
10887 0.085333
10890 0.031305
10964 0.152109
11043 0.134401
11290 0.104133
11376 0.031227
11427 0.204453
