97

63 0.945992
98 1.066286
122 0.978716
247 2.340444
258 1.219870
264 1.893286
352 2.663688
380 1.641474
455 0.753857
479 3.640018
480 2.437354
552 1.001988
666 1.608050
1102 1.247022
1251 1.437354
1466 2.727241
1666 0.753857
1721 0.747158
1828 1.696991
1960 2.039414
2058 0.899535
2086 1.416165
2224 3.441959
2268 0.760661
2421 0.986336
2521 1.925471
2856 1.960233
3151 1.960233
3203 2.260791
3311 2.085172
3316 1.233234
3384 1.349218
3464 2.853261
3531 0.788994
3675 2.562293
3758 2.364163
3975 1.182082
3976 4.988090
4045 3.355373
4215 0.499085
4342 1.784142
4420 1.696991
4663 0.890195
4680 1.641474
4708 0.689166
4814 2.194316
5095 1.641474
5242 1.233234
5376 1.261263
5482 1.893286
5692 0.753857
5734 0.562293
5758 1.219870
6103 2.085172
6133 1.738384
6382 1.760661
6568 0.723444
6584 1.426630
6792 0.519586
6864 0.872539
7062 0.343932
7111 0.499085
7126 0.769901
7137 2.738384
7341 1.495346
7385 3.079605
7537 1.247022
7540 1.340444
7709 1.359157
7740 2.194316
7788 1.060423
7859 1.205707
7861 0.696991
7864 1.170182
7981 0.925471
8111 1.035093
8157 0.939044
8353 4.644157
8387 0.854723
8449 2.791923
8761 0.747158
8780 1.291226
8939 1.213339
9110 1.247022
9144 0.925471
9270 1.075626
9634 1.247022
10309 0.994091
10397 0.846290
10488 1.863323
10701 0.786561
11055 1.471212
11153 1.437354
11194 1.014108
11229 1.416165
11256 0.779343
11600 0.351885
