286

15 0.064034
52 0.033545
103 0.051400
109 0.025982
122 0.020619
198 0.048579
346 0.010674
404 0.011487
420 0.037588
424 0.028614
458 0.015741
531 0.019358
533 0.256135
552 0.021110
586 0.031482
593 0.067091
630 0.011665
639 0.041298
640 0.064034
883 0.032042
902 0.043930
917 0.012094
960 0.022464
1002 0.027536
1044 0.027203
1102 0.052544
1225 0.064034
1231 0.021539
1233 0.053982
1250 0.039256
1259 0.034956
1280 0.087860
1296 0.020540
1333 0.051291
1368 0.045008
1385 0.044166
1436 0.032324
1485 0.039256
1498 0.026882
1552 0.051350
1572 0.029003
1617 0.027203
1633 0.082105
1643 0.021990
1666 0.031764
1670 0.034956
1723 0.029204
1766 0.026421
1880 0.029410
1966 0.034956
1995 0.024055
2046 0.021452
2058 0.037902
2090 0.174779
2134 0.032914
2154 0.014277
2161 0.028806
2174 0.020004
2176 0.033878
2217 0.104867
2257 0.031504
2259 0.008988
2335 0.019289
2339 0.048343
2340 0.128711
2344 0.027536
2405 0.055763
2473 0.021628
2475 0.037093
2530 0.015110
2532 0.025840
2539 0.023826
2543 0.024055
2638 0.022367
2667 0.029003
2680 0.031769
2690 0.041080
2762 0.009903
2806 0.021807
2851 0.024653
2875 0.032324
2995 0.031504
3054 0.028059
3056 0.035752
3209 0.042094
3230 0.051350
3264 0.084721
3275 0.012878
3370 0.257237
3371 0.100636
3386 0.026126
3414 0.023385
3432 0.030995
3485 0.031504
3491 0.040565
3531 0.033245
3535 0.021194
3621 0.018951
3818 0.014852
3975 0.024904
4060 0.038111
4110 0.020462
4159 0.051350
4211 0.038441
4213 0.026421
4317 0.052842
4333 0.311218
4451 0.055496
4465 0.154049
4537 0.023385
4566 0.034856
4645 0.022367
4722 0.023068
4725 0.033224
4738 0.012062
4764 0.048579
4841 0.035752
4934 0.049308
4938 0.057613
4943 0.024125
4954 0.029835
4955 0.032914
4978 0.031504
5012 0.017428
5032 0.420784
5050 0.039860
5083 0.028425
5085 0.039256
5135 0.025021
5143 0.019018
5174 0.031769
5307 0.021717
5376 0.026572
5394 0.010488
5395 0.109036
5448 0.046229
5492 0.036178
5532 0.018690
5678 0.020780
5679 0.032614
5681 0.048343
5692 0.031764
5714 0.060112
5732 0.033142
5743 0.015788
5753 0.013699
5762 0.031246
5920 0.051963
5945 0.024055
5958 0.047640
5970 0.064034
6009 0.051350
6066 0.074187
6097 0.023068
6111 0.033878
6112 0.010568
6239 0.036624
6317 0.014810
6354 0.039256
6361 0.063538
6447 0.064034
6574 0.039256
6587 0.026241
6616 0.018951
6704 0.038111
6755 0.064034
6792 0.010947
6813 0.016571
6828 0.015110
6864 0.018382
6980 0.050323
7008 0.073994
7012 0.045008
7058 0.081131
7060 0.019640
7061 0.050385
7062 0.043475
7080 0.040565
7093 0.107964
7118 0.025757
7202 0.045008
7263 0.033224
7271 0.057692
7383 0.038666
7411 0.037639
7450 0.058006
7635 0.029704
7641 0.013625
7704 0.015023
7707 0.022464
7709 0.014317
7737 0.085841
7758 0.041887
7817 0.053982
7826 0.027368
7856 0.026421
7899 0.485935
7911 0.026126
7915 0.043980
7918 0.032614
7936 0.028059
7948 0.029003
7981 0.038995
8083 0.029960
8087 0.024409
8098 0.026272
8150 0.023172
8190 0.045008
8203 0.039256
8227 0.017206
8272 0.037251
8404 0.033006
8455 0.045956
8457 0.050323
8498 0.028240
8499 0.016778
8512 0.018436
8563 0.030751
8620 0.092459
8649 0.037093
8725 0.038666
8826 0.037350
8842 0.142920
8931 0.028058
8951 0.064034
8959 0.023940
9059 0.022858
9093 0.020004
9105 0.044735
9130 0.032342
9137 0.061027
9144 0.019498
9154 0.039256
9196 0.039887
9271 0.038666
9326 0.034582
9381 0.023714
9422 0.041298
9465 0.057692
9539 0.043930
9543 0.039256
9593 0.020004
9623 0.041887
9643 0.024653
9669 0.016319
9716 0.043930
9725 0.025562
9729 0.028425
9761 0.017598
9767 0.023894
9776 0.162262
9811 0.019152
9884 0.102699
9925 0.197232
9951 0.030751
9954 0.047640
9969 0.046229
10103 0.051350
10154 0.057692
10185 0.019640
10315 0.128068
10337 0.246042
10378 0.028795
10407 0.064034
10423 0.014726
10458 0.054736
10509 0.029704
10537 0.032324
10562 0.039256
10640 0.057692
10667 0.034223
10787 0.053982
10790 0.064034
10817 0.064034
10887 0.106903
10890 0.049023
11194 0.042730
11195 0.064647
11320 0.021110
11376 0.039121
11439 0.043930
11502 0.021365
11523 0.034026
11526 0.018754
11544 0.034223
11600 0.029654
