52

183 0.110904
346 0.041096
391 0.110162
418 0.066881
510 0.246529
661 0.287638
897 0.069791
990 0.108724
1227 0.246529
1641 0.421468
2107 0.130430
2502 0.113227
2575 0.155186
3125 0.137644
3700 0.104109
3818 0.057180
3891 0.213344
4237 0.197889
4350 0.246529
4374 0.146726
4601 0.177983
4633 0.116585
5399 0.127913
5591 0.297724
5849 0.115715
5889 0.177983
6047 0.153566
6070 0.060245
6136 0.130430
6193 0.116585
6568 0.058679
6572 0.124445
6964 0.142808
7111 0.040481
7118 0.099163
7549 0.118392
8186 0.125564
8822 0.127913
8867 0.126719
9047 0.134627
9061 0.746703
9079 0.126719
9407 0.206992
9593 0.077015
10423 0.056694
10465 0.108724
10544 0.324080
11115 0.120296
11173 0.246529
11451 0.071708
11502 0.082255
11611 0.130430
