112

81 1.608050
183 5.469265
391 1.358173
404 1.090519
660 1.677686
661 3.546245
764 1.577016
923 2.136324
965 0.963867
1206 3.039414
1231 2.044762
1333 1.623055
1516 1.577016
1641 2.598103
1821 2.194316
1872 0.638014
1963 1.738384
2046 1.018225
2067 1.261263
2107 1.608050
2548 1.026577
2575 0.956629
2690 0.974956
2859 3.039414
3275 0.611279
3373 2.562293
3558 1.206905
3603 1.738384
3626 2.902596
3627 1.254084
3651 3.920466
3661 1.808965
3691 0.742749
3692 2.340444
3826 1.405946
3904 1.507935
3951 1.409921
4033 2.567079
4196 0.734063
4211 0.912309
4237 1.219870
4437 1.471212
4663 0.890195
4708 0.689166
5358 1.808965
5394 0.497835
5399 1.577016
5496 0.978716
5945 2.283574
5946 2.194316
5947 1.247022
5948 3.453291
6071 1.238917
6097 1.094931
6217 7.241431
6291 0.806418
6380 0.942504
6514 1.534264
6568 0.723444
6901 2.136324
7111 0.998169
7118 3.056397
7252 2.738384
7428 1.299051
7549 1.459631
7655 0.922143
7694 2.330889
7864 1.170182
7911 2.480147
8137 9.648302
8292 1.120336
8394 1.233234
8529 1.066286
8539 0.668346
8728 1.233234
8826 0.886414
8867 12.498343
8931 0.532719
9047 2.489697
9061 1.315138
9087 3.124586
9130 3.837863
9138 1.347852
9146 1.562293
9366 1.340444
9383 1.534264
9407 1.275986
9607 1.738384
9761 1.670588
9842 1.893286
10085 2.078828
10378 0.683388
10423 0.698970
10434 2.039414
10465 1.340444
10475 0.539727
10544 1.331844
10556 1.182082
11152 1.786572
11306 0.589165
11319 2.437354
11375 0.791441
11377 1.226501
11437 1.213339
11457 1.677686
11458 1.709445
11466 1.109995
11503 0.884078
11523 0.538355
11600 1.055655
11609 1.213339
11611 1.608050
