268

19 2.194316
22 1.534264
63 1.891985
71 0.878046
191 1.659203
255 3.568283
316 2.562293
318 0.824570
456 2.194316
536 0.905875
697 0.819306
831 2.457918
903 2.039414
913 2.078828
917 0.574031
1112 0.765256
1157 1.315138
1167 1.459631
1173 2.340444
1284 1.080373
1304 2.437354
1347 2.562293
1396 2.437354
1600 2.261263
1677 1.696991
1831 0.767573
1859 0.606445
2000 0.986336
2002 1.275986
2021 1.437354
2042 1.349218
2073 1.376656
2107 1.608050
2145 2.085172
2248 2.283574
2259 0.853261
2261 2.136324
2304 1.109995
2349 5.124586
2350 1.893286
2351 2.738384
2497 1.608050
2539 1.130929
2548 1.026577
2572 1.768156
2575 0.956629
2614 2.738384
2617 2.738384
2618 1.164353
2626 1.182082
2632 2.437354
2673 1.784142
2756 1.577016
2762 1.410121
2768 1.010030
2769 1.115135
2863 2.738384
2923 2.136324
2948 1.331844
3042 1.835294
3095 2.362831
3115 1.784142
3121 0.784142
3136 2.874708
3171 1.471212
3177 1.158601
3183 2.738384
3203 2.825989
3204 1.136324
3219 2.194316
3275 1.222559
3282 4.129969
3394 1.507935
3401 2.680888
3402 1.323411
3470 1.784142
3485 1.495346
3492 0.693061
3550 1.386202
3589 2.562293
3621 0.899535
3626 0.967532
3637 1.136324
3666 2.738384
3683 1.070931
3691 0.742749
3841 0.477121
3850 0.758381
3910 2.562293
3983 2.738384
3986 2.085172
4131 1.784142
4315 0.756113
4331 1.717195
4434 2.562293
4610 1.315138
4613 0.902694
4663 0.890195
4701 1.275986
4840 2.437354
4841 1.696991
4843 1.608050
4875 1.520900
4943 0.572546
5003 2.562293
5005 2.437354
5050 0.945992
5100 0.700958
5132 2.194316
5168 1.213339
5183 2.738384
5217 1.299051
5307 1.030814
5394 0.497835
5491 0.404937
5506 2.136324
5521 1.307020
5561 2.562293
5562 2.734633
5681 1.147320
5689 1.676034
5723 1.659203
5732 0.786561
5734 1.124586
5753 1.950744
5765 1.998021
5880 0.835294
5913 2.340444
5926 0.698970
5947 1.247022
5948 1.726646
5967 1.808965
6070 0.742749
6071 0.619458
6097 1.094931
6112 1.003190
6117 1.608050
6129 1.960233
6433 0.758381
6436 12.772330
6463 1.448350
6516 4.874708
6657 1.471212
6708 1.323411
6725 2.551972
6729 2.738384
6793 7.453291
6811 2.562293
6828 0.717195
6838 1.120336
6864 0.436270
6875 2.194316
7061 0.478313
7062 0.687865
7111 0.499085
7126 1.539802
7143 0.922143
7177 2.340444
7188 1.376656
7217 0.796376
7363 2.562293
7371 2.340444
7385 1.539802
7498 0.710934
7501 1.052642
7534 1.608050
7584 1.641474
7635 0.704960
7668 1.641474
7675 2.738384
7704 0.713078
7707 1.066286
7709 1.359157
7735 1.233234
7738 1.066286
7740 4.388632
7770 2.437354
7785 1.760661
7788 0.530212
7859 1.205707
7946 1.026577
7959 1.960233
7978 1.099895
7985 1.863323
7991 1.562293
8016 0.939044
8024 2.261263
8083 0.711035
8085 1.507935
8128 2.364163
8157 0.939044
8175 1.448350
8343 0.986336
8351 1.233234
8381 1.164353
8397 2.136324
8404 0.522218
8410 1.307020
8462 1.226501
8478 1.960233
8494 1.291226
8512 1.750123
8534 1.835294
8545 1.507935
8594 1.808965
8605 0.738384
8761 0.747158
8904 2.437354
9019 1.057143
9047 0.829899
9114 24.285925
9115 6.629494
9116 2.364163
9189 1.448350
9197 1.520900
9270 1.075626
9280 1.158601
9287 2.738384
9290 1.738384
9318 4.170343
9357 1.376656
9444 0.939044
9660 2.562293
9690 1.592256
9761 0.835294
9767 1.134157
9777 1.784142
9788 1.608050
9895 1.738384
9926 1.659203
9933 1.075626
9944 1.182082
9955 1.925471
10036 0.736218
10062 1.960233
10085 2.078828
10152 2.136324
10185 0.932204
10276 1.617930
10318 1.592256
10325 1.030814
10468 2.261263
10528 1.893286
10591 1.200565
10606 1.507935
10619 0.528869
10651 1.233234
10676 5.124586
10727 2.738384
10818 1.299051
10887 1.268562
10890 0.465383
10898 1.459631
11150 1.022381
11210 0.849082
11256 2.338028
11257 1.226501
11376 0.464226
11380 1.893286
11396 0.942504
11458 2.564168
11488 2.738384
11502 1.014108
11503 0.884078
11532 1.956073
11600 1.055655
11636 1.164353
11637 3.715298
