195

23 3.054674
45 1.405946
49 2.738384
103 1.219870
404 0.545260
407 1.998021
508 0.774596
623 2.039414
697 0.819306
763 1.641474
827 1.784142
878 2.261263
913 3.118242
917 0.574031
994 1.448350
1157 1.315138
1269 0.939044
1285 1.349218
1296 0.974956
1333 7.303747
1351 2.437354
1506 1.115135
1532 0.779343
1592 3.361008
1617 3.873678
1649 3.524207
1725 1.200565
1999 3.039414
2000 0.986336
2076 1.448350
2264 1.437354
2267 1.247022
2363 4.089523
2473 1.026577
2486 1.608050
2497 1.608050
2507 0.380449
2539 1.130929
2633 2.189863
2677 1.548052
2926 1.520900
2954 0.935610
2983 1.367316
3122 0.765256
3177 1.158601
3203 1.130396
3342 2.194316
3417 1.075626
3446 10.425858
3531 0.788994
3573 0.788994
3626 4.837661
3657 2.136324
3714 4.680888
3735 1.483112
3741 2.085172
3795 1.395961
3841 0.954243
3850 1.516762
3858 2.085172
3926 1.972671
3928 5.749417
3951 0.704960
4005 1.094931
4157 3.617930
4196 0.734063
4362 2.734633
4451 2.634138
4452 8.898670
4505 2.136324
4537 3.329986
4538 1.120336
4570 2.261263
4634 2.039414
4644 1.562293
4663 1.780390
4708 0.689166
4943 0.572546
4955 1.562293
5005 2.437354
5060 1.835294
5083 1.349218
5100 0.700958
5270 6.979807
5352 2.437354
5361 1.925471
5394 2.987009
5395 1.035093
5496 0.978716
5569 4.106308
5734 1.686879
5821 0.918840
5833 0.998169
5867 1.808965
5949 3.675361
6112 0.501595
6240 1.448350
6346 1.395961
6436 6.386165
6456 1.612836
6864 0.436270
6909 2.988632
6937 2.261263
7041 1.376656
7061 0.478313
7111 0.499085
7126 1.539802
7130 1.960233
7282 1.835294
7377 6.379931
7385 2.309704
7498 4.976538
7594 1.507935
7633 6.078828
7661 2.136324
7704 2.139235
7705 1.893286
7709 2.038736
7713 1.416165
7734 3.039414
7760 0.666502
7788 1.590635
7861 0.696991
7874 1.275986
7915 1.043779
7982 2.085172
8098 1.247022
8128 1.182082
8237 4.680730
8241 5.091124
8281 1.367316
8404 1.044436
8407 2.896699
8462 2.453002
8520 1.808965
8547 1.925471
8559 1.562293
8605 0.738384
8645 1.960233
8785 2.547247
8930 2.096376
8931 1.331797
9065 1.831125
9099 1.315138
9116 2.364163
9189 1.448350
9280 1.158601
9328 0.915562
9357 1.376656
9444 2.817131
9473 1.483112
9480 1.624441
9579 1.315138
9587 1.291226
9618 0.960233
9653 1.784142
9667 1.158601
9668 3.434390
9704 3.393983
9833 2.738384
9872 1.141787
9873 1.376656
9903 1.587803
9933 1.075626
10114 2.562293
10147 3.096105
10252 2.437354
10276 0.808965
10279 2.011981
10352 0.971228
10378 2.733553
10396 1.014108
10397 0.846290
10406 2.340444
10475 2.158908
10487 0.596934
10588 2.562293
10619 0.528869
10701 0.786561
10761 4.522526
10890 0.465383
10991 1.784142
11121 4.800651
11187 2.738384
11194 1.014108
11210 0.849082
11242 1.048188
11306 1.178330
11364 1.437354
11462 1.405946
11532 1.304049
11599 1.925471
11600 0.351885
11609 2.426679
11637 1.857649
