73

74 0.233209
530 0.176201
917 0.047345
1044 0.212997
1649 0.072668
1723 0.114332
1766 0.103435
2076 0.119458
2090 0.136849
2174 0.078314
2473 0.084671
2524 0.086453
2543 0.094173
2768 0.083306
2806 0.085373
3014 0.081670
3095 0.048721
3235 0.168208
3285 0.130070
3370 0.274653
3603 0.286759
3885 0.211729
3975 0.194993
4047 0.176201
4196 0.060544
4266 0.086820
4333 0.093722
4645 0.087567
4682 0.201030
4693 0.158810
4708 0.056841
4943 0.047223
5032 0.235333
5323 0.156156
5451 0.145217
5486 0.186506
5491 0.033399
5678 0.081352
5792 0.080413
6211 0.101160
6555 0.250687
6587 0.051366
6635 0.101715
6708 0.109153
6813 0.064874
6816 0.080723
7061 0.078901
7062 0.056734
7125 0.116803
7704 0.058814
7758 0.081991
7899 0.146338
8193 0.156156
8387 0.070496
8455 0.035983
8499 0.197052
8650 0.107144
8931 0.043938
9031 0.072918
9144 0.076332
9406 0.168208
9655 0.193037
9677 0.104629
9767 0.023386
9871 0.100075
9969 0.180984
10319 0.250687
10337 0.350267
10475 0.044516
10510 0.141632
10890 0.038384
11362 0.096034
11521 0.266148
