170

23 0.036250
71 0.031259
108 0.041660
248 0.125362
268 0.044395
346 0.018038
404 0.038824
418 0.029355
424 0.048352
438 0.057832
508 0.055153
684 0.067403
1008 0.083322
1152 0.067403
1236 0.222702
1250 0.066336
1321 0.074234
1466 0.032364
1666 0.026838
1766 0.044647
1880 0.049698
2021 0.051171
2022 0.061134
2090 0.059069
2174 0.101410
2244 0.050053
2257 0.053236
2259 0.015188
2340 0.072500
2452 0.055619
2651 0.083749
2762 0.050202
2806 0.073701
2916 0.051964
2927 0.057832
2954 0.033309
3048 0.044647
3076 0.080503
3264 0.190884
3370 0.197584
3414 0.118551
3415 0.049350
3455 0.042299
3466 0.058438
3499 0.053684
3592 0.060414
3621 0.032024
3705 0.069786
3727 0.114496
3926 0.035114
3984 0.047115
4037 0.064401
4047 0.076055
4333 0.242725
4412 0.216412
4451 0.062519
4538 0.039885
4566 0.029450
4610 0.046820
4682 0.086772
4725 0.112287
4747 0.045426
4943 0.040766
4954 0.050417
5032 0.101579
5067 0.041452
5135 0.021140
5163 0.059069
5323 0.134806
5367 0.091220
5394 0.017723
5395 0.073701
5451 0.062681
5491 0.014416
5681 0.040846
5683 0.053684
5714 0.050789
5732 0.056005
5753 0.046299
5762 0.052800
5795 0.041660
5833 0.035536
5902 0.048033
5931 0.059727
6066 0.250725
6097 0.038981
6111 0.057248
6433 0.026999
6570 0.035531
6616 0.032024
6704 0.064401
6792 0.036996
6813 0.028002
6828 0.025533
6858 0.040262
6864 0.015532
6874 0.017813
6980 0.085038
7058 0.068549
7061 0.068114
7083 0.216412
7202 0.076055
7257 0.064401
7450 0.245051
7515 0.050053
7580 0.044647
7592 0.072605
7650 0.056143
7704 0.025386
7760 0.023728
7899 0.410573
7946 0.036547
7966 0.057248
8016 0.033431
8050 0.076055
8150 0.078315
8243 0.053236
8387 0.060858
8444 0.057248
8455 0.124253
8457 0.042519
8498 0.047721
8499 0.028352
8538 0.083322
8559 0.055619
8650 0.046247
8702 0.094229
8826 0.063114
8871 0.042299
8931 0.009483
9051 0.040072
9059 0.057939
9065 0.032595
9144 0.032948
9271 0.065338
9422 0.069786
9435 0.057248
9594 0.053236
9669 0.027576
9725 0.129588
9761 0.029737
9767 0.040377
9811 0.032364
9855 0.058438
9870 0.091220
10011 0.065338
10029 0.059727
10161 0.091220
10224 0.061888
10337 0.151189
10403 0.049010
10423 0.049768
10433 0.037475
10476 0.122268
10534 0.052377
10565 0.047721
10635 0.059727
10658 0.044148
10726 0.091220
10771 0.091220
10890 0.016568
10963 0.097489
10981 0.056143
11096 0.049010
11139 0.050789
11306 0.041950
11362 0.041452
11375 0.028176
11523 0.019166
11600 0.012527
