155

108 0.046958
346 0.020332
404 0.043761
418 0.033089
438 0.065187
684 0.075975
1044 0.051815
1152 0.075975
1236 0.251025
1250 0.074773
1284 0.043354
1321 0.083675
1466 0.036480
1532 0.031274
1617 0.051815
1666 0.030251
1766 0.050325
1804 0.053107
1880 0.056018
2000 0.039580
2008 0.062121
2021 0.057679
2022 0.068909
2090 0.133163
2174 0.076205
2217 0.066582
2244 0.056419
2257 0.060006
2259 0.017120
2340 0.081720
2452 0.062693
2507 0.015267
2530 0.028780
2651 0.094400
2806 0.041537
2916 0.058573
2954 0.037545
3095 0.023704
3264 0.107580
3366 0.054869
3370 0.178170
3414 0.044543
3455 0.047679
3473 0.030802
3499 0.060511
3603 0.069759
3621 0.036097
3705 0.078661
3754 0.074773
3984 0.053107
4037 0.072591
4127 0.088055
4196 0.029457
4315 0.030342
4333 0.319194
4362 0.054869
4451 0.035235
4517 0.243935
4538 0.044958
4610 0.052775
4667 0.083675
4747 0.051204
4770 0.050613
4834 0.042422
4943 0.045951
4954 0.056829
5163 0.066582
5367 0.102821
5395 0.083074
5451 0.070653
5681 0.046040
5683 0.060511
5714 0.057249
5732 0.031564
5753 0.052187
5762 0.059515
5795 0.046958
5833 0.020028
5902 0.054142
6066 0.070653
6111 0.064529
6433 0.030433
6570 0.040049
6616 0.036097
6704 0.072591
6792 0.041701
6813 0.031564
6828 0.028780
6858 0.045383
6864 0.017507
6874 0.020078
6980 0.047926
7047 0.048690
7061 0.057582
7093 0.308464
7118 0.024530
7257 0.072591
7450 0.276217
7592 0.081839
7694 0.031178
7704 0.057230
7758 0.039892
7760 0.026746
7899 0.462789
7946 0.041195
7966 0.064529
8150 0.088275
8387 0.034299
8444 0.064529
8455 0.052521
8457 0.047926
8559 0.062693
8650 0.052129
8826 0.056913
8871 0.047679
8931 0.010689
9014 0.088055
9051 0.045169
9059 0.043538
9144 0.037138
9262 0.069759
9264 0.052775
9270 0.043163
9271 0.073648
9435 0.064529
9594 0.060006
9669 0.031083
9677 0.050906
9725 0.097379
9761 0.033519
9767 0.056890
9811 0.036480
9855 0.065870
9871 0.097379
10011 0.073648
10029 0.067323
10055 0.090741
10185 0.037408
10337 0.213021
10423 0.056097
10476 0.137817
10530 0.046724
10534 0.059038
10565 0.053790
10635 0.067323
10658 0.049762
10726 0.102821
10890 0.037350
10981 0.063283
11139 0.057249
11306 0.047285
11375 0.031759
11523 0.043207
11526 0.035722
11600 0.014121
