185

23 1.018225
112 2.194316
194 0.723444
248 1.760661
270 2.039414
292 1.115135
298 1.677686
404 0.545260
418 0.824570
443 1.893286
508 0.774596
598 1.659203
636 2.039414
642 1.760661
659 3.568283
684 1.893286
895 0.846290
1044 1.291226
1185 1.893286
1231 1.022381
1284 1.080373
1344 2.136324
1436 1.534264
1542 0.814105
1666 0.753857
1721 0.747158
1723 1.386202
1750 1.784142
1766 1.254084
1804 1.323411
1906 2.562293
2064 1.206905
2090 1.659203
2141 1.376656
2174 0.949509
2259 0.426630
2303 3.039414
2340 3.054674
2417 1.717195
2473 1.026577
2484 1.863323
2507 0.380449
2543 1.141787
2552 2.087558
2651 0.784142
2666 3.920466
2762 3.290281
2763 0.756113
2806 1.035093
2918 2.085172
3076 2.261263
3095 0.590708
3119 2.194316
3137 1.863323
3255 1.367316
3264 2.680888
3370 5.549976
3414 2.219990
3420 2.039414
3455 1.188156
3489 1.405946
3521 1.254084
3535 1.005990
3546 1.957433
3567 0.711035
3592 1.696991
3603 3.476768
3626 0.967532
3681 1.158601
3727 1.608050
3760 1.483112
3783 1.471212
3818 0.704960
3926 0.986336
3956 1.717195
4194 4.680888
4196 0.734063
4211 0.912309
4333 11.363241
4451 1.756092
4516 3.282948
4520 1.459568
4725 4.731048
4734 0.619458
4931 2.437354
4967 1.349218
5032 7.133151
5053 1.080373
5250 2.340444
5307 1.030814
5394 0.497835
5395 2.070185
5468 1.194316
5491 0.404937
5521 1.307020
5523 2.340444
5678 0.986336
5681 1.147320
5720 2.194316
5735 1.507935
5743 0.749380
5833 0.499085
5851 0.846290
5885 0.706976
5926 1.397940
5927 2.562293
5931 1.677686
5988 3.920466
6066 1.760661
6097 1.094931
6239 1.738384
6291 0.806418
6317 0.702954
6367 1.405946
6587 0.622774
6605 1.459631
6708 2.646822
6812 3.679502
6828 0.717195
6874 1.501014
6976 2.562293
6982 1.760661
7058 3.850942
7060 0.932204
7061 1.913251
7062 0.687865
7094 3.039414
7111 0.499085
7118 0.611279
7124 1.562293
7450 1.376656
7589 1.261263
7595 1.367316
7609 3.039414
7621 2.261263
7635 0.704960
7704 2.139235
7899 11.532635
7915 1.043779
8016 0.939044
8050 2.136324
8332 1.483112
8455 0.872539
8539 0.668346
8545 1.507935
8650 2.598103
8674 2.738384
8761 0.747158
8826 0.354565
8931 1.598157
8946 2.738384
8953 2.562293
9059 1.627453
9107 1.291226
9144 3.701883
9221 4.874708
9264 2.630276
9270 1.075626
9283 1.835294
9475 3.434390
9562 0.982509
9724 2.562293
9725 2.426679
9727 3.039414
9767 0.283539
9865 0.796376
10075 2.340444
10185 1.864408
10224 1.738384
10279 1.005990
10337 8.493524
10409 2.738384
10412 1.808965
10475 1.079454
10507 3.067142
10562 3.726646
10592 1.925471
10887 1.268562
11121 0.600081
11150 1.022381
11258 1.386202
11309 2.562293
11351 3.039414
11502 1.014108
11526 0.890195
