152

7 2.698436
74 0.942504
127 1.437354
194 0.723444
248 1.760661
264 1.893286
298 1.677686
642 1.760661
734 1.448350
1044 1.291226
1174 2.039414
1444 1.459631
1561 1.863323
1617 1.291226
1624 3.039414
1667 2.738384
1766 1.254084
1842 4.522526
1844 2.437354
1872 0.638014
1874 1.577016
2064 1.206905
2085 1.448350
2093 6.078828
2165 0.808965
2184 3.039414
2340 3.054674
2394 2.340444
2452 1.562293
2507 0.760899
2651 0.784142
2762 0.470040
2763 2.268339
2769 1.115135
3095 0.590708
3264 2.680888
3370 4.439981
3371 3.184512
3432 1.471212
3521 2.508169
3633 1.219870
3697 2.039414
3936 4.680888
3992 1.960233
4037 5.426896
4110 4.856141
4179 1.483112
4181 1.520900
4196 1.468125
4217 1.147320
4266 1.052642
4333 6.817945
4362 1.367316
4370 2.136324
4516 1.641474
4520 0.729784
4538 2.240672
4558 3.039414
4566 2.481680
4614 1.426630
4645 1.061691
4725 6.308064
4832 1.548052
5032 1.426630
5050 0.945992
5135 0.593810
5307 2.061628
5394 1.991340
5395 1.035093
5491 0.404937
5521 1.307020
5529 0.646717
5734 1.124586
5753 0.650248
5792 0.974956
5821 0.918840
5833 0.499085
5885 0.706976
5926 4.193820
5931 1.677686
5945 1.141787
6066 1.760661
6071 0.619458
6097 1.094931
6117 1.608050
6182 3.039414
6308 1.498759
6317 0.702954
6354 1.863323
6401 3.393983
6504 0.872097
6587 0.622774
6635 1.233234
6828 0.717195
6874 1.000676
6962 1.200565
6982 1.760661
7061 0.956625
7062 0.687865
7124 1.562293
7217 0.796376
7219 2.562293
7404 1.125600
7530 0.998021
7583 1.659203
7694 0.776963
7704 0.713078
7808 1.677686
7818 1.760661
7899 4.435629
7920 1.039414
8001 3.039414
8016 0.939044
8387 0.854723
8410 1.307020
8455 0.872539
8467 1.577016
8583 1.349218
8628 11.743804
8650 1.299051
8759 1.483112
8767 0.704960
8826 0.531848
8931 1.065438
9051 1.125600
9059 0.542484
9105 1.061691
9130 0.767573
9144 1.850942
9262 3.476768
9264 1.315138
9266 2.738384
9406 2.039414
9612 1.925471
9677 2.537124
9761 0.835294
9767 0.283539
9871 2.426679
9873 1.376656
10185 1.864408
10322 3.039414
10337 2.123381
10378 0.683388
10475 1.079454
10735 1.548052
11121 1.800244
11254 4.680888
11290 1.548052
11295 1.213339
11298 1.182082
11306 0.589165
11568 1.349218
