62

71 0.076136
308 0.079389
438 0.140857
508 0.067166
586 0.064787
659 0.309409
1044 0.111964
1185 0.164169
2097 0.263551
2543 0.099005
2762 0.040758
3264 0.116231
3370 0.192498
3371 0.138066
3546 0.084865
3818 0.061128
3930 0.164169
4017 0.263551
4060 0.313714
4127 0.190271
4211 0.079107
4333 0.197064
4573 0.047159
4738 0.049646
4811 0.527101
5032 0.247409
5178 0.072195
5234 0.318280
5678 0.085526
5990 0.237448
6066 0.152669
6071 0.053714
6317 0.182862
6813 0.068203
6874 0.043385
6998 0.180807
7061 0.124425
7062 0.089468
7257 0.156857
7279 0.263551
7812 0.130755
7872 0.122797
7899 0.307694
7959 0.169974
7978 0.095373
8455 0.113488
8767 0.061128
8821 0.122797
8871 0.103026
8931 0.046193
8945 0.263551
9059 0.047039
9788 0.139436
10055 0.196076
10185 0.080832
10337 0.092060
10547 0.148900
10658 0.107528
10880 0.143871
10890 0.040354
11295 0.105210
11523 0.046681
