118

74 0.062694
271 0.364309
318 0.054850
642 0.117117
665 0.042098
1044 0.085891
1157 0.087482
1185 0.125940
1231 0.068008
1233 0.170441
1236 0.277407
1285 0.089749
1451 0.109189
1498 0.084877
1766 0.083420
1787 0.142106
1796 0.097093
1880 0.092858
2090 0.110369
2115 0.061340
2154 0.045079
2174 0.126321
2217 0.110369
2340 0.067731
2473 0.068287
2530 0.047707
2543 0.151901
2651 0.052160
2762 0.031267
2768 0.067186
3048 0.083420
3205 0.094202
3264 0.089165
3370 0.221507
3414 0.073836
3423 0.061561
3513 0.114226
3547 0.122082
3592 0.112882
3727 0.106966
3975 0.078631
4060 0.240661
4194 0.155684
4310 0.068008
4333 0.302349
4451 0.058407
4516 0.109189
4526 0.109189
4542 0.094202
4645 0.070623
4725 0.209803
4734 0.041206
4793 0.097864
4833 0.111598
4834 0.070320
4943 0.076170
5032 0.284694
5059 0.108056
5119 0.182155
5394 0.033115
5395 0.068853
5451 0.117117
5529 0.043019
5750 0.256161
5792 0.129706
5833 0.066397
5902 0.089749
6360 0.162130
6635 0.082034
6813 0.052321
6874 0.033282
7009 0.114226
7047 0.080710
7061 0.063634
7062 0.045756
7118 0.040662
7257 0.120331
7498 0.047291
7595 0.090953
7641 0.043019
7650 0.104902
7704 0.047433
7761 0.079860
7870 0.155684
7899 0.118021
7959 0.130393
8050 0.142106
8291 0.145964
8387 0.056855
8455 0.087061
8499 0.052974
8538 0.155684
8642 0.120331
8702 0.088032
8931 0.035436
9031 0.058808
9059 0.072171
9144 0.123123
9262 0.115636
9271 0.122082
9406 0.135660
9608 0.150417
9725 0.161420
9767 0.018861
9788 0.106966
9895 0.115636
9926 0.110369
10185 0.062009
10224 0.115636
10337 0.282490
10433 0.070021
10509 0.046893
10547 0.114226
10890 0.030957
11306 0.039191
11333 0.155684
11362 0.077452
11568 0.089749
