201

25 0.094294
26 0.099672
64 0.044259
71 0.054480
101 0.075616
108 0.036303
111 0.176236
186 0.030131
191 0.051474
199 0.041858
308 0.113616
313 0.044933
346 0.062874
400 0.094294
404 0.050748
458 0.023180
483 0.038906
552 0.031085
553 0.024327
586 0.046359
600 0.030131
630 0.068710
632 0.061439
665 0.039268
762 0.075616
902 0.064690
917 0.017809
1053 0.124341
1102 0.038687
1106 0.030131
1132 0.078536
1135 0.039820
1182 0.063270
1333 0.025177
1462 0.106547
1487 0.025998
1542 0.025256
1658 0.094294
1673 0.084955
1777 0.043617
1872 0.019793
1874 0.048925
1884 0.094294
1940 0.197424
1980 0.094294
1986 0.034920
2024 0.031718
2033 0.048468
2052 0.042419
2065 0.063270
2071 0.030131
2091 0.075690
2154 0.021024
2171 0.055351
2185 0.036672
2403 0.064690
2497 0.049888
2667 0.042709
2696 0.042402
2700 0.048026
2711 0.048468
2762 0.029165
2898 0.064690
3034 0.042135
3095 0.036652
3122 0.023741
3233 0.048026
3249 0.068076
3293 0.059735
3473 0.047626
3482 0.030016
3492 0.086005
3841 0.014802
4071 0.031589
4359 0.033224
4413 0.031209
4423 0.060813
4451 0.027240
4458 0.097145
4566 0.076991
4573 0.016873
4729 0.037246
4834 0.032796
4866 0.029348
5023 0.033224
5026 0.038472
5042 0.096936
5096 0.052647
5100 0.021746
5135 0.073688
5143 0.028005
5150 0.051474
5178 0.025830
5241 0.052647
5346 0.054622
5491 0.012563
5521 0.040548
5610 0.066276
5673 0.056937
5689 0.025998
5790 0.060813
5833 0.015483
5892 0.041585
5926 0.021685
6070 0.023043
6106 0.049888
6112 0.015561
6220 0.087869
6227 0.035944
6291 0.025018
6421 0.036652
6456 0.050036
6463 0.044933
6547 0.052048
6587 0.038641
6632 0.094294
6806 0.021024
6813 0.024402
6874 0.015522
6878 0.118757
6880 0.094294
7008 0.027240
7062 0.032010
7100 0.064690
7111 0.015483
7143 0.028608
7217 0.024706
7350 0.154423
7389 0.044259
7411 0.027713
7470 0.188587
7498 0.033084
7641 0.020063
7668 0.050924
7670 0.084955
7812 0.046782
7818 0.054622
7847 0.057841
7862 0.029790
7887 0.030131
7913 0.047598
7948 0.042709
7989 0.032519
8007 0.025998
8044 0.046011
8065 0.068076
8083 0.088235
8104 0.086010
8150 0.034123
8200 0.094294
8227 0.025337
8271 0.028711
8338 0.029567
8455 0.067673
8456 0.049398
8469 0.040058
8499 0.024706
8512 0.054295
8552 0.041319
8641 0.038906
8728 0.076519
8826 0.044000
8829 0.080473
8866 0.064690
8919 0.023598
8931 0.041317
9059 0.084149
9062 0.033370
9104 0.027713
9107 0.040058
9110 0.154749
9138 0.020908
9242 0.070162
9328 0.028404
9380 0.035253
9461 0.044758
9584 0.041585
9592 0.099672
9601 0.066276
9632 0.043308
9767 0.017593
9865 0.024706
10009 0.110701
10058 0.018814
10092 0.110087
10096 0.046011
10275 0.073345
10326 0.022707
10327 0.043935
10423 0.021685
10487 0.037038
10619 0.016407
10621 0.139681
10890 0.043314
10990 0.063270
11025 0.021142
11306 0.018278
11376 0.014402
11378 0.063270
11605 0.102254
11606 0.375964
