227

109 1.233234
173 1.592256
194 0.723444
213 0.840757
216 1.495346
292 1.115135
318 0.824570
418 0.824570
458 0.747158
536 0.905875
604 1.495346
665 0.632874
760 1.998021
781 3.318406
787 2.194316
895 0.846290
913 2.078828
916 1.808965
934 1.808965
960 1.066286
965 0.963867
1028 1.376656
1053 1.001988
1064 1.426630
1090 1.641474
1111 6.078828
1112 0.765256
1132 0.632874
1188 1.998021
1221 2.261263
1231 1.022381
1296 0.974956
1456 0.849082
1499 1.052642
1532 0.779343
1592 1.120336
1654 2.194316
1666 1.507714
1721 0.747158
1900 1.507935
1991 1.066286
2002 2.551972
2082 1.577016
2115 1.844286
2131 2.036450
2154 0.677686
2259 0.853261
2268 0.760661
2339 2.294639
2405 1.323411
2467 1.998021
2507 0.380449
2524 2.096376
2550 0.801368
2565 1.416165
2638 1.061691
2690 0.974956
3020 3.039414
3203 1.695594
3233 1.548052
3275 1.222559
3282 1.376656
3374 1.170182
3401 2.680888
3473 0.767573
3489 1.405946
3509 1.520900
3510 3.920466
3516 3.039414
3531 2.366982
3567 2.133104
3599 1.158601
3621 0.899535
3691 1.485498
3694 1.240074
3700 1.283539
3715 1.534264
3772 1.349218
3850 0.758381
3951 2.819841
3993 2.261263
4005 2.189863
4071 1.018225
4181 1.520900
4195 1.170182
4246 1.925471
4387 2.738384
4396 1.520900
4452 1.483112
4573 0.543870
4615 1.483112
4711 1.960233
4842 1.624441
4843 1.608050
4847 3.039414
4866 0.945992
4901 0.902694
4928 1.624441
4943 0.572546
4970 1.367316
4986 3.039414
5012 0.827227
5050 0.945992
5083 1.349218
5100 1.401915
5174 1.507935
5193 3.476768
5307 1.030814
5324 0.971228
5375 6.078828
5394 0.995670
5522 3.039414
5529 0.646717
5569 5.132884
5573 3.039414
5651 1.315138
5681 1.147320
5719 1.182082
5734 1.124586
5753 0.650248
5826 1.130929
5833 0.499085
5880 0.835294
5953 1.925471
6117 1.608050
6170 1.998021
6171 2.039414
6397 3.039414
6436 11.860021
6456 0.806418
6473 2.085172
6796 1.367316
6820 1.863323
6859 1.863323
6874 0.500338
6909 1.494316
6937 2.261263
6962 1.200565
7062 0.687865
7072 1.405946
7126 0.769901
7150 0.978716
7215 1.717195
7323 2.738384
7333 2.437354
7385 4.619407
7448 2.085172
7498 0.355467
7580 1.254084
7635 0.704960
7709 0.679579
7738 1.066286
7758 0.994091
7772 2.738384
7788 1.590635
7859 0.301427
7862 0.960233
7936 1.331844
7946 1.026577
8085 1.507935
8087 3.475802
8089 1.893286
8132 2.738384
8230 1.808965
8271 0.925471
8351 1.233234
8404 0.522218
8407 1.448350
8478 1.960233
8485 3.345404
8494 1.291226
8558 1.863323
8559 1.562293
8761 1.494316
8784 0.932204
8826 1.240979
8874 3.970232
8919 0.760661
8924 1.213339
8930 1.048188
8931 0.266359
9097 0.939044
9115 2.209831
9138 0.673926
9270 1.075626
9279 1.367316
9444 0.939044
9521 4.449335
9618 0.960233
9634 1.247022
9642 1.283539
9643 1.170182
9667 1.158601
9688 1.315138
9725 1.213339
9761 0.835294
9767 0.283539
9865 0.796376
9881 1.677686
9903 1.587803
9905 1.608050
9950 1.315138
10093 1.641474
10195 0.846290
10213 3.039414
10276 3.235861
10376 2.261263
10423 0.698970
10511 3.039414
10661 3.015870
10890 0.930766
10903 1.548052
11084 1.677686
11152 1.786572
11206 2.136324
11242 2.096376
11397 0.974956
11420 4.680888
11443 0.945992
11475 1.459631
11503 0.884078
11521 1.075626
11532 1.304049
11568 1.349218
11600 0.703770
11636 1.164353
11637 2.786473
