203

23 2.036450
65 3.068528
74 0.942504
194 0.723444
204 1.315138
318 1.649141
404 1.635779
418 1.649141
629 3.726646
632 0.990196
651 1.534264
770 2.562293
808 2.966223
809 5.124586
865 4.731048
919 2.437354
1102 2.494045
1112 3.061025
1175 1.808965
1269 0.939044
1306 4.522526
1617 1.291226
1827 2.437354
2028 1.548052
2110 3.568283
2122 2.194316
2222 2.562293
2230 1.426630
2267 1.247022
2301 1.784142
2473 1.026577
2518 0.824570
2524 1.048188
2718 1.275986
2769 1.115135
2921 3.434390
2962 1.471212
3131 1.507935
3177 1.158601
3275 0.611279
3337 2.136324
3338 3.996043
3383 3.670588
3402 1.323411
3491 1.925471
3500 1.608050
3513 1.717195
3531 0.788994
3535 1.005990
3573 0.788994
3613 1.005990
3626 0.967532
3627 2.508169
3673 1.349218
3683 1.070931
3722 3.039414
3761 3.564467
3818 0.704960
3828 2.085172
3888 8.545297
3984 3.970232
4081 2.039414
4091 0.693061
4130 1.998021
4181 1.520900
4215 0.499085
4266 3.157927
4289 2.039414
4413 1.005990
4538 1.120336
4566 0.827227
4613 0.902694
4708 0.689166
4764 3.458770
5100 2.102873
5143 1.805387
5227 3.873678
5307 1.030814
5394 0.497835
5601 7.794309
5678 0.986336
5701 1.331844
5732 0.786561
5737 1.863323
5743 0.749380
5749 0.967532
5773 2.136324
5817 1.386202
5826 3.392787
5867 1.808965
5926 0.698970
5949 0.918840
5962 1.349218
6060 0.971228
6065 1.358173
6071 0.619458
6095 3.039414
6112 0.501595
6317 0.702954
6324 2.942425
6433 0.758381
6570 0.998021
6587 0.622774
6688 2.085172
6740 1.808965
6802 2.011981
6806 1.355373
6814 1.219870
6859 1.863323
6934 1.448350
7001 6.790864
7008 0.878046
7041 4.129969
7048 1.925471
7064 1.998021
7072 1.405946
7111 0.499085
7120 0.832588
7641 2.586869
7653 3.521321
7661 2.136324
7733 2.261263
7745 0.806418
7758 0.994091
7775 1.340444
7856 1.254084
7866 3.039414
7870 2.340444
7878 1.863323
7883 3.850942
7915 3.131337
7966 1.608050
7995 1.835294
8129 3.039414
8150 4.399579
8232 7.021332
8241 2.036450
8245 1.039414
8294 1.850942
8313 3.039414
8376 2.136324
8381 1.164353
8404 0.522218
8470 1.152923
8474 1.965019
8475 1.349218
8487 1.548052
8539 0.668346
8605 0.738384
8621 1.283539
8677 2.716346
8721 2.437354
8784 0.932204
8785 6.792659
8819 2.598103
8829 1.296958
8876 2.039414
8893 1.483112
8931 0.799078
9019 3.171429
9020 4.272648
9037 2.340444
9047 1.659798
9049 2.437354
9059 0.542484
9099 1.315138
9130 0.767573
9132 0.731918
9242 0.753857
9255 1.405946
9387 1.760661
9461 0.721351
9551 1.893286
9592 1.070931
9618 0.960233
9832 1.784142
9949 2.085172
9974 12.400736
10029 1.677686
10077 1.323411
10309 0.994091
10352 1.942457
10363 1.577016
10378 0.683388
10401 2.044762
10475 1.619181
10591 1.200565
10619 0.528869
10701 0.786561
10720 1.677686
10811 2.194316
10887 1.268562
10991 1.784142
11031 1.448350
11121 2.400326
11135 6.456130
11214 2.437354
11340 0.986336
11402 2.261263
11532 1.304049
11534 1.696991
11544 1.624441
11600 1.055655
