147

65 0.054518
183 0.631611
194 0.025706
391 0.048261
404 0.019375
661 0.084007
672 0.086608
726 0.067275
764 0.056037
857 0.082338
875 0.202858
965 0.068499
1053 0.035604
1231 0.108986
1267 0.091047
1284 0.076779
1285 0.047942
1483 0.062562
1484 0.058327
1516 0.056037
1532 0.027693
1821 0.077972
1963 0.185312
2067 0.044817
2107 0.057140
2146 0.058327
2165 0.028745
2205 0.053582
2230 0.050693
2264 0.051074
2268 0.027029
2357 0.083164
2435 0.067275
2550 0.028475
2565 0.050321
2575 0.033992
2756 0.056037
2886 0.056037
3029 0.054043
3034 0.048261
3122 0.027192
3366 0.048585
3373 0.182094
3492 0.024627
3558 0.042886
3565 0.086608
3618 0.062562
3626 0.068760
3651 0.208962
3679 0.053582
3691 0.131962
3700 0.045609
3841 0.016954
3891 0.046731
3938 0.043821
4033 0.182434
4121 0.044064
4196 0.078251
4313 0.069654
4374 0.064279
4437 0.052277
4462 0.040572
4969 0.040572
5026 0.044064
5267 0.086608
5301 0.070997
5358 0.064279
5399 0.560368
5488 0.173215
5496 0.034777
5524 0.108001
5591 0.065214
5833 0.017734
5851 0.030072
5880 0.029681
5931 0.059614
5945 0.040572
5949 0.032650
6047 0.067275
6071 0.022011
6136 0.057140
6217 0.257313
6317 0.024978
6504 0.030989
6568 0.025706
6828 0.050969
6901 0.151822
6964 0.062562
7118 0.152046
7123 0.041373
7428 0.046160
7501 0.037404
7549 0.155597
7655 0.131068
7656 0.046731
7694 0.082825
7872 0.050321
7911 0.044064
8070 0.173166
8073 0.057722
8079 0.091047
8137 0.114279
8227 0.029020
8234 0.045340
8408 0.083164
8539 0.023749
8605 0.026237
8785 0.030171
8822 0.056037
8826 0.037797
8867 0.277568
8916 0.066210
8919 0.054058
9022 0.065214
9047 0.058978
9061 0.046731
9085 0.072467
9087 0.055514
9130 0.081824
9132 0.052015
9138 0.071841
9280 0.082338
9282 0.108001
9328 0.032533
9383 0.109035
9388 0.097304
9628 0.086608
9761 0.029681
9865 0.028298
9899 0.065214
9919 0.039442
10029 0.059614
10302 0.102930
10465 0.095261
10509 0.025050
10537 0.054518
10563 0.049257
11067 0.074093
11121 0.021323
11152 0.095225
11457 0.059614
11458 0.060742
11466 0.039442
11503 0.031414
11523 0.019130
11600 0.062518
11611 0.057140
