285

22 0.041197
23 0.027340
106 0.047906
123 0.039193
183 0.146856
217 0.021722
287 0.062843
346 0.013604
391 0.036468
404 0.014641
415 0.081612
509 0.045566
553 0.021055
633 0.032407
634 0.033114
660 0.045048
661 0.190441
697 0.043999
895 0.022724
897 0.023104
898 0.041567
917 0.015413
965 0.025881
1112 0.020548
1177 0.055989
1226 0.073529
1239 0.065446
1441 0.062843
1465 0.037221
1498 0.068523
1596 0.045048
1616 0.039823
1636 0.029943
1641 0.034881
1642 0.058920
1643 0.028027
1776 0.065446
1818 0.035095
1831 0.020610
1844 0.065446
1849 0.053649
1897 0.050032
1994 0.029268
2017 0.045566
2018 0.073529
2024 0.027452
2067 0.033866
2118 0.050837
2188 0.055989
2268 0.040849
2332 0.073529
2355 0.068800
2396 0.055989
2502 0.262382
2524 0.028145
2555 0.073529
2572 0.023738
2593 0.068800
2596 0.045048
2622 0.062843
2636 0.081612
2680 0.040490
2720 0.028265
2723 0.081612
2762 0.025242
2954 0.050244
2967 0.039193
2995 0.040152
3029 0.040838
3121 0.021055
3213 0.060717
3241 0.046677
3243 0.026904
3272 0.081612
3275 0.032827
3318 0.062843
3351 0.029400
3414 0.059609
3417 0.028882
3466 0.044075
3473 0.041220
3542 0.045048
3546 0.026280
3548 0.060717
3588 0.062843
3590 0.058920
3592 0.045566
3673 0.036228
3691 0.099718
3721 0.054760
3727 0.043178
3744 0.068800
3807 0.037221
3885 0.034464
4033 0.068929
4148 0.052559
4154 0.062843
4237 0.065510
4266 0.028265
4346 0.045566
4374 0.048573
4452 0.039823
4453 0.065446
4601 0.058920
4633 0.540323
4663 0.023903
4672 0.081612
4708 0.018505
4783 0.053649
4859 0.042754
4911 0.068800
4943 0.015373
4954 0.038026
5026 0.033297
5050 0.025401
5061 0.065446
5064 0.031740
5112 0.025783
5121 0.062843
5139 0.073529
5143 0.024238
5178 0.022356
5394 0.053470
5494 0.046677
5496 0.026280
5591 0.246398
5709 0.053649
5738 0.058920
5753 0.017460
5757 0.052634
5759 0.062843
5821 0.049344
5833 0.013401
5849 0.038307
5885 0.018983
5889 0.058920
5903 0.047276
5926 0.018768
5986 0.081612
6047 0.050837
6070 0.079774
6136 0.043178
6193 0.038595
6213 0.054760
6217 0.032407
6300 0.042754
6317 0.037750
6433 0.020363
6559 0.026798
6568 0.019425
6572 0.041197
6629 0.081612
6635 0.066227
6639 0.047276
6657 0.039504
6858 0.030367
6864 0.011714
6872 0.073529
6964 0.047276
6992 0.040490
7008 0.023576
7050 0.031264
7084 0.111978
7118 0.131308
7272 0.081612
7394 0.038307
7404 0.030224
7411 0.071957
7439 0.044075
7475 0.068800
7513 0.062843
7530 0.026798
7549 0.039193
7580 0.067347
7587 0.041949
7589 0.067733
7604 0.044551
7655 0.049521
7656 0.176564
7694 0.020862
7756 0.044075
7758 0.026692
7759 0.048573
7788 0.028474
7794 0.038890
7926 0.050837
7989 0.028145
8007 0.022502
8043 0.081612
8083 0.019092
8085 0.040490
8097 0.081612
8111 0.027793
8186 0.124701
8227 0.043858
8234 0.034262
8238 0.065446
8272 0.023738
8317 0.081612
8326 0.034062
8328 0.081612
8539 0.017946
8545 0.040490
8636 0.081612
8667 0.044075
8755 0.062843
8767 0.018929
8784 0.025031
8787 0.073529
8822 0.169378
8826 0.014281
8867 0.293645
8909 0.042345
8919 0.040849
8929 0.065446
8931 0.007152
8956 0.029009
8959 0.030512
8971 0.035095
9033 0.145718
9047 0.044567
9079 0.041949
9118 0.124701
9184 0.043178
9195 0.081612
9280 0.031110
9328 0.024584
9366 0.035992
9378 0.297768
9381 0.030224
9407 0.068523
9438 0.041949
9473 0.039823
9587 0.034671
9593 0.025495
9653 0.047906
9679 0.081676
9709 0.058920
9743 0.081612
9755 0.041197
9761 0.022429
9793 0.081612
9811 0.024410
9895 0.046677
9899 0.049280
9904 0.047906
9999 0.064137
10063 0.036714
10069 0.085508
10143 0.109521
10187 0.050032
10302 0.077779
10303 0.047906
10400 0.081612
10401 0.027452
10465 0.143969
10509 0.037858
10534 0.039504
10544 0.071523
10568 0.081612
10619 0.014201
10687 0.073529
10865 0.052634
11115 0.199116
11152 0.023986
11166 0.054760
11208 0.079007
11281 0.081612
11306 0.031639
11335 0.028027
11349 0.034464
11362 0.031264
11376 0.024930
11445 0.046677
11451 0.284861
11457 0.045048
11458 0.068851
11466 0.029805
11502 0.108920
11503 0.047477
11523 0.014455
11535 0.057363
11600 0.122830
11625 0.059336
11630 0.050032
