235

30 13.165896
42 2.437354
79 0.922143
194 0.723444
213 0.840757
304 2.209831
308 1.831125
372 2.085172
457 1.061691
467 4.906003
506 2.437354
577 36.154331
594 1.784142
600 2.913685
630 0.553693
637 1.275986
651 1.534264
781 1.659203
798 1.307020
897 0.860437
917 0.574031
927 7.312062
1037 2.567079
1165 3.039414
1385 1.048188
1456 2.547247
1523 8.539091
1542 2.442315
1632 1.808965
1636 1.115135
1666 0.753857
1721 1.494316
1756 1.925471
1788 2.136324
1803 1.254084
1818 1.307020
1859 0.606445
1935 2.261263
1949 3.355373
1995 2.283574
2000 0.986336
2013 2.039414
2052 1.367316
2071 3.884913
2112 1.760661
2115 0.922143
2148 2.437354
2161 1.367316
2166 1.507935
2169 2.136324
2222 2.562293
2249 1.760661
2257 1.495346
2268 3.042642
2304 1.109995
2332 2.738384
2339 1.147320
2340 1.018225
2348 0.956629
2518 0.824570
2530 1.434390
2554 1.358173
2572 1.768156
2575 0.956629
2627 2.295769
2708 1.035093
2762 1.880161
2763 0.756113
2851 1.170182
2892 1.520900
2901 2.340444
2916 1.459631
2996 1.340444
3003 3.039414
3095 1.181416
3136 1.437354
3179 0.772242
3243 2.003975
3286 2.791923
3412 3.039414
3415 1.386202
3531 0.788994
3546 0.978716
3547 1.835294
3550 1.386202
3621 3.598140
3634 1.459631
3735 1.483112
3783 1.471212
3809 1.835294
3884 1.863323
4091 0.693061
4148 0.978716
4213 2.508169
4217 2.294639
4315 1.512226
4437 1.471212
4488 1.835294
4537 5.549976
4547 1.592256
4573 1.087740
4613 0.902694
4738 1.145093
4988 2.340444
5025 0.840757
5053 1.080373
5073 2.562293
5112 0.960233
5143 0.902694
5178 0.832588
5227 1.291226
5256 1.340444
5320 0.909080
5323 1.893286
5331 3.850942
5363 7.440441
5365 6.078828
5368 3.318406
5369 1.960233
5392 6.078828
5395 1.035093
5454 3.039414
5491 0.809874
5679 1.548052
5712 2.902596
5734 0.562293
5749 0.967532
5762 1.483112
5763 3.521321
5774 2.085172
5807 1.577016
5870 1.592256
5957 2.453002
6070 0.742749
6071 0.619458
6117 1.608050
6252 6.078828
6274 2.401130
6308 1.498759
6324 1.471212
6463 5.793398
6509 9.706715
6708 1.323411
6728 2.085172
6744 3.039414
6864 0.436270
6941 12.662756
6942 9.466430
7023 1.483112
7031 2.340444
7043 1.760661
7060 0.932204
7061 0.478313
7111 0.998169
7118 0.611279
7125 1.416165
7126 2.309704
7204 2.562293
7219 2.562293
7404 1.125600
7485 1.760661
7530 0.998021
7534 1.608050
7556 1.835294
7565 2.136324
7643 0.942504
7704 2.139235
7753 1.998021
7859 0.301427
7918 1.548052
7946 1.026577
8095 2.562293
8114 3.039414
8150 1.099895
8264 1.808965
8292 1.120336
8326 1.268562
8383 1.426630
8404 0.522218
8410 1.307020
8428 3.039414
8498 1.340444
8515 2.340444
8547 1.925471
8550 3.318406
8582 1.577016
8605 0.738384
8653 1.080373
8698 6.078828
8826 1.240979
9018 2.738384
9034 1.233234
9047 0.829899
9093 7.596072
9105 2.123381
9110 1.247022
9137 1.448350
9179 2.261263
9231 7.573144
9409 2.562293
9435 1.608050
9528 2.039414
9584 2.680888
9725 1.213339
9755 1.534264
9761 0.835294
9767 0.850618
9768 2.437354
9872 1.141787
9998 1.534264
10010 1.061691
10058 1.212890
10063 1.367316
10329 1.641474
10378 0.683388
10487 0.596934
10655 9.118242
10677 0.824570
10701 2.359683
10852 2.437354
10994 3.039414
11000 2.340444
11003 1.437354
11148 2.562293
11162 1.254084
11256 4.676056
11257 1.226501
11381 1.925471
11423 20.417441
11441 1.386202
11443 0.945992
11521 1.075626
11523 0.538355
11600 0.351885
11625 1.104916
