78

45 1.405946
194 0.723444
334 2.734633
346 1.519979
404 0.545260
413 1.717195
508 0.774596
586 0.747158
599 1.158601
697 0.819306
1333 0.811527
1370 1.109995
1487 0.838017
1777 1.405946
1797 0.702954
1798 1.176091
1947 2.209831
2000 0.986336
2071 0.971228
2259 0.426630
2455 1.703787
2518 0.824570
2718 1.275986
2772 1.349218
3095 0.590708
3102 1.608050
3122 0.765256
3130 0.998021
3236 1.949912
3403 1.659203
3553 1.835294
3567 0.711035
3573 0.788994
4196 0.734063
4573 1.087740
4677 1.079454
4722 1.094931
5026 1.240074
5324 0.971228
5394 1.493505
5491 0.404937
5651 2.630276
5836 5.476768
6071 0.619458
6112 0.501595
6211 1.226501
6274 1.200565
6361 1.507935
6396 1.998021
6415 0.928824
6466 1.075626
6874 0.500338
7181 3.039414
7847 0.932204
8241 1.018225
8455 1.745079
8469 1.291226
8588 2.194316
8605 1.476768
8711 1.520900
8826 0.177283
8857 4.101949
8871 3.564467
8895 1.717195
8934 1.760661
9132 0.731918
9261 1.376656
9432 5.124586
9579 1.315138
9667 1.158601
9725 1.213339
9747 0.945992
9761 0.835294
10352 0.971228
10534 1.471212
10548 1.988182
10619 0.528869
10701 0.786561
