65

270 2.039414
345 0.932204
397 1.925471
917 0.574031
1370 1.109995
1487 0.838017
1609 1.115135
1777 1.405946
1797 2.108863
1947 1.104916
2161 1.367316
2259 0.426630
2455 0.851893
2501 1.784142
2518 1.649141
2530 0.717195
2590 4.078828
2772 1.349218
2824 1.158601
3130 1.996043
3740 5.124586
3914 1.738384
4279 3.476768
4623 1.534264
4738 0.572546
4881 2.562293
4938 1.367316
4956 1.760661
5026 1.240074
5657 2.832330
5743 0.749380
6361 4.523806
6874 1.000676
6971 1.808965
7082 1.147320
7498 0.355467
8218 2.340444
8241 1.018225
8455 0.436270
8474 0.982509
8697 5.476768
8857 2.734633
8858 1.659203
8871 2.376312
8896 3.039414
8930 1.048188
8931 0.532719
9143 2.136324
9172 1.998021
9380 1.136324
9416 3.039414
9596 1.213339
9933 1.075626
10279 1.005990
10318 1.592256
10609 1.925471
10619 0.528869
10843 2.437354
11150 1.022381
11233 5.103945
11396 0.942504
11440 1.784142
11521 1.075626
11523 0.538355
11526 0.890195
