190

103 2.439740
180 5.623783
213 0.840757
270 2.039414
318 1.649141
345 0.932204
397 1.925471
404 1.090519
455 0.753857
458 0.747158
503 2.194316
508 5.422174
536 0.905875
586 0.747158
599 1.158601
665 1.265748
695 1.784142
697 1.638612
806 1.376656
827 1.784142
831 0.819306
1112 0.765256
1333 7.303747
1336 4.824151
1370 1.109995
1461 1.893286
1484 1.641474
1487 0.838017
1506 1.115135
1542 1.628210
1609 1.115135
1617 1.291226
1636 1.115135
1797 4.920681
1820 1.577016
1866 3.039414
1947 1.104916
2161 1.367316
2185 1.182082
2186 1.608050
2205 1.507935
2220 1.624441
2259 0.853261
2267 1.247022
2307 2.085172
2421 0.986336
2455 1.703787
2473 2.053154
2552 1.043779
2590 4.078828
2647 7.312062
2762 1.880161
2809 3.041800
2824 4.634402
3010 1.577016
3130 5.988129
3179 0.772242
3243 1.001988
3289 1.340444
3344 1.548052
3351 1.094931
3374 2.340365
3401 1.340444
3480 1.376656
3500 3.216101
3535 2.011981
3558 1.206905
3573 1.577988
3626 3.870128
3634 1.459631
3740 5.124586
3783 2.942425
3786 2.738384
3908 1.471212
3914 1.738384
4279 6.953536
4306 3.039414
4310 1.022381
4343 3.670588
4437 1.471212
4451 2.634138
4537 1.109995
4538 1.120336
4573 0.543870
4613 0.902694
4627 1.784142
4677 1.619181
4681 1.677686
4722 2.189863
4734 1.238917
4738 1.145093
4770 1.261263
4773 3.039414
4830 1.426630
4927 2.085172
5025 0.840757
5100 0.700958
5394 0.497835
5491 0.404937
5529 0.646717
5657 4.248494
5678 1.972671
5679 1.548052
5833 3.992677
5933 2.738384
5949 0.918840
6070 1.485498
6112 2.507975
6361 9.047611
6380 0.942504
6445 4.449335
6649 4.413637
6799 1.358173
6828 0.717195
6874 1.000676
7041 1.376656
7191 1.998021
7217 0.796376
7411 1.786572
7498 3.199203
7530 0.998021
7635 0.704960
7704 0.713078
7737 4.074519
7760 1.333004
7859 0.301427
7872 1.416165
7874 1.275986
7915 3.131337
7950 2.562293
7978 1.099895
7989 1.048188
8016 0.939044
8059 3.270072
8098 2.494045
8218 2.340444
8237 1.170182
8241 1.018225
8352 0.854723
8353 1.548052
8474 1.965019
8483 4.078828
8605 1.476768
8621 1.283539
8697 2.738384
8826 0.354565
8857 8.203898
8871 2.376312
8930 1.048188
8931 0.799078
8956 1.080373
8989 1.471212
9171 1.592256
9224 1.696991
9381 2.251201
9447 2.738384
9461 0.721351
9579 1.315138
9767 0.567079
9832 1.784142
9934 1.808965
9943 3.521321
10067 1.018225
10090 5.476768
10111 3.617930
10185 0.932204
10195 2.538869
10305 1.448350
10307 2.562293
10309 0.994091
10474 2.738384
10530 1.164353
10591 1.200565
10609 1.925471
10619 0.528869
10713 3.039414
10723 2.261263
10811 2.194316
10890 0.465383
11121 1.800244
11150 2.044762
11233 3.827958
11332 0.715132
11386 1.349218
11396 0.942504
11440 1.784142
11486 2.136324
11523 1.615065
11526 1.780390
11543 1.261263
