107

304 0.064331
418 0.048008
458 0.087002
531 0.053497
536 0.052742
604 0.087062
608 0.127758
913 0.121034
917 0.033421
951 0.124382
992 0.067456
1090 0.095570
1269 0.054673
1592 0.065228
1721 0.043501
1797 0.040928
1859 0.070617
2000 0.057427
2002 0.074291
2046 0.059283
2082 0.183635
2177 0.176962
2207 0.318870
2220 0.094579
2259 0.024839
2501 0.103877
2507 0.022151
2550 0.046657
2590 0.118739
2762 0.027367
3121 0.045654
3179 0.044962
3203 0.065814
3204 0.066159
3402 0.077052
3510 0.228258
3841 0.055558
3928 0.083686
3951 0.082089
4841 0.098803
5012 0.048163
5174 0.087795
5394 0.057970
5569 0.298848
5674 0.176962
5693 0.073434
5732 0.045795
5734 0.065476
5749 0.056332
5826 0.131690
5949 0.053497
6436 0.265584
6568 0.042121
6864 0.025401
6874 0.058262
7047 0.070643
7061 0.027848
7062 0.020025
7126 0.089651
7193 0.121403
7385 0.044825
7460 0.057651
7498 0.041392
7664 0.070269
7701 0.141908
7738 0.062082
7758 0.057878
7788 0.030870
7847 0.054275
7859 0.035099
8271 0.053883
8281 0.079608
8494 0.075178
8550 0.096603
8826 0.051609
8874 0.154104
8930 0.061028
9110 0.072604
9114 0.078555
9116 0.137647
9248 0.124382
9444 0.164020
9767 0.016508
9903 0.046223
9933 0.062625
10058 0.070617
10185 0.054275
10195 0.049273
10276 0.141299
10397 0.049273
10520 0.127758
10548 0.057878
10579 0.093624
10580 0.131656
10890 0.027096
10999 0.081276
11152 0.156027
11163 0.131656
11233 0.222872
11242 0.122056
11256 0.045375
11298 0.068823
11306 0.034303
11458 0.049764
11523 0.031344
11526 0.051829
11637 0.270391
