218

23 0.035601
71 0.092100
95 0.081832
213 0.029396
217 0.028285
228 0.047174
248 0.061560
318 0.028830
345 0.032594
368 0.076722
404 0.019065
457 0.037121
508 0.081249
553 0.027417
567 0.079063
665 0.022128
693 0.056797
697 0.028646
806 0.048134
917 0.020071
1112 0.026757
1197 0.052284
1295 0.042652
1333 0.085123
1370 0.232860
1387 0.037942
1446 0.079063
1487 0.058601
1499 0.073610
1516 0.055139
1521 0.085220
1532 0.027249
1553 0.149390
1599 0.071306
1605 0.093699
1609 0.038990
1777 0.147473
1786 0.089588
1797 0.122891
1820 0.055139
1872 0.022308
1902 0.070915
1944 0.234636
1947 0.154530
1958 0.081832
2054 0.051035
2259 0.029834
2290 0.107289
2455 0.059572
2468 0.089588
2504 0.044614
2518 0.057661
2530 0.050152
2552 0.036495
2650 0.060040
2696 0.023894
2763 0.026437
2772 0.047174
2809 0.053177
2913 0.067323
3128 0.055139
3130 0.069790
3205 0.099030
3243 0.035034
3264 0.046868
3266 0.066197
3359 0.085220
3374 0.040914
3386 0.130074
3482 0.033829
3535 0.035174
3599 0.040510
3772 0.047174
3784 0.065150
3908 0.051440
3914 0.060781
3956 0.060040
4091 0.024232
4107 0.069859
4145 0.055139
4195 0.040914
4337 0.234636
4420 0.059334
4573 0.038032
4677 0.037742
4691 0.072906
4692 0.079063
4708 0.024096
4722 0.076567
4734 0.043318
4738 0.100093
5025 0.058793
5026 0.043358
5050 0.066152
5100 0.049017
5219 0.163663
5223 0.081832
5394 0.017406
5491 0.042475
5526 0.111344
5529 0.045224
5532 0.062035
5657 0.099030
5676 0.081832
5900 0.036342
5935 0.158126
5955 0.072906
6033 0.079063
6070 0.051939
6112 0.017538
6144 0.044354
6162 0.101281
6205 0.051035
6286 0.081832
6361 0.052724
6380 0.032954
6396 0.139718
6415 0.097427
6504 0.030492
6792 0.036334
6813 0.082504
6814 0.085304
6838 0.039172
6839 0.045699
6874 0.017494
6909 0.026124
6971 0.126498
7062 0.024051
7111 0.034900
7315 0.060781
7411 0.031233
7498 0.099429
7511 0.055672
7580 0.087696
7704 0.049864
7760 0.023304
7859 0.010539
7947 0.055672
8016 0.032833
8059 0.190559
8087 0.040510
8128 0.123992
8227 0.028555
8294 0.032358
8404 0.018259
8455 0.091523
8474 0.034353
8475 0.047174
8508 0.044878
8539 0.023368
8616 0.047807
8653 0.037774
8662 0.041543
8759 0.051856
8780 0.045147
8826 0.049588
8857 0.286843
8858 0.116025
8871 0.249257
8895 0.060040
8919 0.026596
9031 0.030911
9132 0.102364
9138 0.023563
9197 0.053177
9261 0.048134
9264 0.045983
9279 0.047807
9286 0.068538
9391 0.066197
9452 0.051035
9461 0.025221
9562 0.034353
9581 0.076722
9587 0.045147
9595 0.071306
9596 0.084847
9597 0.061560
9669 0.027083
9681 0.079063
9767 0.009914
9774 0.066895
9783 0.030389
9832 0.062381
9903 0.027758
9943 0.061560
9944 0.041331
10002 0.081832
10067 0.035601
10079 0.085220
10084 0.056797
10086 0.037608
10111 0.063249
10275 0.082661
10276 0.028285
10291 0.071306
10318 0.055672
10378 0.023894
10491 0.040115
10509 0.024648
10534 0.051440
10541 0.048467
10548 0.034758
10609 0.067323
10619 0.018491
10890 0.016272
10900 0.081832
11150 0.107240
11177 0.052724
11283 0.072906
11298 0.041331
11304 0.065150
11380 0.066197
11396 0.032954
11462 0.049158
11501 0.043848
11526 0.031125
11541 0.065150
