212

23 0.036529
71 0.062999
95 0.083963
213 0.030162
217 0.029021
228 0.048403
248 0.063163
345 0.033443
368 0.078721
404 0.019561
457 0.038088
508 0.083365
553 0.028131
567 0.081122
599 0.041565
665 0.022704
693 0.058276
697 0.029392
806 0.049387
917 0.020593
1112 0.027453
1197 0.053645
1295 0.043763
1333 0.087340
1370 0.238925
1387 0.038930
1446 0.081122
1464 0.052364
1487 0.060127
1499 0.075527
1516 0.056575
1521 0.087440
1532 0.027959
1553 0.076640
1599 0.073164
1605 0.096139
1609 0.040005
1777 0.100876
1786 0.091922
1797 0.126092
1820 0.056575
1872 0.022889
1902 0.072762
1944 0.300933
1947 0.158555
1958 0.083963
2054 0.052364
2259 0.030611
2290 0.110083
2455 0.061123
2468 0.091922
2504 0.045776
2518 0.059163
2530 0.051458
2552 0.037445
2650 0.061604
2696 0.024516
2763 0.027125
2772 0.048403
2809 0.054562
2913 0.069076
3128 0.056575
3130 0.071608
3205 0.101609
3243 0.035946
3264 0.048088
3359 0.087440
3386 0.133462
3499 0.054097
3535 0.036090
3599 0.041565
3772 0.048403
3784 0.066846
3908 0.052779
3914 0.062364
3956 0.061604
4107 0.071679
4145 0.056575
4337 0.240747
4573 0.058534
4677 0.038725
4691 0.074805
4692 0.081122
4722 0.078561
4734 0.044446
4738 0.102700
5025 0.060324
5026 0.044487
5050 0.033937
5100 0.050293
5219 0.167926
5223 0.083963
5394 0.017860
5491 0.043581
5526 0.114244
5529 0.046402
5532 0.063651
5657 0.101609
5676 0.083963
5900 0.037289
5926 0.025075
5935 0.162245
5955 0.074805
6033 0.081122
6070 0.026646
6112 0.017995
6144 0.045509
6162 0.103918
6205 0.052364
6286 0.083963
6361 0.054097
6380 0.033812
6396 0.143357
6415 0.099964
6504 0.031286
6792 0.037280
6813 0.084653
6814 0.087525
6838 0.040192
6839 0.046889
6874 0.017950
6909 0.026804
6971 0.129793
7062 0.024677
7111 0.017905
7315 0.062364
7411 0.032046
7498 0.089266
7511 0.057122
7580 0.089980
7704 0.051163
7760 0.023911
7859 0.010814
7947 0.057122
8016 0.033688
8059 0.195522
8087 0.041565
8128 0.127221
8227 0.029299
8294 0.033201
8404 0.018734
8455 0.093907
8474 0.035247
8475 0.048403
8508 0.046047
8539 0.023977
8616 0.049052
8653 0.038758
8662 0.042625
8759 0.053206
8780 0.046322
8826 0.038160
8857 0.343365
8858 0.119047
8871 0.255749
8895 0.061604
8919 0.027289
9132 0.105030
9138 0.024177
9197 0.054562
9261 0.049387
9264 0.047180
9279 0.049052
9286 0.070323
9391 0.067921
9452 0.052364
9461 0.025878
9562 0.035247
9581 0.078721
9587 0.046322
9595 0.073164
9596 0.087057
9597 0.063163
9669 0.027788
9681 0.081122
9767 0.010172
9774 0.068638
9783 0.031181
9832 0.064006
9903 0.028481
9943 0.063163
9944 0.042407
10002 0.083963
10067 0.036529
10079 0.087440
10084 0.058276
10086 0.077176
10111 0.064896
10275 0.084814
10276 0.029021
10291 0.073164
10318 0.057122
10378 0.024516
10491 0.041160
10509 0.025290
10534 0.052779
10541 0.049730
10548 0.035663
10609 0.069076
10890 0.016696
10900 0.083963
11150 0.110033
11177 0.054097
11283 0.074805
11298 0.042407
11304 0.066846
11380 0.067921
11396 0.033812
11462 0.050438
11501 0.044990
11526 0.031936
11541 0.066846
