93

63 0.945992
71 0.878046
131 1.808965
194 0.723444
297 1.182082
343 2.738384
443 1.893286
586 0.747158
630 0.553693
660 10.066118
661 5.910408
734 2.896699
781 1.659203
963 2.437354
1641 1.299051
2021 1.437354
2071 0.971228
2259 0.853261
2458 7.686879
2499 2.614041
2502 1.395961
2575 0.956629
2875 1.534264
2960 16.681373
3034 13.581729
3477 2.340444
3531 0.788994
3567 2.133104
3599 1.158601
3626 2.902596
3732 1.863323
3735 1.483112
3787 1.416165
3807 1.386202
4071 1.018225
4103 3.039414
4196 1.468125
5064 1.182082
5266 2.136324
5394 0.995670
5529 0.646717
5753 0.650248
5833 0.499085
5849 1.426630
5975 2.437354
6144 1.268562
6217 1.206905
6281 3.620716
6568 0.723444
6795 1.784142
6992 1.507935
7062 0.343932
7118 3.667676
7186 2.562293
7222 2.437354
7410 4.170343
7641 0.646717
7655 2.766428
7656 3.945415
7716 6.783789
7753 1.998021
7859 0.301427
7978 1.099895
8009 1.608050
8083 0.711035
8271 0.925471
8348 1.534264
8603 1.784142
8731 2.039414
8767 0.704960
8808 1.696991
8826 0.531848
9047 0.829899
9381 1.125600
10036 0.736218
10133 1.738384
10143 4.078828
10302 1.448350
10487 1.193869
10537 1.534264
10541 2.772403
10544 1.331844
10596 1.194316
10604 1.448350
10871 2.437354
11003 1.437354
11376 0.464226
11457 1.677686
11572 5.476768
11600 1.759426
11636 1.164353
11637 2.786473
11638 1.863323
