211

23 0.035429
71 0.061102
95 0.081434
213 0.029254
217 0.028147
228 0.046945
248 0.061261
345 0.032436
368 0.076350
404 0.018972
457 0.036941
508 0.080855
553 0.027284
567 0.078679
599 0.040313
665 0.022021
693 0.056522
697 0.028507
806 0.047900
917 0.019973
1112 0.026627
1197 0.052030
1295 0.042445
1333 0.084710
1370 0.231730
1387 0.037758
1446 0.078679
1464 0.050787
1487 0.058317
1499 0.073252
1516 0.054871
1521 0.084806
1532 0.027117
1553 0.074332
1599 0.070960
1605 0.093244
1609 0.038801
1777 0.097838
1786 0.089154
1797 0.122295
1820 0.054871
1872 0.022199
1902 0.070571
1944 0.291871
1947 0.153780
1958 0.081434
2054 0.050787
2290 0.106768
2455 0.029641
2468 0.089154
2504 0.044397
2518 0.028690
2530 0.049909
2552 0.036318
2650 0.059749
2696 0.023778
2763 0.026309
2772 0.046945
2809 0.052919
2913 0.066996
3128 0.054871
3130 0.069451
3205 0.098549
3243 0.034864
3264 0.046640
3359 0.084806
3386 0.129443
3535 0.035003
3599 0.040313
3772 0.046945
3784 0.064833
3908 0.051190
3914 0.060486
3956 0.059749
4107 0.069520
4145 0.054871
4337 0.233497
4573 0.056771
4677 0.037559
4691 0.072552
4692 0.078679
4722 0.076195
4734 0.043107
4738 0.099607
5025 0.058507
5026 0.043148
5050 0.032915
5100 0.048779
5219 0.162869
5223 0.081434
5394 0.017322
5491 0.070448
5526 0.110803
5529 0.045004
5532 0.030867
5657 0.098549
5676 0.081434
5900 0.036166
5926 0.024320
5935 0.157359
5955 0.072552
6033 0.078679
6070 0.025844
6112 0.017453
6144 0.044139
6162 0.100789
6205 0.050787
6286 0.162869
6361 0.052468
6380 0.032794
6396 0.139040
6415 0.096954
6504 0.030344
6792 0.036157
6813 0.082104
6814 0.084889
6838 0.038981
6839 0.045477
6874 0.017409
6909 0.025997
6971 0.125884
7062 0.023934
7111 0.017365
7315 0.060486
7411 0.031081
7498 0.098946
7511 0.055402
7580 0.087270
7704 0.049622
7760 0.023191
7859 0.010488
7947 0.055402
8016 0.032674
8059 0.189634
8087 0.040313
8128 0.123390
8227 0.028417
8294 0.032201
8352 0.029740
8404 0.018170
8455 0.091079
8474 0.034186
8475 0.046945
8508 0.044660
8539 0.023255
8616 0.047575
8653 0.037591
8662 0.041341
8759 0.051604
8780 0.044928
8826 0.043179
8857 0.380600
8858 0.115462
8871 0.248047
8895 0.059749
8919 0.026467
9132 0.101867
9138 0.023449
9197 0.052919
9261 0.047900
9264 0.045760
9279 0.047575
9286 0.068205
9391 0.065876
9452 0.050787
9461 0.025099
9562 0.034186
9581 0.076350
9587 0.044928
9595 0.070960
9596 0.084435
9597 0.061261
9669 0.026952
9681 0.078679
9767 0.009866
9774 0.066571
9783 0.030242
9832 0.062078
9903 0.027623
9943 0.061261
9944 0.041130
10002 0.081434
10067 0.035429
10079 0.084806
10084 0.056522
10086 0.074852
10111 0.062942
10275 0.082260
10276 0.028147
10291 0.070960
10318 0.055402
10378 0.023778
10491 0.039920
10509 0.024529
10534 0.051190
10541 0.048232
10548 0.034589
10609 0.066996
10890 0.016193
10900 0.081434
11150 0.106720
11177 0.052468
11283 0.072552
11298 0.041130
11304 0.064833
11380 0.065876
11396 0.032794
11462 0.048919
11501 0.043635
11526 0.030974
11541 0.064833
