204

71 1.756092
180 1.405946
186 1.942457
217 0.808965
228 2.698436
248 1.760661
346 0.506660
368 2.194316
418 0.824570
457 1.061691
508 1.549193
553 0.784142
567 2.261263
665 0.632874
697 0.819306
806 1.376656
1050 1.495346
1112 0.765256
1295 1.219870
1333 3.246110
1370 3.329986
1446 2.261263
1464 1.459631
1487 1.676034
1499 1.052642
1553 2.136324
1599 2.039414
1605 2.679858
1609 1.115135
1777 2.811891
1797 3.514772
1902 2.028217
1944 6.710745
1947 4.419663
1958 2.340444
1995 1.141787
2054 1.459631
2071 0.971228
2154 0.677686
2259 0.426630
2278 1.219870
2290 3.068528
2518 2.473711
2552 1.043779
2650 1.717195
2720 1.052642
2763 1.512226
2772 1.349218
2809 3.041800
2913 1.925471
3082 1.717195
3130 1.996043
3205 2.832330
3243 2.003975
3248 2.738384
3263 1.760661
3264 1.340444
3386 2.480147
3439 1.960233
3573 0.788994
3613 1.005990
3637 1.136324
3683 1.070931
3772 1.349218
3784 1.863323
3887 1.386202
3908 1.471212
4107 1.998021
4145 1.577016
4337 10.066118
4573 0.543870
4614 1.426630
4677 1.619181
4691 2.085172
4692 2.261263
4714 2.136324
4722 2.189863
4734 1.238917
4738 0.572546
4866 0.945992
4881 2.562293
4943 0.572546
5012 0.827227
5025 1.681514
5026 1.240074
5050 0.945992
5100 2.102873
5219 2.340444
5223 2.340444
5394 0.497835
5491 1.619747
5508 1.960233
5526 3.184512
5529 1.293434
5532 1.774252
5657 1.416165
5689 0.838017
5743 0.749380
5833 0.499085
5900 1.039414
6033 2.261263
6046 1.437354
6112 0.501595
6205 1.459631
6283 1.075626
6361 1.507935
6363 1.925471
6396 3.996043
6415 1.857649
6433 0.758381
6504 0.872097
6792 1.558758
6813 0.786561
6814 2.439740
6838 1.120336
6839 2.614041
6874 0.500338
6909 0.747158
6971 1.808965
7008 0.878046
7062 0.687865
7111 0.499085
7118 0.611279
7315 1.738384
7498 3.199203
7580 1.254084
7641 0.646717
7644 2.085172
7650 1.577016
7704 1.426157
7760 0.666502
7788 0.530212
7859 0.301427
7878 1.863323
8059 6.540145
8087 1.158601
8128 3.546245
8294 0.925471
8394 1.233234
8404 0.522218
8423 2.738384
8455 2.181349
8475 4.047654
8508 1.283539
8539 0.668346
8619 1.275986
8653 1.080373
8662 1.188156
8728 1.233234
8780 1.291226
8826 1.063696
8857 13.673163
8858 3.318406
8871 7.128935
8895 1.717195
8919 1.521321
9031 0.884078
9095 1.194316
9132 2.927672
9138 0.673926
9197 3.041800
9215 1.696991
9391 1.893286
9435 1.608050
9461 0.721351
9462 1.641474
9568 1.066286
9581 2.194316
9587 1.291226
9595 2.039414
9596 2.426679
9597 1.760661
9681 2.261263
9688 1.315138
9774 1.913257
9832 1.784142
9847 2.340444
9942 1.386202
9943 1.760661
10002 2.340444
10019 2.340444
10057 1.299051
10067 1.018225
10084 1.624441
10086 3.226879
10111 1.808965
10275 2.364163
10276 0.808965
10282 1.925471
10291 2.039414
10491 1.147320
10509 0.704960
10548 0.994091
10619 0.528869
10747 1.960233
11150 1.022381
11177 1.507935
11298 1.182082
11304 1.863323
11338 2.562293
11349 1.283539
11396 0.942504
11462 1.405946
11541 1.863323
