160

173 0.081574
292 0.057130
352 0.068232
436 0.231696
567 0.115848
586 0.038278
652 0.140292
665 0.064846
697 0.041974
774 0.155714
849 0.131270
895 0.043357
930 0.079309
992 0.059357
1074 0.057397
1295 0.124992
1296 0.049949
1333 0.041576
1343 0.084095
1370 0.170600
1444 0.074779
1487 0.042933
1506 0.057130
1540 0.106827
1605 0.045764
1723 0.142035
1831 0.039324
1902 0.051954
1944 0.257851
1979 0.084095
2054 0.149558
2071 0.049758
2154 0.034719
2193 0.155714
2214 0.098645
2259 0.021857
2278 0.062496
2313 0.069581
2378 0.173879
2421 0.050532
2504 0.065371
2518 0.084488
2673 0.091404
2687 0.074201
2697 0.082383
2769 0.057130
2772 0.069123
2809 0.077918
2984 0.140292
3128 0.080793
3130 0.102260
3179 0.039563
3351 0.056095
3432 0.075372
3625 0.096996
3626 0.049568
3627 0.064249
3691 0.038052
3709 0.115848
3751 0.085950
3818 0.036116
3856 0.106827
3926 0.050532
3993 0.115848
4179 0.075982
4337 0.085950
4423 0.100426
4451 0.044984
4538 0.057397
4591 0.119905
4627 0.091404
4677 0.082953
4708 0.035307
4714 0.109447
4734 0.031736
4738 0.029332
5290 0.155714
5529 0.033132
5532 0.045449
5632 0.094025
5657 0.072552
5676 0.239809
5743 0.038392
5756 0.226117
5817 0.071017
5833 0.051138
5902 0.069123
5928 0.112418
5932 0.112418
5945 0.058496
5949 0.047074
6033 0.115848
6108 0.100426
6112 0.025697
6134 0.311428
6154 0.295935
6211 0.062836
6415 0.047585
6504 0.134037
6616 0.046085
6649 0.075372
6779 0.081574
6794 0.089060
6813 0.040297
6814 0.062496
6839 0.267843
6850 0.119905
7111 0.076707
7498 0.054633
7612 0.106827
7625 0.092676
7830 0.092676
8059 0.055844
8168 0.155714
8227 0.041841
8455 0.044702
8474 0.100671
8475 0.069123
8482 0.106949
8568 0.155714
8597 0.109447
8646 0.095461
8662 0.060871
8741 0.063887
8767 0.036116
8826 0.081742
8857 0.070050
8858 0.085004
8895 0.087975
8930 0.053700
9131 0.231696
9286 0.100426
9533 0.112418
9538 0.053929
9761 0.042793
9865 0.081599
10036 0.037718
10067 0.052165
10086 0.165318
10260 0.102362
10378 0.035011
10454 0.085950
10501 0.075372
10509 0.036116
10534 0.075372
10591 0.061507
10619 0.027095
10672 0.102362
10682 0.224836
11152 0.045764
11252 0.081574
11258 0.071017
11349 0.065758
11396 0.048286
11501 0.064249
11523 0.055162
11526 0.045606
11592 0.087975
11600 0.018028
11625 0.056607
