117

74 3.770016
79 0.922143
148 1.120336
258 1.219870
297 3.546245
308 1.831125
352 1.331844
404 0.545260
418 0.824570
479 2.426679
531 0.918840
571 3.039414
586 0.747158
665 0.632874
791 4.827621
872 1.677686
897 0.860437
917 0.574031
1721 0.747158
1800 2.039414
1831 0.767573
2005 1.158601
2085 1.448350
2181 1.738384
2185 1.182082
2224 2.294639
2524 1.048188
2638 1.061691
2653 1.507935
2846 2.039414
3095 0.590708
3137 1.863323
3203 1.130396
3423 0.925471
3464 1.426630
3546 0.978716
3823 1.268562
3976 8.729157
3979 1.471212
4215 0.998169
4663 0.890195
4677 0.539727
4678 2.261263
4724 1.696991
4849 1.395961
4851 4.078828
4869 1.577016
4963 1.893286
5009 1.376656
5095 1.641474
5135 1.781430
5141 1.624441
5143 0.902694
5242 6.166171
5243 8.898670
5368 1.659203
5376 1.261263
5529 0.646717
5702 1.677686
5734 0.562293
5762 1.483112
5838 1.520900
5857 2.240672
5880 0.835294
6433 0.758381
6570 1.996043
6584 5.706521
6813 0.786561
6860 1.254084
6864 0.436270
6992 1.507935
7111 0.499085
7150 0.978716
7188 1.376656
7263 1.577016
7341 1.495346
7469 2.039414
7537 2.494045
7540 1.340444
7646 1.760661
7738 1.066286
7760 0.666502
7788 0.530212
7859 0.301427
7861 0.696991
7936 1.331844
8007 0.838017
8083 0.711035
8272 0.884078
8455 0.436270
8467 1.577016
8485 1.115135
8499 0.796376
8539 0.668346
8826 1.063696
8931 0.266359
8939 1.213339
9051 1.125600
9562 0.982509
9646 1.219870
9667 1.158601
9783 0.869152
9829 3.039414
9889 2.085172
10022 3.039414
10036 1.472436
10195 0.846290
10276 0.808965
10309 0.994091
10487 0.596934
10579 1.608050
10701 0.786561
10711 1.268562
11055 1.471212
11229 1.416165
11287 1.043779
11376 0.464226
