216

71 0.059469
180 0.047611
186 0.065780
213 0.056943
217 0.027395
228 0.091381
248 0.059623
345 0.031568
346 0.017158
368 0.074309
418 0.055847
457 0.035953
508 0.052462
553 0.026554
567 0.076576
665 0.021432
697 0.055490
806 0.046619
1050 0.050639
1112 0.025915
1295 0.041310
1333 0.109927
1370 0.112768
1446 0.076576
1464 0.049429
1487 0.056758
1499 0.035647
1553 0.072345
1599 0.069063
1605 0.090751
1609 0.075526
1777 0.095223
1797 0.119025
1902 0.068684
1944 0.227255
1947 0.149669
1958 0.079257
1995 0.038666
2000 0.033402
2054 0.049429
2071 0.032890
2154 0.022949
2259 0.028895
2278 0.041310
2290 0.103913
2518 0.083770
2552 0.035347
2650 0.058152
2720 0.035647
2763 0.051210
2772 0.045690
2809 0.103008
2913 0.065205
3082 0.058152
3130 0.101392
3205 0.095915
3243 0.067863
3248 0.092733
3263 0.059623
3264 0.045393
3386 0.083988
3439 0.066382
3573 0.053437
3613 0.034067
3637 0.038481
3683 0.036266
3772 0.045690
3784 0.063100
3887 0.046943
3908 0.049822
4107 0.067662
4145 0.053405
4337 0.340882
4573 0.018418
4614 0.048312
4677 0.054832
4691 0.070613
4692 0.076576
4714 0.072345
4722 0.074158
4734 0.041955
4738 0.019389
4771 0.052424
4843 0.054455
4866 0.032035
4881 0.086770
4943 0.019389
5012 0.028013
5025 0.056943
5026 0.041994
5050 0.032035
5100 0.094950
5219 0.079257
5223 0.079257
5320 0.030785
5394 0.016859
5491 0.054852
5508 0.066382
5526 0.107841
5529 0.043801
5532 0.060084
5657 0.047957
5689 0.028379
5743 0.025377
5833 0.016901
5900 0.035199
6033 0.076576
6046 0.048675
6112 0.016986
6205 0.049429
6283 0.036425
6361 0.051065
6363 0.065205
6396 0.135323
6415 0.062908
6433 0.025682
6504 0.029533
6792 0.052786
6813 0.026636
6814 0.082620
6838 0.037939
6839 0.088523
6874 0.016944
6909 0.025302
6971 0.061259
7008 0.029734
7062 0.023294
7111 0.016901
7118 0.020701
7315 0.058869
7439 0.055587
7498 0.108339
7580 0.042469
7641 0.043801
7644 0.070613
7650 0.053405
7704 0.048296
7735 0.041763
7760 0.022571
7788 0.017955
7859 0.010208
7878 0.063100
8059 0.221477
8087 0.039235
8128 0.120091
8294 0.031340
8394 0.041763
8404 0.017685
8423 0.092733
8455 0.073870
8475 0.182761
8508 0.043466
8539 0.022633
8619 0.043210
8653 0.036586
8662 0.040236
8728 0.041763
8780 0.043726
8826 0.036021
8857 0.463032
8858 0.112375
8871 0.241416
8895 0.058152
8919 0.051518
9031 0.029939
9095 0.080889
9132 0.099143
9138 0.022822
9197 0.103008
9215 0.057467
9391 0.064115
9435 0.054455
9461 0.024428
9462 0.055587
9568 0.036109
9581 0.074309
9587 0.043726
9595 0.069063
9596 0.082178
9597 0.059623
9607 0.058869
9681 0.076576
9688 0.044536
9774 0.064791
9832 0.060419
9847 0.079257
9942 0.046943
9943 0.059623
10002 0.079257
10019 0.079257
10036 0.024931
10057 0.043991
10067 0.034481
10084 0.055011
10086 0.109276
10111 0.061259
10182 0.070613
10275 0.080061
10276 0.027395
10282 0.065205
10291 0.069063
10491 0.038853
10509 0.023873
10548 0.033664
10619 0.017910
10747 0.066382
11015 0.036425
11150 0.069244
11177 0.051065
11298 0.040030
11304 0.063100
11338 0.086770
11349 0.043466
11396 0.031917
11462 0.047611
11541 0.063100
