58

103 1.219870
213 0.840757
345 0.932204
346 0.506660
457 1.061691
596 1.358173
1050 1.495346
1605 0.893286
1609 1.115135
1902 1.014108
2455 1.703787
2518 0.824570
2552 1.043779
2768 1.010030
2884 1.925471
3130 1.996043
3243 1.001988
4211 2.736928
4337 1.677686
4573 0.543870
4677 0.539727
4691 2.085172
4810 3.039414
5100 0.700958
5496 1.957433
5508 1.960233
5529 0.646717
5657 1.416165
5833 0.499085
5902 1.349218
6046 1.437354
6070 0.742749
6112 0.501595
6504 0.872097
6792 0.519586
7498 0.710934
7641 0.646717
7650 1.577016
7859 0.301427
8059 1.090024
8352 0.854723
8455 0.436270
8474 0.982509
8475 1.349218
8662 1.188156
8857 4.101949
8858 1.659203
8931 0.266359
9031 0.884078
9215 1.696991
9224 1.696991
10057 1.299051
10635 1.677686
10661 1.507935
11501 1.254084
11523 0.538355
11543 1.261263
11609 1.213339
