72

20 1.483112
176 1.358173
252 1.608050
308 0.915562
418 1.649141
457 1.061691
477 1.641474
831 0.819306
1444 1.459631
1466 0.909080
1467 5.589969
1804 1.323411
1902 3.042325
2131 1.018225
2259 0.853261
2263 2.811891
2268 2.281982
2401 6.118242
2543 1.141787
2550 0.801368
2609 1.483112
3203 1.130396
3243 1.001988
3286 1.395961
3818 0.704960
3841 0.477121
4075 2.039414
4091 0.693061
4215 0.499085
4340 1.459631
4520 0.729784
4920 2.085172
5199 3.995532
5200 3.318406
5734 0.562293
5983 4.272648
6103 2.085172
6421 0.590708
6587 0.622774
6666 2.340444
6792 0.519586
6871 1.507935
6874 0.500338
7050 1.164353
7126 0.769901
7178 6.249171
7660 1.548052
7788 0.530212
7861 0.696991
7987 1.376656
8166 4.680888
8377 3.762253
8412 1.608050
8455 0.436270
8487 1.548052
8522 1.577016
8539 0.668346
8653 1.080373
8761 0.747158
8767 0.704960
8826 0.531848
9255 1.405946
9767 0.567079
9915 2.194316
10058 1.212890
10063 2.734633
10276 0.808965
11163 2.261263
11194 1.014108
11233 2.551972
11258 1.386202
11396 0.942504
