82

108 0.107270
139 0.111825
186 0.089032
318 0.075588
345 0.085455
553 0.071882
596 0.124504
621 0.207290
1050 0.137078
1074 0.102701
1315 0.223432
1333 0.074393
1370 0.101753
1487 0.076821
1542 0.074629
1609 0.102224
1831 0.070363
1979 0.150474
2071 0.089032
2141 0.126198
2186 0.147410
2405 0.242634
2530 0.197235
2806 0.094887
2809 0.139421
3130 0.091488
3179 0.141583
3351 0.100372
3567 0.065180
3818 0.064624
4337 0.307586
4338 0.251027
4529 0.239629
4550 0.118367
4570 0.207290
4573 0.049856
4620 0.161399
4943 0.052485
5184 0.201153
5508 0.179694
5657 0.129820
6046 0.131762
6112 0.045981
6504 0.079945
6792 0.047630
6813 0.072104
6838 0.102701
6909 0.068492
7120 0.076323
7498 0.032586
7650 0.144565
7847 0.085455
7920 0.095283
8059 0.099922
8234 0.116969
8352 0.078352
8394 0.226101
8474 0.090066
8619 0.116969
8857 0.376025
8858 0.152099
8931 0.024417
9031 0.081043
9032 0.201153
9215 0.155563
9811 0.083335
9845 0.214548
9872 0.104667
9933 0.098603
10086 0.098603
10249 0.176715
10475 0.049477
10491 0.210349
10510 0.157415
10619 0.048481
11150 0.093721
11309 0.234885
11340 0.090417
11523 0.049351
11526 0.081604
11600 0.032257
11609 0.111227
