110

374 0.098814
509 0.143294
585 0.065960
626 0.108180
638 0.078670
657 0.088036
661 0.249538
684 0.079935
764 0.066582
960 0.090037
1296 0.041163
1507 0.057342
1605 0.037715
1617 0.054516
1641 0.054846
1762 0.216360
2268 0.096345
2507 0.016063
2762 0.019845
2967 0.061626
3054 0.056230
3105 0.115615
3473 0.032407
3521 0.105895
3626 0.040849
3883 0.077486
4033 0.054191
4237 0.154509
4452 0.062617
4573 0.022962
4601 0.185288
4665 0.102905
4701 0.053872
4901 0.038112
5376 0.053251
5394 0.084074
5709 0.759209
5833 0.042143
5889 0.092644
6070 0.031359
6112 0.021177
6136 0.067892
6217 0.050956
6240 0.122299
6300 0.067225
6324 0.062115
6504 0.036820
6869 0.095471
6898 0.098814
7111 0.021071
7118 0.154849
7374 0.057342
7464 0.128324
7549 0.123251
7655 0.194665
7656 0.222101
7760 0.028140
7909 0.095471
7928 0.078670
8086 0.216360
8117 0.266327
8157 0.039646
8186 0.065359
8292 0.094601
8295 0.057342
8296 0.088036
8605 0.031175
8619 0.107744
8663 0.081293
8667 0.138606
8785 0.035848
8822 0.066582
8826 0.059879
8867 0.131920
8931 0.011246
9061 0.055525
9146 0.065960
9280 0.048916
9366 0.056594
9407 0.161617
9569 0.098814
9755 0.064777
9761 0.105798
9930 0.172208
10010 0.044825
10036 0.031083
10075 0.098814
10143 0.086104
10258 0.059791
10302 0.428046
10378 0.028853
10454 0.070832
10465 0.113187
10475 0.022787
10530 0.049159
10544 0.224922
10619 0.022329
10715 0.059791
11078 0.088036
11121 0.101342
11236 0.092644
11376 0.019600
11457 0.070832
11458 0.072173
11503 0.111977
11508 0.077486
11509 0.172208
11600 0.044570
11625 0.093299
11627 0.073395
