237

5 0.055409
185 0.056318
292 0.041998
318 0.031055
346 0.019082
397 0.290070
417 0.070177
438 0.061180
508 0.029173
536 0.034117
553 0.088597
625 0.145035
697 0.030857
698 0.096502
806 0.103696
895 0.063746
898 0.058303
917 0.021619
965 0.036301
989 0.088146
1050 0.056318
1074 0.042194
1116 0.076809
1154 0.091796
1197 0.056318
1253 0.076809
1370 0.083610
1402 0.085164
1424 0.088146
1599 0.076809
1766 0.047232
1777 0.052951
1798 0.044294
1831 0.086725
1842 0.085164
1881 0.064673
1944 0.252741
1947 0.041614
1969 0.082643
2214 0.217552
2285 0.096502
2290 0.057784
2304 0.083610
2335 0.068964
2375 0.064673
2438 0.075250
2465 0.091796
2499 0.098450
2518 0.031055
2550 0.030181
2687 0.109096
2772 0.101629
2774 0.096502
2809 0.286402
2817 0.062489
2948 0.050160
3082 0.129347
3099 0.290070
3128 0.178182
3129 0.096502
3130 0.037588
3181 0.088146
3206 0.096502
3274 0.057280
3275 0.023022
3322 0.052575
3460 0.061180
3492 0.026102
3508 0.085164
3521 0.094463
3559 0.060563
3567 0.026779
3599 0.087271
3674 0.069121
3683 0.040334
3709 0.085164
3748 0.075250
3758 0.044520
3907 0.103134
3914 0.065471
4071 0.038349
4077 0.091796
4091 0.026102
4130 0.075250
4179 0.111714
4195 0.088143
4211 0.034360
4309 0.096502
4315 0.056954
4317 0.047232
4538 0.042194
4573 0.081933
4623 0.173351
4627 0.067195
4677 0.040655
4708 0.025955
4718 0.085164
4734 0.046660
4738 0.150943
4739 0.096502
4741 0.103134
4796 0.044520
4798 0.103134
4901 0.033997
5025 0.063329
5206 0.103134
5328 0.080459
5377 0.091796
5394 0.018750
5412 0.071305
5432 0.096502
5529 0.024357
5753 0.073469
5792 0.036719
5831 0.091796
5833 0.018797
5880 0.062918
5885 0.026626
5899 0.103134
5926 0.026325
5962 0.050814
6014 0.096502
6108 0.073827
6112 0.018891
6123 0.064673
6205 0.054973
6230 0.088146
6396 0.075250
6466 0.040510
6469 0.085164
6559 0.037588
6625 0.091796
6649 0.055409
6671 0.063185
6672 0.091796
6813 0.029624
6828 0.027011
6838 0.042194
6839 0.147676
6864 0.016431
7111 0.037593
7160 0.309401
7321 0.103134
7369 0.047502
7498 0.040163
7550 0.061180
7580 0.094463
7589 0.047502
7604 0.062489
7611 0.059968
7637 0.275388
7660 0.058303
7667 0.096502
7729 0.078532
7783 0.054548
7884 0.071305
8024 0.085164
8085 0.056792
8111 0.038984
8166 0.264439
8177 0.096502
8192 0.072517
8227 0.061517
8234 0.048056
8237 0.044072
8259 0.063912
8271 0.034855
8381 0.043852
8474 0.037003
8475 0.152443
8594 0.068130
8641 0.047232
8699 0.061821
8759 0.055857
8767 0.053101
8826 0.066769
8845 0.071305
8909 0.118788
8919 0.028648
9006 0.210530
9146 0.058839
9171 0.059968
9284 0.059394
9286 0.221480
9338 0.132621
9359 0.080459
9538 0.079290
9562 0.037003
9568 0.040159
9587 0.048630
9700 0.063185
9747 0.035628
9863 0.091886
9871 0.045697
9872 0.043002
9903 0.029900
9909 0.072517
9949 0.078532
9950 0.049531
10006 0.065471
10036 0.083183
10068 0.103134
10085 0.039147
10086 0.040510
10109 0.069121
10125 0.054548
10128 0.088146
10279 0.037888
10296 0.075250
10318 0.059968
10352 0.036579
10396 0.076387
10487 0.022482
10509 0.026550
10548 0.074879
10561 0.051152
11165 0.063185
11283 0.157064
11287 0.157244
11295 0.091394
11298 0.089040
11304 0.070177
11306 0.022189
11335 0.039311
11349 0.048341
11359 0.070177
11380 0.071305
11423 0.061517
11443 0.035628
11497 0.091796
11501 0.094463
11532 0.024557
11541 0.070177
11551 0.068130
11592 0.064673
11620 0.040870
11671 0.059968
