211

77 1.893286
180 1.405946
228 1.349218
292 1.115135
368 2.194316
508 0.774596
599 2.317201
736 1.448350
806 1.376656
857 1.158601
1074 2.240672
1112 1.530513
1253 4.078828
1370 2.219990
1446 2.261263
1487 1.676034
1499 1.052642
1605 1.786572
1609 1.115135
1653 1.483112
1721 0.747158
1777 7.029728
1797 0.702954
1872 0.638014
1902 1.014108
1944 10.066118
1947 1.104916
1971 2.340444
1995 2.283574
2054 1.459631
2154 0.677686
2248 2.283574
2278 1.219870
2335 0.915562
2411 2.562293
2455 3.407574
2465 9.749417
2473 1.026577
2518 4.122851
2530 0.717195
2696 1.366777
2763 2.268339
2772 1.349218
2824 1.158601
2886 1.577016
2906 1.835294
2954 0.935610
2956 1.534264
3043 2.562293
3129 2.562293
3130 1.996043
3205 1.416165
3243 2.003975
3264 1.340444
3386 1.240074
3637 1.136324
3650 3.039414
3674 1.835294
3751 1.677686
4091 0.693061
4258 1.696991
4273 1.808965
4296 2.437354
4315 0.756113
4330 2.738384
4337 1.677686
4462 1.141787
4538 1.120336
4573 1.087740
4620 1.760661
4734 0.619458
4738 2.290186
4770 1.261263
4784 5.033059
4812 2.437354
4827 2.340444
4843 1.608050
4887 3.039414
4943 0.572546
5025 2.522271
5099 2.340444
5100 0.700958
5320 0.909080
5337 1.835294
5358 1.808965
5491 1.214811
5526 1.592256
5625 1.534264
5657 7.080824
5689 0.838017
5847 2.738384
5885 1.413951
5900 1.039414
5976 1.738384
6060 0.971228
6112 1.003190
6227 1.158601
6233 3.039414
6242 1.562293
6361 4.523806
6379 3.996043
6415 2.786473
6433 0.758381
6504 0.872097
6587 0.622774
6612 2.136324
6616 0.899535
6792 3.637103
6794 1.738384
6813 0.786561
6814 1.219870
6828 1.434390
6839 1.307020
6852 2.340444
6968 1.268562
6971 1.808965
7008 1.756092
7060 0.932204
7111 1.497254
7254 2.136324
7255 1.641474
7334 3.318406
7373 2.562293
7439 1.641474
7498 2.488269
7501 1.052642
7508 1.925471
7550 1.624441
7644 2.085172
7704 1.426157
7735 1.233234
7746 2.738384
7808 1.677686
7814 2.039414
7903 2.437354
8059 4.360096
8083 1.422069
8085 1.507935
8218 2.340444
8259 1.696991
8292 1.120336
8294 1.850942
8394 1.233234
8455 1.308809
8474 3.930037
8475 2.698436
8482 1.043779
8641 2.508169
8645 1.960233
8646 1.863323
8741 1.247022
8759 2.966223
8826 1.240979
8857 6.836581
8871 3.564467
8873 2.136324
8895 1.717195
8919 2.281982
8956 1.080373
9074 2.194316
9095 1.194316
9104 0.893286
9132 0.731918
9197 1.520900
9286 1.960233
9381 1.125600
9424 1.483112
9429 2.136324
9452 1.459631
9555 2.261263
9581 2.194316
9587 1.291226
9596 1.213339
9607 1.738384
9619 1.760661
9653 1.784142
9767 0.567079
9860 1.784142
9903 0.793901
9988 1.808965
10010 1.061691
10036 2.208654
10057 1.299051
10085 1.039414
10086 2.151253
10166 2.738384
10182 2.085172
10275 1.182082
10282 1.925471
10475 0.539727
10487 0.596934
10491 1.147320
10509 0.704960
10818 1.299051
10890 0.930766
11015 1.075626
11121 0.600081
11150 1.022381
11198 2.738384
11298 1.182082
11365 1.893286
11396 0.942504
11462 2.811891
11523 0.538355
11526 0.890195
11536 1.323411
11541 1.863323
11557 1.893286
11592 1.717195
11600 0.351885
11641 3.039414
