207

103 0.051366
177 0.127982
217 0.034064
222 0.102631
292 0.187823
318 0.173603
334 0.057574
346 0.042668
508 0.065233
697 0.068998
839 0.059201
916 0.076171
992 0.048786
1102 0.052509
1155 0.089955
1284 0.045492
1333 0.034171
1370 0.046739
1455 0.056812
1470 0.102631
1487 0.035287
1532 0.032816
1572 0.057968
1605 0.037614
1609 0.046956
1643 0.087902
1676 0.092397
1797 0.029600
1865 0.089955
1902 0.042702
1947 0.046525
2062 0.056081
2071 0.040896
2259 0.017964
2335 0.038552
2455 0.035871
2463 0.075126
2507 0.016020
2518 0.034721
2530 0.060399
2596 0.070643
2658 0.071456
2718 0.161186
2762 0.019792
2772 0.113625
2789 0.127982
2809 0.064041
2956 0.064604
3049 0.077280
3130 0.084049
3179 0.130069
3243 0.042191
3295 0.092397
3351 0.092210
3480 0.057968
3567 0.089820
3573 0.099668
3598 0.064604
3613 0.042360
3772 0.056812
3826 0.059201
3883 0.077280
4063 0.046105
4187 0.102631
4195 0.049274
4196 0.030910
4211 0.038415
4317 0.052806
4538 0.047175
4550 0.054370
4573 0.068703
4591 0.098550
4624 0.106832
4677 0.045453
4708 0.116077
4722 0.046105
4734 0.104336
4743 0.084132
4792 0.095216
4834 0.044514
4901 0.038010
5023 0.045094
5025 0.035402
5050 0.079667
5085 0.078460
5154 0.076171
5377 0.205262
5394 0.041925
5460 0.052509
5464 0.230614
5529 0.081695
5657 0.059631
5659 0.215784
5753 0.082141
5797 0.044899
5821 0.038690
5833 0.021015
5880 0.035172
5885 0.059538
5900 0.043767
5962 0.056812
5976 0.073199
6030 0.079722
6046 0.060524
6060 0.040896
6073 0.077280
6097 0.046105
6112 0.042242
6240 0.121973
6363 0.081077
6415 0.078221
6468 0.085875
6506 0.054700
6507 0.107892
6522 0.098550
6529 0.068401
6570 0.042024
6612 0.089955
6616 0.037877
6631 0.058370
6674 0.197101
6812 0.206580
6813 0.033120
6823 0.065784
6864 0.018370
6874 0.042136
6909 0.094383
7118 0.025740
7283 0.067711
7369 0.053109
7404 0.047396
7498 0.014968
7515 0.059201
7530 0.042024
7635 0.029684
7650 0.066404
7665 0.092397
7685 0.073199
7808 0.141287
7816 0.102631
7896 0.060524
8059 0.045898
8085 0.063496
8111 0.043585
8352 0.035990
8394 0.155786
8404 0.043979
8455 0.036741
8474 0.165484
8475 0.056812
8499 0.033533
8605 0.062183
8662 0.050030
8857 0.230298
8858 0.069865
8871 0.050030
8878 0.255965
8895 0.144614
8919 0.032030
8924 0.051091
8956 0.045492
9031 0.148906
9099 0.055377
9104 0.037614
9138 0.028377
9215 0.071456
9224 0.071456
9329 0.063496
9538 0.044324
9557 0.214369
9574 0.071456
9635 0.065185
9747 0.039833
9767 0.023878
9933 0.045292
10057 0.218800
10058 0.025536
10085 0.087534
10086 0.181168
10215 0.069119
10231 0.082541
10260 0.168264
10327 0.059631
10491 0.048311
10507 0.086100
10509 0.029684
10561 0.057189
10591 0.050553
10701 0.033120
10828 0.087802
10890 0.039192
11017 0.082541
11121 0.025268
11150 0.043050
11165 0.070643
11252 0.134092
11258 0.058370
11309 0.107892
11332 0.030112
11335 0.043951
11340 0.083064
11396 0.039687
11523 0.045338
11526 0.074968
11543 0.106217
11600 0.014817
11620 0.045694
