176

97 0.909080
99 1.090024
122 2.936149
191 1.659203
198 2.305847
457 1.061691
600 0.971228
637 2.551972
798 1.307020
810 2.085172
838 1.863323
938 3.039414
962 3.039414
1002 1.307020
1286 2.194316
1376 2.340444
1387 1.085172
1456 0.849082
1466 0.909080
1542 0.814105
1633 1.299051
1666 2.261570
1668 2.340444
1803 1.254084
1859 3.032224
1985 2.562293
1991 2.132573
1994 1.090024
2000 1.972671
2005 1.158601
2022 1.717195
2052 1.367316
2062 2.663688
2137 5.215152
2174 1.899018
2185 1.182082
2246 1.659203
2248 1.141787
2504 1.275986
2507 0.380449
2524 1.048188
2548 1.026577
2550 0.801368
2554 1.358173
2627 0.765256
2651 0.784142
2762 0.470040
2805 1.437354
2806 1.035093
2954 0.935610
3102 1.608050
3286 1.395961
3316 1.233234
3353 1.998021
3365 2.562293
3374 1.170182
3432 1.471212
3445 1.677686
3546 0.978716
3621 0.899535
3624 2.340444
3637 1.136324
3694 2.480147
3695 1.405946
3917 2.413810
3952 1.136324
3979 1.471212
4249 1.358173
4315 0.756113
4352 2.853261
4414 2.437354
4738 2.290186
4849 1.395961
4927 2.085172
4943 0.572546
4987 4.776768
5135 0.593810
5304 2.085172
5395 1.035093
5496 0.978716
5712 1.935064
5795 3.510547
5814 1.760661
5821 0.918840
5885 0.706976
6070 0.742749
6153 1.608050
6264 3.039414
6336 1.925471
6367 1.405946
6428 32.561374
6433 0.758381
6587 0.622774
6709 6.078828
6816 0.978716
6864 1.745079
6874 1.000676
6878 1.275986
6939 12.157656
6972 2.562293
6980 1.194316
7023 2.966223
7047 1.213339
7061 0.956625
7062 1.375730
7123 1.164353
7125 2.832330
7143 2.766428
7154 1.376656
7308 1.562293
7368 12.964473
7485 1.760661
7507 6.078828
7511 1.592256
7572 4.874708
7660 3.096105
7760 1.333004
7859 1.507134
7862 0.960233
7899 2.661377
7929 1.520900
7946 1.026577
7948 1.376656
7971 3.041800
7972 2.508169
7981 0.925471
7987 1.376656
7989 2.096376
8272 0.884078
8292 1.120336
8358 1.960233
8377 1.254084
8387 1.709445
8455 0.872539
8469 1.291226
8504 2.340444
8539 0.668346
8583 1.349218
8691 3.039414
8694 1.925471
8747 3.039414
8775 3.039414
8826 1.595545
8919 1.521321
8971 1.307020
9042 7.686879
9059 3.797391
9062 1.075626
9097 0.939044
9130 1.535145
9132 1.463836
9142 1.520900
9143 2.136324
9359 2.136324
9783 0.869152
9903 0.793901
9933 1.075626
10036 0.736218
10275 1.182082
10305 1.448350
10576 4.522526
10603 2.738384
10892 1.226501
11015 2.151253
11162 1.254084
11193 4.644157
11296 15.360213
11298 1.182082
11377 1.226501
11381 1.925471
11423 3.266791
11532 0.652024
11566 2.811891
11570 1.426630
11600 0.351885
11620 3.255515
