89

186 1.942457
213 2.522271
217 0.808965
346 0.506660
553 0.784142
596 1.358173
599 1.158601
665 0.632874
831 1.638612
1050 1.495346
1269 0.939044
1370 1.109995
1609 1.115135
1760 1.507935
2186 3.216101
2231 2.437354
2257 2.990692
2259 0.853261
2348 0.956629
2455 1.703787
2507 0.380449
2518 0.824570
2720 1.052642
2824 3.475802
2915 1.624441
3045 1.925471
3130 2.994064
3211 1.717195
3243 5.009938
3621 0.899535
3780 1.483112
3841 0.477121
4315 0.756113
4573 1.087740
4677 1.079454
4686 2.738384
4747 2.551972
4792 2.261263
4943 0.572546
5100 0.700958
5382 1.426630
5508 1.960233
5753 0.650248
6026 2.562293
6073 1.835294
6283 1.075626
6361 3.015870
6363 1.925471
6504 0.872097
6664 2.738384
6792 0.519586
6799 1.358173
6828 1.434390
6858 1.130929
7498 1.066401
7650 3.154032
7782 1.641474
7846 3.039414
7978 1.099895
8059 1.090024
8234 1.275986
8474 2.947528
8498 1.340444
8499 1.592752
8578 2.738384
8826 0.354565
8857 4.101949
8871 1.188156
8919 1.521321
9031 0.884078
9095 1.194316
9215 1.696991
9224 3.393983
9593 0.949509
9623 0.994091
9669 0.774596
9700 1.677686
10036 0.736218
10057 6.495257
10185 0.932204
10223 2.085172
10233 2.562293
10249 5.783203
10397 0.846290
10509 0.704960
10698 1.808965
11013 2.136324
11021 2.738384
11340 1.972671
