239

5 0.053829
185 0.054712
292 0.040801
318 0.030169
346 0.018538
397 0.281797
417 0.068175
438 0.059435
508 0.056682
536 0.033144
553 0.086071
625 0.140899
697 0.029977
698 0.093749
806 0.100738
895 0.061928
898 0.056640
917 0.021003
965 0.035266
989 0.085632
1050 0.054712
1074 0.040991
1116 0.074618
1154 0.089178
1197 0.054712
1253 0.074618
1370 0.081225
1402 0.082735
1424 0.085632
1599 0.074618
1766 0.045885
1777 0.051441
1798 0.043031
1831 0.084252
1842 0.082735
1881 0.062829
1944 0.306917
1947 0.040427
1969 0.080286
2214 0.211348
2285 0.093749
2290 0.056136
2304 0.081225
2335 0.066997
2375 0.062829
2438 0.073104
2465 0.089178
2499 0.095643
2518 0.030169
2550 0.029321
2687 0.105985
2772 0.098731
2774 0.093749
2809 0.278234
2817 0.060707
2948 0.048730
3082 0.125658
3099 0.281797
3128 0.173100
3129 0.093749
3130 0.036516
3181 0.085632
3206 0.093749
3274 0.055647
3275 0.022366
3322 0.051076
3460 0.059435
3492 0.025358
3508 0.082735
3521 0.091769
3559 0.058835
3567 0.026015
3599 0.084782
3674 0.067150
3683 0.039183
3709 0.082735
3748 0.073104
3758 0.043250
3907 0.100192
3914 0.063604
4071 0.037255
4077 0.089178
4091 0.025358
4130 0.073104
4179 0.108528
4195 0.085629
4211 0.033380
4309 0.093749
4315 0.055329
4317 0.045885
4538 0.040991
4573 0.079597
4623 0.168407
4627 0.065278
4677 0.039495
4708 0.025215
4718 0.082735
4734 0.045330
4738 0.146639
4739 0.093749
4741 0.100192
4796 0.043250
4798 0.100192
4901 0.033028
5025 0.061523
5206 0.100192
5328 0.078164
5377 0.089178
5394 0.018215
5412 0.069272
5432 0.093749
5529 0.023662
5753 0.071374
5792 0.035672
5831 0.089178
5833 0.018261
5880 0.061124
5885 0.025867
5899 0.100192
5926 0.025574
5962 0.049365
6014 0.093749
6108 0.071721
6123 0.062829
6205 0.053405
6230 0.085632
6396 0.073104
6466 0.039355
6469 0.082735
6504 0.031908
6559 0.036516
6625 0.089178
6649 0.053829
6671 0.061383
6672 0.089178
6813 0.028779
6828 0.026241
6838 0.040991
6839 0.143464
6864 0.015962
7062 0.012584
7111 0.036521
7160 0.300577
7321 0.100192
7369 0.046147
7498 0.039018
7550 0.059435
7580 0.091769
7589 0.046147
7604 0.060707
7611 0.058258
7637 0.267534
7660 0.056640
7667 0.093749
7729 0.076292
7783 0.052992
7884 0.069272
8024 0.082735
8059 0.039882
8085 0.055172
8111 0.037872
8166 0.256897
8177 0.093749
8192 0.070449
8227 0.059763
8234 0.046686
8237 0.042815
8259 0.062090
8271 0.033861
8381 0.042601
8474 0.035948
8475 0.148096
8594 0.066187
8641 0.045885
8699 0.060058
8759 0.054264
8767 0.051586
8826 0.071351
8845 0.069272
8909 0.115400
8919 0.027831
9006 0.204526
9146 0.057161
9171 0.058258
9284 0.057700
9286 0.215164
9338 0.128838
9359 0.078164
9538 0.077028
9562 0.035948
9568 0.039013
9587 0.047243
9700 0.061383
9747 0.034612
9863 0.089265
9871 0.044394
9872 0.041776
9903 0.029047
9909 0.070449
9949 0.076292
9950 0.048118
10006 0.063604
10036 0.107747
10068 0.100192
10085 0.038030
10086 0.039355
10109 0.067150
10125 0.052992
10128 0.085632
10279 0.036807
10296 0.073104
10318 0.058258
10352 0.035535
10396 0.074209
10487 0.021841
10509 0.025793
10548 0.072744
10561 0.049693
11165 0.061383
11283 0.152585
11287 0.152759
11295 0.088788
11298 0.086500
11304 0.068175
11306 0.021556
11335 0.038190
11349 0.046962
11359 0.068175
11380 0.069272
11423 0.059763
11443 0.034612
11497 0.089178
11501 0.091769
11532 0.023856
11541 0.068175
11551 0.066187
11592 0.062829
11620 0.039704
11671 0.058258
