154

81 0.064477
83 0.062071
139 0.048912
183 0.054824
194 0.029007
324 0.090668
346 0.020315
391 0.054458
412 0.085659
413 0.068853
433 0.093843
438 0.065134
489 0.087984
509 0.068043
661 0.189589
736 0.058074
833 0.073589
857 0.046456
875 0.137344
990 0.053747
1046 0.087984
1177 0.083608
1257 0.090668
1516 0.063233
1641 0.156262
1643 0.041852
2107 0.064477
2154 0.027173
2264 0.057633
2268 0.152499
2476 0.090668
2502 0.055973
2507 0.015255
2548 0.041162
2575 0.038357
2585 0.058990
3034 0.054458
3199 0.175968
3218 0.061518
3605 0.054099
3617 0.085659
3634 0.058526
3637 0.045562
3651 0.157196
3659 0.090668
3695 0.056373
3700 0.051465
3826 0.056373
3885 0.051465
3891 0.105464
3952 0.045562
4028 0.085659
4033 0.051465
4150 0.080113
4171 0.097729
4196 0.029433
4211 0.036580
4237 0.097825
4249 0.054458
4413 0.040337
4449 0.090668
4581 0.157196
4605 0.090668
4633 0.172898
4708 0.027633
4916 0.152594
5331 0.077204
5358 0.072533
5394 0.079845
5572 0.068043
5749 0.038795
5753 0.026073
5833 0.080046
5849 0.057203
5926 0.028026
5941 0.090668
5945 0.045781
5948 0.034616
5949 0.036842
6136 0.064477
6154 0.077204
6193 0.057633
6217 0.241962
6300 0.063844
6317 0.028186
6466 0.043129
6559 0.040017
6568 0.029007
6572 0.061518
6665 0.073589
6864 0.034986
7077 0.075914
7118 0.196081
7130 0.078598
7217 0.031932
7374 0.054458
7411 0.035818
7549 0.058526
7655 0.110924
7656 0.052732
7694 0.031153
7788 0.021260
7794 0.058074
7937 0.119916
8227 0.032747
8241 0.040827
8271 0.037108
8529 0.042754
8532 0.075914
8605 0.029607
8618 0.362674
8699 0.065817
8822 0.316163
8826 0.056867
8867 0.062642
8873 0.085659
8884 0.081773
9047 0.133104
9061 0.263661
9079 0.438496
9087 0.062642
9118 0.062071
9130 0.061554
9328 0.036711
9407 0.102325
9450 0.085659
9576 0.085659
9685 0.087984
9723 0.077204
9728 0.097729
9835 0.097729
9889 0.083608
9955 0.077204
10125 0.058074
10215 0.065817
10333 0.083608
10465 0.161241
10544 0.160206
10566 0.075914
10606 0.060463
10619 0.021206
10631 0.090668
10682 0.087984
10715 0.056783
11115 0.118935
11152 0.035818
11204 0.087984
11236 0.087984
11355 0.063844
11376 0.037228
11451 0.106345
11458 0.068543
11503 0.106345
11600 0.056437
