323

74 0.942504
99 1.090024
103 1.219870
308 0.915562
314 3.039414
320 1.738384
345 0.932204
346 0.506660
392 5.679858
404 1.635779
458 1.494316
608 2.194316
627 2.039414
665 0.632874
760 1.998021
897 0.860437
913 2.078828
965 0.963867
992 1.158601
1002 1.307020
1063 2.085172
1132 0.632874
1189 2.738384
1250 1.863323
1269 0.939044
1295 2.439740
1385 2.096376
1592 1.120336
1593 3.039414
1613 1.323411
1616 1.483112
1689 1.437354
1753 3.039414
1777 1.405946
1798 1.176091
1831 0.767573
1835 1.291226
1859 1.212890
1939 1.405946
1973 1.696991
1997 1.483112
2002 1.275986
2042 2.698436
2047 2.194316
2048 1.835294
2058 1.799070
2082 4.731048
2131 2.036450
2230 1.426630
2244 1.405946
2259 1.279891
2268 2.281982
2318 1.835294
2339 1.147320
2384 2.085172
2507 1.521797
2532 1.226501
2539 1.130929
2548 1.026577
2572 1.768156
2623 3.039414
2651 1.568283
2653 1.507935
2690 0.974956
2756 1.577016
2801 1.200565
3121 1.568283
3131 1.507935
3275 1.833838
3304 1.608050
3342 2.194316
3401 1.340444
3402 2.646822
3417 1.075626
3460 1.624441
3521 1.254084
3562 1.562293
3567 0.711035
3595 2.738384
3691 1.485498
3757 3.039414
3818 1.409921
3841 0.477121
3850 1.516762
3926 1.972671
3961 3.039414
4005 1.094931
4033 3.850618
4091 0.693061
4148 0.978716
4153 3.039414
4179 1.483112
4181 1.520900
4196 0.734063
4205 1.226501
4211 0.912309
4215 0.998169
4310 1.022381
4377 4.562701
4384 2.437354
4396 1.520900
4451 0.878046
4462 1.141787
4471 2.261263
4496 3.039414
4547 1.592256
4566 0.827227
4573 0.543870
4663 0.890195
4708 2.067498
4738 2.290186
4793 1.471212
4830 1.426630
4859 1.592256
4901 0.902694
4970 2.734633
5064 1.182082
5077 2.562293
5100 0.700958
5111 1.893286
5143 1.805387
5192 3.039414
5193 3.476768
5390 2.738384
5394 0.497835
5395 2.070185
5415 3.039414
5468 3.582948
5471 3.039414
5529 0.646717
5562 1.367316
5569 8.212615
5625 1.534264
5651 1.315138
5669 5.476768
5734 1.686879
5735 1.507935
5743 0.749380
5753 1.300496
5764 1.960233
5792 2.924868
5821 5.513041
5826 5.654646
5833 0.998169
5880 0.835294
5885 0.706976
5926 0.698970
5949 0.918840
6070 0.742749
6071 1.238917
6211 1.226501
6291 1.612836
6324 1.471212
6346 4.187884
6350 2.562293
6421 1.181416
6433 0.758381
6436 20.070805
6456 1.612836
6514 1.534264
6523 6.582948
6568 0.723444
6627 1.141787
6791 3.039414
6792 2.078345
6793 3.726646
6812 2.453002
6864 1.308809
6874 1.501014
6909 0.747158
6962 1.200565
7021 2.085172
7041 1.376656
7060 0.932204
7061 0.478313
7062 0.687865
7077 1.893286
7106 3.039414
7118 0.611279
7126 3.079605
7146 1.835294
7162 1.808965
7179 1.925471
7188 1.376656
7308 1.562293
7385 0.769901
7404 1.125600
7498 2.488269
7589 1.261263
7595 1.367316
7635 0.704960
7664 1.206905
7694 1.553926
7709 5.436629
7758 0.994091
7769 1.925471
7788 1.590635
7808 1.677686
7847 0.932204
7859 0.904280
7861 0.696991
7862 0.960233
7881 1.548052
7896 1.437354
7915 1.043779
7972 1.254084
7981 0.925471
8016 0.939044
8046 1.219870
8048 1.188156
8083 0.711035
8089 1.893286
8098 1.247022
8119 9.118242
8121 3.039414
8124 6.078828
8234 1.275986
8237 1.170182
8239 1.784142
8241 1.018225
8271 0.925471
8343 0.986336
8377 1.254084
8383 1.426630
8395 2.085172
8404 1.044436
8407 1.448350
8455 0.436270
8478 1.960233
8559 3.124586
8583 2.698436
8605 4.430305
8662 1.188156
8684 3.805686
8702 1.323411
8761 0.747158
8767 0.704960
8784 0.932204
8785 4.245412
8826 0.354565
8874 7.940465
8907 3.039414
8931 2.929954
8995 3.039414
9059 1.084969
9114 6.746090
9116 1.182082
9171 1.592256
9258 1.863323
9361 2.261263
9381 2.251201
9444 2.817131
9557 1.696991
9568 1.066286
9579 1.315138
9592 1.070931
9605 1.760661
9642 1.283539
9643 2.340365
9747 0.945992
9761 0.835294
9767 0.850618
9783 3.476610
9855 1.641474
9903 3.175606
9923 1.893286
9933 1.075626
9963 1.738384
10015 1.066286
10058 1.819334
10095 1.925471
10188 3.039414
10195 2.538869
10318 1.592256
10327 1.416165
10352 2.913685
10378 4.100330
10475 2.158908
10507 4.089523
10515 1.624441
10555 1.367316
10592 1.925471
10619 1.057738
10621 1.125600
10627 1.562293
10635 3.355373
10651 1.233234
10661 1.507935
10694 2.437354
10701 1.573122
10711 1.268562
10720 1.677686
10735 1.548052
10844 4.272648
10890 0.465383
10903 1.548052
10973 2.562293
11121 0.600081
11139 2.853261
11152 3.573144
11163 4.522526
11239 2.194316
11242 1.048188
11256 0.779343
11295 1.213339
11306 0.589165
11314 1.893286
11332 0.715132
11376 0.464226
11386 1.349218
11423 2.450093
11521 1.075626
11523 1.615065
11532 0.652024
11536 1.323411
11537 3.039414
11539 1.592256
11568 1.349218
11599 1.925471
11600 0.703770
11609 3.640018
11636 4.657411
11637 4.644122
