154

81 1.608050
83 1.548052
139 1.219870
183 1.367316
194 0.723444
324 2.261263
346 0.506660
391 1.358173
412 2.136324
413 1.717195
433 2.340444
436 2.261263
489 2.194316
509 1.696991
661 4.728326
736 1.448350
833 1.835294
857 1.158601
875 3.425361
990 1.340444
1046 2.194316
1177 2.085172
1257 2.261263
1516 1.577016
1641 3.897154
1643 1.043779
2107 1.608050
2154 0.677686
2264 1.437354
2268 3.803303
2476 2.261263
2502 1.395961
2507 0.380449
2548 1.026577
2575 0.956629
2585 1.471212
3034 1.358173
3199 4.388632
3218 1.534264
3605 1.349218
3617 2.136324
3634 1.459631
3637 1.136324
3651 3.920466
3659 2.261263
3695 1.405946
3700 1.283539
3826 1.405946
3885 1.283539
3891 2.630276
3952 1.136324
4028 2.136324
4033 1.283539
4150 1.998021
4171 2.437354
4196 0.734063
4211 0.912309
4237 2.439740
4249 1.358173
4413 1.005990
4449 2.261263
4581 3.920466
4605 2.261263
4633 4.312062
4708 0.689166
4916 3.805686
5331 1.925471
5358 1.808965
5394 1.991340
5572 1.696991
5749 0.967532
5753 0.650248
5833 1.996339
5849 1.426630
5926 0.698970
5941 2.261263
5945 1.141787
5948 0.863323
5949 0.918840
6136 1.608050
6154 1.925471
6193 1.437354
6217 6.034526
6300 1.592256
6317 0.702954
6466 1.075626
6559 0.998021
6568 0.723444
6572 1.534264
6665 1.835294
6864 0.872539
7077 1.893286
7118 4.890235
7130 1.960233
7217 0.796376
7374 1.358173
7411 0.893286
7549 1.459631
7655 2.766428
7656 1.315138
7694 0.776963
7788 0.530212
7794 1.448350
7937 2.990692
8227 0.816698
8241 1.018225
8271 0.925471
8529 1.066286
8532 1.893286
8605 0.738384
8618 9.045051
8699 1.641474
8822 7.885081
8826 1.418262
8867 1.562293
8873 2.136324
8884 2.039414
9047 3.319596
9061 6.575691
9079 10.936050
9087 1.562293
9118 1.548052
9130 1.535145
9328 0.915562
9407 2.551972
9450 2.136324
9576 2.136324
9685 2.194316
9723 1.925471
9728 2.437354
9835 2.437354
9889 2.085172
9955 1.925471
10125 1.448350
10215 1.641474
10333 2.085172
10465 4.021332
10544 3.995532
10566 1.893286
10606 1.507935
10619 0.528869
10631 2.261263
10682 2.194316
10715 1.416165
11115 2.966223
11152 0.893286
11204 2.194316
11236 2.194316
11355 1.592256
11376 0.928453
11451 2.652234
11458 1.709445
11503 2.652234
11600 1.407541
