172

81 0.061396
83 0.059105
139 0.046575
183 0.104409
194 0.027621
324 0.086335
346 0.019344
378 0.093059
391 0.051855
412 0.081565
413 0.065563
433 0.089359
436 0.086335
489 0.083779
509 0.064791
661 0.180528
736 0.055298
816 0.093059
833 0.070072
857 0.044236
875 0.217968
990 0.051178
1046 0.083779
1177 0.079612
1257 0.086335
1516 0.060211
1641 0.198392
1643 0.039852
1849 0.076285
2107 0.061396
2154 0.025874
2264 0.054878
2268 0.145211
2476 0.086335
2502 0.053298
2507 0.014526
2548 0.039195
2575 0.073049
2585 0.056171
3034 0.051855
3121 0.029939
3199 0.167559
3218 0.058578
3605 0.051513
3617 0.081565
3634 0.055729
3637 0.043385
3651 0.149684
3659 0.086335
3695 0.053679
3700 0.049006
3826 0.053679
3885 0.049006
3891 0.100424
3952 0.043385
4028 0.081565
4033 0.049006
4150 0.076285
4171 0.093059
4196 0.028027
4211 0.034832
4237 0.093150
4249 0.051855
4374 0.069067
4413 0.038409
4449 0.086335
4581 0.149684
4605 0.086335
4633 0.164635
4708 0.026312
4916 0.145302
5301 0.076285
5331 0.073515
5358 0.069067
5394 0.076030
5494 0.066372
5572 0.064791
5591 0.070072
5749 0.036941
5753 0.024827
5833 0.076221
5849 0.054469
5926 0.026687
5941 0.086335
5945 0.043594
5948 0.032962
5949 0.035081
6136 0.061396
6154 0.073515
6167 0.042380
6193 0.054878
6217 0.230399
6300 0.121585
6317 0.026839
6412 0.083779
6466 0.082135
6559 0.038105
6568 0.027621
6572 0.058578
6665 0.070072
6864 0.033314
7077 0.072286
7118 0.186710
7130 0.074842
7217 0.030406
7374 0.051855
7411 0.034106
7549 0.055729
7655 0.140830
7656 0.050212
7694 0.029665
7788 0.020244
7794 0.055298
7937 0.114185
8227 0.031182
8241 0.038876
8271 0.035335
8529 0.040711
8532 0.072286
8605 0.028192
8618 0.345342
8699 0.062672
8785 0.032418
8822 0.240843
8826 0.054149
8828 0.070072
8867 0.059649
8873 0.081565
8884 0.077865
9047 0.126743
9061 0.301273
9079 0.417540
9087 0.059649
9118 0.059105
9130 0.058612
9138 0.025731
9328 0.034956
9383 0.058578
9407 0.097435
9450 0.081565
9576 0.081565
9685 0.083779
9723 0.073515
9728 0.093059
9835 0.093059
9889 0.079612
9955 0.073515
10041 0.093059
10125 0.055298
10215 0.062672
10333 0.079612
10465 0.153535
10544 0.203400
10566 0.072286
10606 0.057573
10619 0.020192
10631 0.086335
10682 0.083779
10715 0.054069
11003 0.054878
11067 0.079612
11115 0.113251
11204 0.083779
11236 0.083779
11355 0.060793
11366 0.052204
11376 0.035448
11451 0.101263
11458 0.065267
11502 0.038719
11503 0.067509
11600 0.053740
