186

81 0.058640
83 0.056452
139 0.044484
183 0.149583
194 0.026381
324 0.082460
346 0.018476
378 0.088881
391 0.049527
412 0.077904
413 0.062620
433 0.085347
436 0.082460
489 0.080018
509 0.061883
661 0.172424
736 0.052816
816 0.088881
833 0.066926
857 0.042250
875 0.208183
990 0.048881
1046 0.080018
1177 0.076038
1257 0.082460
1492 0.055462
1516 0.057508
1641 0.189486
1643 0.038063
1849 0.072860
2067 0.045994
2107 0.058640
2154 0.024713
2264 0.052415
2268 0.138692
2476 0.082460
2502 0.050905
2507 0.013874
2548 0.037435
2575 0.069769
2585 0.053650
3034 0.049527
3121 0.028595
3199 0.160037
3218 0.055949
3605 0.049201
3617 0.077904
3634 0.053227
3637 0.082875
3651 0.142965
3659 0.082460
3695 0.051270
3700 0.093612
3826 0.051270
3885 0.046806
3891 0.095916
3952 0.041437
4028 0.077904
4033 0.046806
4150 0.072860
4171 0.088881
4196 0.053537
4211 0.033268
4237 0.088968
4249 0.049527
4374 0.065966
4413 0.036685
4449 0.082460
4462 0.041637
4581 0.142965
4583 0.093437
4605 0.082460
4633 0.157245
4708 0.025131
4916 0.138779
5026 0.045221
5270 0.050905
5301 0.072860
5331 0.070215
5358 0.065966
5394 0.072617
5494 0.063392
5572 0.061883
5591 0.066926
5749 0.035282
5753 0.023712
5833 0.090999
5849 0.052024
5926 0.025489
5941 0.082460
5945 0.041637
5948 0.031482
5949 0.033507
6112 0.018291
6136 0.058640
6154 0.070215
6167 0.040477
6193 0.052415
6217 0.220057
6300 0.116127
6317 0.025634
6412 0.080018
6466 0.078448
6559 0.036394
6568 0.026381
6572 0.055949
6665 0.066926
6756 0.093437
6864 0.031818
7077 0.069041
7118 0.178329
7130 0.071482
7217 0.029041
7374 0.049527
7411 0.065150
7549 0.053227
7655 0.134508
7656 0.047958
7694 0.028333
7788 0.019335
7794 0.052816
7937 0.109059
7989 0.038223
8157 0.034243
8227 0.029782
8241 0.037131
8271 0.033748
8512 0.031910
8529 0.038883
8532 0.069041
8605 0.026926
8618 0.412299
8699 0.059858
8785 0.030963
8822 0.230031
8826 0.058184
8828 0.066926
8867 0.056971
8873 0.077904
8884 0.074370
9047 0.121053
9061 0.287749
9079 0.398797
9087 0.056971
9118 0.056452
9130 0.055981
9138 0.024576
9328 0.033387
9383 0.055949
9407 0.093061
9450 0.077904
9543 0.067948
9576 0.077904
9685 0.080018
9723 0.070215
9728 0.088881
9761 0.030460
9783 0.031695
9835 0.088881
9889 0.076038
9955 0.070215
10041 0.088881
10125 0.052816
10215 0.059858
10333 0.076038
10465 0.146643
10544 0.194269
10566 0.069041
10606 0.054989
10619 0.019286
10631 0.082460
10682 0.080018
10715 0.051642
11003 0.052415
11067 0.076038
11115 0.108167
11204 0.080018
11236 0.080018
11355 0.058064
11366 0.049861
11376 0.033857
11451 0.096717
11458 0.062337
11502 0.036981
11503 0.064478
11600 0.051328
