285

71 0.878046
77 1.893286
174 3.039414
179 2.537124
180 7.029728
228 1.349218
292 1.115135
586 1.494316
599 2.317201
736 1.448350
806 2.753313
895 0.846290
917 0.574031
930 1.548052
1065 2.136324
1112 1.530513
1167 1.459631
1253 4.078828
1274 1.471212
1370 4.439981
1487 4.190085
1499 1.052642
1519 3.039414
1549 2.738384
1596 1.677686
1605 0.893286
1609 1.115135
1616 1.483112
1653 1.483112
1777 5.623783
1872 0.638014
1902 1.014108
1927 3.786572
1944 13.421490
1947 2.209831
1960 4.078828
1971 2.340444
1997 2.966223
2054 4.378892
2058 0.899535
2064 1.206905
2211 2.738384
2248 2.283574
2264 1.437354
2278 1.219870
2304 1.109995
2335 0.915562
2411 2.562293
2421 1.972671
2455 3.407574
2465 7.312062
2473 1.026577
2499 1.307020
2507 0.380449
2518 2.473711
2530 2.151584
2598 2.562293
2601 1.507935
2687 1.448350
2696 0.683388
2763 3.024452
2772 4.047654
2809 1.520900
2824 1.158601
2886 1.577016
2906 1.835294
2954 0.935610
2956 3.068528
3013 3.039414
3035 1.808965
3043 2.562293
3082 1.717195
3107 1.998021
3130 0.998021
3201 2.340444
3205 1.416165
3243 1.001988
3295 2.194316
3405 1.998021
3613 1.005990
3637 1.136324
3760 2.966223
3784 3.726646
3818 0.704960
3823 1.268562
3908 1.471212
3952 2.272648
3968 2.874708
4121 1.240074
4151 3.039414
4196 0.734063
4258 3.393983
4273 1.808965
4287 2.738384
4310 1.022381
4326 2.738384
4330 2.738384
4337 3.355373
4372 3.039414
4413 1.005990
4573 0.543870
4591 2.340444
4620 1.760661
4627 3.568283
4708 0.689166
4722 2.189863
4734 1.238917
4736 3.039414
4738 1.145093
4770 1.261263
4784 5.033059
4812 2.437354
4827 2.340444
4834 1.057143
4843 1.608050
4943 0.572546
5000 2.136324
5025 1.681514
5067 1.164353
5100 0.700958
5320 0.909080
5337 3.670588
5358 3.617930
5491 0.809874
5529 0.646717
5625 1.534264
5657 4.248494
5681 1.147320
5689 1.676034
5749 0.967532
5756 1.471212
5758 1.219870
5847 2.738384
5885 1.413951
5900 1.039414
5926 0.698970
5935 2.261263
5947 1.247022
5974 2.738384
5976 1.738384
6046 4.312062
6060 0.971228
6112 1.003190
6163 2.085172
6227 1.158601
6230 2.340444
6242 1.562293
6274 1.200565
6285 3.568283
6361 4.523806
6396 1.998021
6415 3.715298
6433 0.758381
6504 1.744194
6587 0.622774
6609 4.272648
6612 2.136324
6616 0.899535
6635 1.233234
6650 2.261263
6792 2.078345
6813 1.573122
6828 1.434390
6839 2.614041
6874 0.500338
6968 1.268562
7060 0.932204
7061 0.478313
7062 0.343932
7111 1.497254
7254 2.136324
7255 1.641474
7283 1.608050
7328 2.437354
7334 3.318406
7342 1.863323
7373 2.562293
7425 1.760661
7439 1.641474
7498 1.777335
7501 3.157927
7508 1.925471
7550 1.624441
7580 1.254084
7635 0.704960
7644 2.085172
7704 1.426157
7735 1.233234
7788 1.060423
7814 2.039414
7839 4.680888
7859 0.301427
7903 2.437354
8016 0.939044
8059 3.270072
8083 1.422069
8087 1.158601
8218 2.340444
8227 1.633395
8259 1.696991
8294 0.925471
8394 1.233234
8434 2.136324
8474 3.930037
8475 5.396872
8482 1.043779
8495 2.738384
8513 1.577016
8539 0.668346
8555 1.784142
8619 1.275986
8711 1.520900
8741 1.247022
8759 1.483112
8826 2.304676
8857 5.469265
8871 3.564467
8873 2.136324
8919 2.281982
8934 1.760661
8956 1.080373
8989 1.471212
9031 1.768156
9074 2.194316
9095 2.388632
9104 1.786572
9125 2.136324
9144 0.925471
9171 1.592256
9286 3.920466
9404 3.726646
9424 1.483112
9429 2.136324
9501 2.562293
9503 1.925471
9555 2.261263
9568 1.066286
9581 2.194316
9587 1.291226
9594 1.495346
9607 1.738384
9624 1.717195
9653 1.784142
9667 1.158601
9767 0.567079
9860 1.784142
9903 0.793901
9933 1.075626
9935 2.039414
9988 1.808965
10010 2.123381
10033 1.696991
10036 5.153526
10057 2.598103
10085 1.039414
10086 4.302505
10166 2.738384
10182 2.085172
10223 2.085172
10233 2.562293
10290 1.925471
10475 0.539727
10487 1.193869
10491 2.294639
10509 0.704960
10591 1.200565
10609 1.925471
10619 0.528869
10818 1.299051
10890 0.930766
11015 1.075626
11121 0.600081
11150 1.022381
11198 2.738384
11252 1.592256
11287 1.043779
11298 1.182082
11396 1.885008
11462 2.811891
11523 1.076710
11526 3.560780
11536 1.323411
11541 1.863323
11592 1.717195
11600 0.351885
