83

103 1.219870
180 1.405946
228 1.349218
334 1.367316
346 0.506660
596 1.358173
599 1.158601
1542 0.814105
1544 1.696991
2071 0.971228
2259 0.426630
2455 0.851893
2518 0.824570
2687 1.448350
2708 1.035093
2824 1.158601
2976 1.760661
3130 0.998021
3179 0.772242
3293 1.925471
3482 0.967532
3823 1.268562
3979 1.471212
4337 1.677686
4426 1.863323
4573 1.087740
4722 2.189863
4727 1.925471
4901 0.902694
4978 1.495346
5012 0.827227
5050 0.945992
5100 0.700958
5328 2.136324
5394 0.497835
5491 0.404937
5529 0.646717
5851 1.692579
5892 1.340444
5926 0.698970
6060 1.942457
6097 1.094931
6112 1.003190
6283 1.075626
6285 1.784142
6361 1.507935
6421 0.590708
6504 0.872097
6536 1.808965
6828 2.868779
6838 1.120336
7009 1.717195
7217 0.796376
7498 1.066401
7643 0.942504
7760 0.666502
7847 0.932204
8394 1.233234
8434 2.136324
8455 0.436270
8474 0.982509
8513 1.577016
8857 4.101949
8919 0.760661
8931 0.266359
9031 0.884078
9095 1.194316
9104 0.893286
9138 0.673926
9612 1.925471
9618 0.960233
9767 0.283539
10057 1.299051
10086 1.075626
10604 1.448350
10619 0.528869
10620 3.039414
10720 1.677686
10890 0.930766
11287 1.043779
11306 1.178330
11475 1.459631
11547 1.039414
