134

139 0.135541
183 0.227886
190 0.108902
245 0.337713
391 0.075454
489 0.243813
626 0.142350
660 0.093205
661 0.197014
708 0.337713
734 0.080464
875 0.063433
876 0.086003
965 0.053548
1046 0.121906
1152 0.105183
1231 0.056799
1274 0.081734
1554 0.152132
1641 0.144339
1649 0.097895
1662 0.106971
1855 0.152132
2067 0.070070
2268 0.042259
2398 0.135409
2435 0.105183
2575 0.053146
2818 0.091193
3125 0.094277
3131 0.083774
3156 0.076481
3255 0.075962
3299 0.097814
3304 0.089336
3419 0.096577
3546 0.054373
3649 0.142350
3695 0.078108
3700 0.142615
4028 0.118685
4033 0.071308
4071 0.056568
4237 0.135541
4374 0.100498
4520 0.040544
4581 0.108902
4600 0.168856
4606 0.168856
5026 0.068893
5086 0.084494
5195 0.168856
5256 0.223407
5301 0.111001
5421 0.168856
5484 0.115843
5519 0.152132
5591 0.101961
5824 0.152132
5827 0.077011
5919 0.090247
6071 0.034414
6136 0.089336
6217 0.134101
6354 0.103518
6568 0.120574
6587 0.034599
6604 0.168856
6617 0.506569
6618 0.118685
6864 0.024237
7111 0.027727
7118 0.135840
7123 0.064686
7182 0.073991
7186 0.142350
7297 0.170474
7315 0.193154
7370 0.115843
7549 0.081091
7788 0.029456
8003 0.135409
8073 0.180493
8098 0.069279
8111 0.057505
8117 0.175224
8227 0.045372
8241 0.056568
8332 0.082395
8444 0.089336
8462 0.068139
8467 0.087612
8529 0.059238
8784 0.051789
8785 0.047171
8822 0.350448
8826 0.059094
8867 0.086794
9047 0.046106
9061 0.073063
9138 0.112321
9407 0.141776
9469 0.091193
9577 0.135409
9607 0.096577
9680 0.105183
9881 0.279614
9999 0.132702
10015 0.059238
10134 0.091193
10215 0.091193
10220 0.168856
10279 0.111777
10302 0.080464
10366 0.168856
10544 0.073991
10563 0.077011
10596 0.066351
10619 0.029382
10677 0.045809
10818 0.072170
10917 0.089336
11031 0.080464
11067 0.115843
11152 0.049627
11306 0.032731
11353 0.125626
11364 0.079853
11376 0.025790
11458 0.094969
11532 0.072447
11600 0.078197
11620 0.060287
11624 0.168856
