249

71 0.878046
179 1.268562
180 4.217837
185 1.495346
279 3.039414
302 5.476768
318 1.649141
508 1.549193
586 0.747158
599 1.158601
634 1.233234
665 1.898622
739 1.893286
848 2.437354
855 2.136324
895 0.846290
930 1.548052
1065 2.136324
1086 3.039414
1093 1.405946
1112 6.122050
1274 1.471212
1296 0.974956
1370 4.439981
1371 3.850942
1487 0.838017
1549 2.738384
1605 0.893286
1609 1.115135
1643 1.043779
1686 1.998021
1725 1.200565
1744 1.426630
1777 1.405946
1807 0.928824
1879 2.194316
1902 1.014108
1927 1.893286
1944 6.710745
1947 1.104916
1960 2.039414
2054 2.919261
2058 0.899535
2071 0.971228
2211 2.738384
2214 5.776412
2275 4.874708
2278 2.439740
2381 3.039414
2421 0.986336
2455 0.851893
2518 3.298281
2530 1.434390
2598 2.562293
2675 2.136324
2696 0.683388
2718 1.275986
2763 0.756113
2774 2.562293
2809 1.520900
2889 1.960233
2906 1.835294
2913 1.925471
2956 1.534264
3035 1.808965
3057 2.261263
3095 0.590708
3130 1.996043
3243 1.001988
3322 1.395961
3326 2.437354
3533 1.386202
3567 2.133104
3573 0.788994
3637 1.136324
3661 1.808965
3760 1.483112
3784 1.863323
3908 1.471212
3952 1.136324
3979 1.471212
3988 1.760661
4071 1.018225
4121 1.240074
4196 0.734063
4238 2.738384
4258 1.696991
4259 2.738384
4310 1.022381
4337 1.677686
4413 1.005990
4451 0.878046
4566 0.827227
4573 1.087740
4591 4.680888
4627 1.784142
4708 0.689166
4734 0.619458
4738 0.572546
4812 2.437354
4832 1.548052
4834 2.114286
4843 1.608050
4867 2.562293
4904 1.471212
4917 2.562293
4956 1.760661
5025 1.681514
5100 0.700958
5320 0.909080
5337 1.835294
5384 2.085172
5394 0.497835
5457 1.448350
5491 0.404937
5529 0.646717
5633 2.738384
5657 4.248494
5689 1.676034
5723 1.659203
5732 0.786561
5749 0.967532
5756 1.471212
5833 0.998169
5851 0.846290
5880 0.835294
5885 0.706976
5900 1.039414
5902 1.349218
5926 0.698970
5948 0.863323
5974 2.738384
6008 2.562293
6046 1.437354
6093 3.039414
6108 1.960233
6112 1.003190
6138 3.039414
6163 2.085172
6205 5.838522
6217 1.206905
6308 0.749380
6361 4.523806
6414 3.039414
6415 2.786473
6433 0.758381
6504 2.616290
6609 2.136324
6612 4.272648
6773 2.738384
6792 1.039172
6794 1.738384
6806 0.677686
6813 0.786561
6828 0.717195
6839 1.307020
6864 0.436270
6909 0.747158
6934 1.448350
6968 1.268562
7008 0.878046
7060 0.932204
7061 0.478313
7062 0.687865
7069 1.925471
7111 0.499085
7315 1.738384
7334 3.318406
7342 1.863323
7439 1.641474
7447 2.437354
7460 0.990196
7498 0.710934
7604 1.659203
7635 0.704960
7704 1.426157
7735 1.233234
7788 0.530212
7859 0.301427
7884 1.893286
8059 4.360096
8134 2.738384
8213 2.136324
8249 2.261263
8337 2.738384
8381 2.328706
8455 0.436270
8474 0.982509
8475 2.698436
8741 1.247022
8819 1.299051
8826 1.240979
8857 5.469265
8871 1.188156
8882 3.039414
8919 1.521321
8931 0.266359
9074 2.194316
9095 2.388632
9104 1.786572
9125 2.136324
9132 0.731918
9351 1.367316
9361 2.261263
9378 1.386202
9404 1.863323
9501 2.562293
9517 2.562293
9533 4.388632
9538 1.052642
9568 1.066286
9607 1.738384
9612 1.925471
9744 3.039414
9758 3.039414
9767 0.567079
9799 2.136324
9933 1.075626
10010 2.123381
10018 2.966223
10033 1.696991
10036 5.153526
10086 2.151253
10182 2.085172
10223 2.085172
10279 2.011981
10412 1.808965
10487 0.596934
10501 1.471212
10522 3.039414
10591 1.200565
10592 1.925471
10619 0.528869
10777 2.738384
10877 1.863323
10890 0.930766
10903 1.548052
10958 2.085172
11005 2.562293
11015 1.075626
11150 2.044762
11252 1.592256
11287 1.043779
11298 1.182082
11364 1.437354
11470 1.835294
11501 1.254084
11526 0.890195
11532 0.652024
