264

79 0.922143
81 4.824151
139 1.219870
183 5.469265
204 1.315138
324 2.261263
346 1.013319
378 2.437354
391 1.358173
399 1.960233
412 2.136324
413 1.717195
436 2.261263
489 2.194316
509 1.696991
632 0.990196
660 1.677686
661 10.638735
697 0.819306
726 1.893286
736 2.896699
816 2.437354
875 7.992509
917 0.574031
960 1.066286
965 0.963867
1046 13.165896
1053 1.001988
1167 1.459631
1231 3.067142
1257 2.261263
1284 3.241118
1285 1.349218
1492 3.041800
1516 1.577016
1532 0.779343
1544 1.696991
1590 2.261263
1641 7.794309
1645 2.562293
1765 2.562293
1849 1.998021
1919 2.194316
1981 0.935610
2049 2.562293
2146 1.641474
2154 0.677686
2259 0.426630
2268 0.760661
2435 1.893286
2458 2.562293
2476 2.261263
2499 1.307020
2502 5.583846
2504 1.275986
2565 1.416165
2572 3.536312
2575 2.869886
2606 2.194316
2618 1.164353
2651 0.784142
2690 0.974956
2715 1.960233
2960 12.511030
2969 1.835294
3031 2.738384
3034 1.358173
3054 2.663688
3121 0.784142
3199 2.194316
3273 1.863323
3275 0.611279
3366 2.734633
3567 0.711035
3599 1.158601
3626 1.935064
3634 1.459631
3651 1.960233
3691 0.742749
3692 2.340444
3695 1.405946
3700 1.283539
3807 1.386202
3818 0.704960
3841 0.477121
3891 1.315138
3938 2.466468
4028 2.136324
4033 10.268314
4071 1.018225
4121 1.240074
4195 1.170182
4196 1.468125
4211 0.912309
4237 1.219870
4426 1.863323
4449 2.261263
4462 1.141787
4550 1.291226
4573 0.543870
4581 1.960233
4583 2.562293
4605 2.261263
4734 1.238917
4746 1.835294
4795 2.738384
4866 1.891985
4901 0.902694
5026 1.240074
5181 1.998021
5235 2.738384
5266 2.136324
5270 1.395961
5301 1.998021
5331 1.925471
5358 1.808965
5394 0.497835
5460 1.247022
5468 2.388632
5494 1.738384
5572 3.393983
5692 0.753857
5732 0.786561
5743 0.749380
5753 1.300496
5756 1.471212
5849 2.853261
5854 2.437354
5868 2.738384
5869 1.052642
5896 4.272648
5936 2.437354
5941 2.261263
5945 1.141787
5976 1.738384
6154 1.925471
6164 2.738384
6194 4.272648
6217 14.482862
6281 1.206905
6300 1.592256
6317 0.702954
6466 2.151253
6504 0.872097
6559 1.996043
6568 0.723444
6572 1.534264
6618 2.136324
6665 1.835294
6756 2.562293
6828 0.717195
6858 3.392787
6864 0.436270
7062 0.343932
7077 1.893286
7111 0.499085
7118 4.890235
7188 1.376656
7374 1.358173
7404 1.125600
7428 1.299051
7549 1.459631
7619 2.261263
7625 1.808965
7636 2.039414
7655 1.844286
7656 2.630276
7694 3.884815
7782 1.641474
7788 1.060423
7915 1.043779
8016 0.939044
8046 1.219870
8060 2.437354
8074 2.437354
8085 1.507935
8087 1.158601
8098 1.247022
8117 1.577016
8137 3.216101
8186 3.096105
8227 0.816698
8241 2.036450
8294 0.925471
8404 0.522218
8482 1.043779
8512 0.875061
8529 1.066286
8532 1.893286
8603 1.784142
8618 2.261263
8699 1.641474
8745 2.194316
8767 0.704960
8785 0.849082
8822 11.039113
8826 0.886414
8867 1.562293
8873 2.136324
8884 2.039414
8890 2.738384
8916 1.863323
8989 1.471212
8992 2.136324
9047 4.149496
9061 5.260553
9079 6.249171
9088 3.920466
9130 3.837863
9132 3.659590
9138 5.391409
9196 1.893286
9270 1.075626
9280 6.951603
9284 1.577016
9328 0.915562
9383 3.068528
9407 1.275986
9430 2.039414
9450 6.408972
9528 2.039414
9607 3.476768
9629 2.194316
9635 1.548052
9685 2.194316
9693 2.340444
9723 1.925471
9944 2.364163
9955 1.925471
9963 1.738384
10085 1.039414
10215 1.641474
10302 4.345049
10333 2.085172
10352 0.971228
10434 2.039414
10465 1.340444
10475 0.539727
10534 1.471212
10537 1.534264
10544 3.995532
10604 1.448350
10715 1.416165
10745 1.659203
10761 2.261263
11031 1.448350
11067 2.085172
11121 1.200163
11152 3.573144
11193 1.548052
11204 2.194316
11236 2.194316
11249 3.726646
11320 1.001988
11355 1.592256
11376 0.464226
11410 2.562293
11458 3.418891
11466 1.109995
11502 2.028217
11503 1.768156
11600 2.463196
11637 0.928824
11638 1.863323
