44

304 1.104916
1269 0.939044
1592 1.120336
1797 0.702954
1859 0.606445
2000 0.986336
2501 1.784142
3121 1.568283
3402 1.323411
3510 1.960233
3951 0.704960
5174 1.507935
5569 2.053154
5734 0.562293
5826 2.261858
6436 1.824619
6568 0.723444
7061 0.478313
7183 2.085172
7498 0.355467
7664 1.206905
7738 1.066286
7847 0.932204
7859 0.602854
8874 2.646822
9114 1.349218
9116 1.182082
9444 1.878087
9767 0.283539
9903 0.793901
10141 3.154032
10185 0.932204
10397 0.846290
10475 0.539727
10548 0.994091
10890 0.465383
10999 1.395961
11152 0.893286
11242 1.048188
11306 0.589165
11386 1.349218
11523 0.538355
11532 0.652024
11637 2.786473
