95

23 0.081263
108 0.093391
318 0.065808
345 0.074398
599 0.092466
621 0.180468
665 0.050509
1370 0.177175
1468 0.437094
1609 0.088997
1689 0.114713
1896 0.107679
2046 0.081263
2120 0.170497
2154 0.108171
2499 0.104312
2507 0.030363
2518 0.065808
2530 0.057238
2536 0.109124
2687 0.115591
2718 0.101835
2763 0.060344
2824 0.092466
3130 0.079651
3179 0.061632
3351 0.087385
3567 0.056747
3795 0.111410
3823 0.101242
3914 0.138738
3968 0.114713
4258 0.135435
4337 0.133894
4534 0.094340
4550 0.103051
4570 0.180468
4573 0.086811
4681 0.133894
4738 0.045694
4832 0.123548
4834 0.084369
4955 0.124685
5324 0.077512
5532 0.070800
5753 0.103791
5792 0.155620
5826 0.090258
5902 0.107679
5926 0.055784
6205 0.116491
6504 0.069601
6612 0.170497
6649 0.117416
6671 0.133894
6838 0.089413
7111 0.039831
7120 0.066448
7369 0.100660
7498 0.028369
7635 0.056262
7904 0.101835
7920 0.082954
8271 0.073861
8357 0.186788
8381 0.092925
8404 0.041678
8474 0.156826
8619 0.101835
8711 0.121381
8857 0.545619
8858 0.132419
8871 0.189650
9031 0.211671
9062 0.085844
9224 0.135435
9629 0.175125
9747 0.075498
9872 0.091125
9903 0.063360
9957 0.114713
10033 0.135435
10086 0.171689
10088 0.242762
10352 0.077512
10397 0.067541
10491 0.091566
10619 0.042208
10745 0.132419
10776 0.166415
10991 0.142390
11150 0.081595
11287 0.083303
11304 0.148709
11443 0.075498
