50

36 0.149847
70 0.230918
292 0.126264
318 0.093364
1050 0.169315
1269 0.106326
1387 0.122871
1532 0.088243
2000 0.111681
2257 0.169315
2259 0.048306
2267 0.141197
2976 0.199356
3014 0.112118
3177 0.131186
3179 0.087439
3243 0.113453
3480 0.311751
4266 0.119188
4573 0.184743
4978 0.169315
5371 0.344146
5508 0.221953
5529 0.146453
5753 0.073626
5833 0.056510
6071 0.070140
6283 0.121791
6308 0.169701
7008 0.099419
7150 0.110818
7643 0.106718
7782 0.185860
7847 0.105551
8016 0.106326
8059 0.123421
8234 0.144477
8474 0.111247
8499 0.180344
8857 0.154818
8931 0.030159
8949 0.221953
9099 0.148910
9138 0.076307
9557 0.192146
9903 0.089892
10249 0.327409
11121 0.067946
11150 0.115762
11340 0.111681
