40

345 0.932204
1605 0.893286
1838 1.548052
1859 0.606445
1967 1.893286
2000 0.986336
2024 1.022381
2084 0.990196
2115 0.922143
2363 1.022381
2916 1.459631
3275 0.611279
4573 0.543870
4670 1.624441
4916 1.268562
4943 0.572546
6167 1.109995
6616 0.899535
7313 1.998021
7498 0.355467
7859 0.602854
7931 1.659203
7939 1.624441
8111 1.035093
8112 2.437354
8284 1.426630
8382 1.039414
8508 1.283539
8605 0.738384
9095 1.194316
9097 0.939044
9105 1.061691
9132 0.731918
9643 1.170182
10487 0.596934
10892 1.226501
11256 0.779343
11306 0.589165
11332 0.715132
11475 1.459631
