68

183 1.367316
391 1.358173
429 1.608050
875 1.141787
1044 1.291226
1492 1.520900
1636 1.115135
1640 4.170343
1645 2.562293
1872 0.638014
1896 1.349218
2502 1.395961
2575 1.913257
2956 1.534264
2960 2.085172
3531 0.788994
3606 1.893286
3681 1.158601
3887 1.386202
4211 0.912309
4237 1.219870
4377 1.520900
4526 1.641474
4734 0.619458
5227 1.291226
5266 2.136324
5301 1.998021
5425 2.562293
5444 1.998021
5572 1.696991
5589 2.562293
5849 1.426630
6194 2.136324
6217 1.206905
6317 0.702954
7008 0.878046
7549 1.459631
7655 1.844286
7656 1.315138
8098 1.247022
8216 2.738384
8685 1.624441
8745 2.194316
8867 1.562293
8930 1.048188
9047 1.659798
9061 2.630276
9079 1.562293
9138 0.673926
9407 1.275986
9677 1.268562
9836 2.562293
9881 1.677686
10264 2.437354
10302 1.448350
10396 1.014108
10401 1.022381
10475 0.539727
10509 0.704960
10537 1.534264
10544 1.331844
10651 1.233234
10947 1.960233
11003 1.437354
11067 2.085172
11121 0.600081
11458 0.854723
11600 0.351885
