143

148 1.120336
186 0.971228
258 1.219870
352 2.663688
380 1.641474
404 0.545260
418 0.824570
455 0.753857
475 1.349218
479 1.213339
531 1.837680
552 2.003975
612 1.577016
990 1.340444
1129 2.738384
1157 1.315138
1251 1.437354
1391 2.340444
1466 0.909080
1516 1.577016
1666 1.507714
1721 1.494316
1831 0.767573
1981 2.806831
2071 1.942457
2084 0.990196
2086 1.416165
2224 2.294639
2259 0.426630
2263 2.811891
2507 0.380449
2524 1.048188
2552 1.043779
2638 1.061691
2904 1.960233
3014 0.990196
3153 2.039414
3203 1.130396
3693 2.874708
3758 1.182082
3841 0.477121
3975 1.182082
3976 4.988090
4215 1.996339
4520 0.729784
4573 0.543870
4610 2.630276
4663 0.890195
4680 1.641474
4738 0.572546
4849 1.395961
4851 2.039414
4866 0.945992
5009 1.376656
5059 1.624441
5081 2.061628
5095 1.641474
5112 0.960233
5135 0.593810
5143 0.902694
5217 1.299051
5242 1.233234
5337 1.835294
5376 1.261263
5689 0.838017
5692 1.507714
5702 1.677686
5743 0.749380
5902 1.349218
6103 2.085172
6421 1.772123
6456 1.612836
6570 0.998021
6584 11.413042
6587 1.245547
6605 1.459631
6740 1.808965
6792 0.519586
6813 0.786561
6864 0.436270
6909 1.494316
6992 1.507935
7060 1.864408
7061 0.956625
7062 0.343932
7126 0.769901
7274 2.085172
7334 1.659203
7341 1.495346
7469 2.039414
7534 1.608050
7537 4.988090
7635 1.409921
7668 1.641474
7709 0.679579
7788 0.530212
7859 0.301427
7861 0.696991
7864 1.170182
7874 1.275986
7899 0.887126
7966 3.216101
7993 2.437354
8157 0.939044
8183 1.405946
8287 1.760661
8339 2.194316
8343 0.986336
8352 0.854723
8387 0.854723
8404 0.522218
8449 1.395961
8456 1.592256
8467 1.577016
8529 1.066286
8539 0.668346
8753 2.562293
8826 0.531848
8939 1.213339
9110 2.494045
9438 1.562293
9623 0.994091
9646 1.219870
9698 1.760661
9767 0.283539
9811 0.909080
10036 1.472436
10058 0.606445
10082 1.254084
10276 0.808965
10401 1.022381
10579 1.608050
10619 0.528869
10701 2.359683
10863 1.863323
10890 0.465383
11055 1.471212
11153 1.437354
11180 7.686879
11229 1.416165
11368 1.784142
11377 1.226501
11582 2.562293
