111

64 0.069530
217 0.039427
438 0.079170
508 0.075503
531 0.044782
632 0.048259
665 0.061689
1284 0.052654
1499 0.051303
1572 0.067094
1596 0.163531
1643 0.050871
1666 0.073481
1766 0.061120
1853 0.082706
2090 0.080865
2115 0.044942
2174 0.138829
2217 0.080865
2257 0.218636
2307 0.203250
2414 0.133461
2473 0.050032
2651 0.038217
2843 0.071703
2881 0.079170
3076 0.110207
3121 0.038217
3370 0.324587
3423 0.045105
3640 0.220414
3691 0.036199
3758 0.057611
4071 0.049625
4310 0.049828
4520 0.035567
4638 0.097378
4645 0.051744
4661 0.356368
4834 0.051522
4943 0.027904
4969 0.055647
5032 0.278119
5135 0.028941
5217 0.126624
5227 0.062931
5276 0.101625
5282 0.133461
5485 0.075447
5529 0.031519
5532 0.043236
5689 0.040842
5715 0.114066
5750 0.187683
5821 0.044782
6066 0.085809
6118 0.237579
6209 0.667303
6239 0.084724
6245 0.249757
6415 0.045268
6504 0.042503
6568 0.035258
6616 0.043841
6660 0.133461
6708 0.193497
6838 0.163806
7061 0.046623
7080 0.187683
7118 0.029792
7383 0.089447
7454 0.133461
7491 0.124879
7629 0.133461
7673 0.085809
7704 0.034753
7837 0.080865
7899 0.172943
7904 0.062188
8190 0.312354
8227 0.039803
8419 0.055647
8641 0.061120
8653 0.105308
8699 0.080001
8826 0.086402
8871 0.057907
9031 0.043087
9059 0.026439
9105 0.103487
9110 0.060776
9130 0.037409
9144 0.045105
9231 0.092273
9422 0.191072
9594 0.072879
9605 0.085809
9669 0.037752
9671 0.077602
9767 0.041457
9788 0.078372
9819 0.124879
10092 0.043236
10245 0.266921
10337 0.051744
10385 0.347815
10483 0.124879
10890 0.045363
11450 0.118789
11464 0.106944
11600 0.017150
