108

64 0.070200
217 0.039807
438 0.079934
508 0.076231
531 0.045213
632 0.048724
665 0.062283
1284 0.053162
1499 0.051797
1572 0.067741
1596 0.165107
1643 0.051361
1666 0.074190
1766 0.061709
1853 0.083503
2090 0.081644
2115 0.045376
2174 0.140167
2217 0.081644
2257 0.220744
2307 0.205209
2414 0.134747
2473 0.050515
2651 0.038585
2843 0.072394
2881 0.079934
3076 0.111269
3121 0.038585
3370 0.327716
3423 0.045539
3640 0.222539
3691 0.036548
3758 0.058166
4071 0.050104
4310 0.050308
4520 0.035910
4638 0.098316
4645 0.052242
4661 0.359803
4834 0.052019
4943 0.028173
4969 0.056184
5032 0.280800
5135 0.029219
5217 0.127844
5227 0.063537
5276 0.102605
5282 0.134747
5485 0.076175
5529 0.031823
5532 0.043653
5689 0.041236
5715 0.115166
5750 0.189492
5821 0.045213
6066 0.086636
6118 0.239869
6209 0.673735
6245 0.252164
6415 0.045704
6504 0.042913
6568 0.035598
6616 0.044263
6660 0.134747
6708 0.195362
6838 0.110256
7061 0.047072
7080 0.189492
7118 0.030079
7383 0.090309
7454 0.134747
7491 0.126082
7629 0.134747
7673 0.086636
7704 0.035088
7837 0.081644
7899 0.174610
7904 0.062787
8190 0.315365
8227 0.040187
8419 0.056184
8641 0.061709
8653 0.106323
8699 0.080772
8826 0.087235
8871 0.058465
9031 0.043503
9105 0.104485
9110 0.061362
9130 0.037770
9144 0.045539
9231 0.093163
9422 0.192914
9594 0.073581
9605 0.086636
9669 0.038115
9671 0.078350
9767 0.041856
9788 0.079127
9819 0.126082
10092 0.043653
10245 0.269494
10337 0.052242
10385 0.351167
10483 0.126082
10890 0.045800
11450 0.119934
11600 0.017315
