121

7 0.168652
179 0.079285
180 0.087872
217 0.050560
292 0.139392
404 0.034079
586 0.046697
665 0.039555
697 0.051207
1112 0.047829
1144 0.379927
1295 0.076242
1370 0.069375
1487 0.104752
1498 0.079749
1797 0.043935
1806 0.379927
1880 0.087248
1902 0.063382
1972 0.127463
2259 0.026664
2261 0.133520
2335 0.057223
2378 0.106062
2455 0.053243
2473 0.064161
2499 0.081689
2507 0.023778
2514 0.189963
2536 0.085457
2763 0.094514
2809 0.190113
3082 0.107325
3128 0.098564
3130 0.311882
3143 0.379927
3417 0.067227
3423 0.057842
3592 0.106062
3841 0.029820
4179 0.092694
4239 0.152335
4310 0.063899
4413 0.062874
4677 0.134932
4708 0.043073
4734 0.038716
4738 0.035784
5256 0.083778
5394 0.031115
5657 0.177021
5821 0.057428
5885 0.088372
5926 0.043686
6108 0.122515
6112 0.062699
6227 0.072413
6415 0.058052
6433 0.047399
6609 0.133520
6616 0.056221
6648 0.124876
6671 0.104855
6816 0.122340
6874 0.062542
6909 0.046697
7048 0.120342
7062 0.021496
7118 0.038205
7217 0.049774
7315 0.108649
7422 0.113060
7498 0.044433
7612 0.130323
7788 0.066276
8215 0.127463
8294 0.057842
8404 0.032639
8474 0.061407
8539 0.041772
8653 0.067523
8741 0.077939
8780 0.080702
8826 0.033241
8857 0.256372
8858 0.207400
8895 0.321974
8919 0.047541
8931 0.016647
9031 0.055255
9047 0.051869
9125 0.133520
9378 0.086638
9424 0.092694
9538 0.065790
9747 0.059125
9767 0.017721
9872 0.071362
9942 0.259913
9944 0.073880
10006 0.108649
10260 0.374629
10318 0.099516
10356 0.189963
10454 0.104855
10475 0.101199
10507 0.063899
10591 0.075035
10613 0.133520
10619 0.033054
10701 0.049160
10776 0.130323
10890 0.029086
10903 0.096753
10927 0.189963
11150 0.063899
11287 0.065236
11300 0.141329
11443 0.059125
11501 0.078380
11526 0.055637
