69

292 0.096694
665 0.054877
839 0.121911
871 0.222179
917 0.049775
1112 0.132712
1285 0.116992
1370 0.288746
1432 0.263551
1487 0.072665
1598 0.237448
1942 0.190271
2181 0.150737
2290 0.133038
2504 0.110642
2530 0.062189
3613 0.087230
3823 0.109998
3944 0.309409
4258 0.147148
4462 0.099005
4573 0.047159
4770 0.109365
4866 0.082028
5546 0.263551
5657 0.122797
5869 0.091276
5926 0.060608
6070 0.064405
6205 0.126566
6211 0.106351
6228 0.185243
6379 0.173250
6504 0.151241
6568 0.125461
6671 0.145474
6813 0.068203
6828 0.186566
6839 0.113333
6874 0.043385
7008 0.076136
7062 0.059645
7498 0.061646
7621 0.196076
7650 0.136745
7896 0.124634
8394 0.106935
8537 0.142334
8581 0.152669
8662 0.103026
8857 0.355684
8871 0.206052
8895 0.148900
8931 0.023096
9215 0.147148
9461 0.062549
9747 0.082028
9767 0.024586
9825 0.176840
10269 0.263551
10397 0.220148
10491 0.099485
10501 0.127570
10548 0.172397
10890 0.040354
11034 0.263551
11233 0.110642
11340 0.256578
11526 0.077190
