173

23 0.034987
45 0.048309
68 0.052259
213 0.086666
228 0.092719
292 0.191582
317 0.104436
345 0.032031
352 0.045763
404 0.037471
444 0.071647
508 0.079846
513 0.094092
553 0.053887
665 0.043492
695 0.122608
697 0.028152
716 0.065054
921 0.106383
1089 0.104436
1112 0.184062
1242 0.080419
1370 0.038140
1371 0.066160
1487 0.057589
1567 0.264124
1609 0.038316
1643 0.071729
1892 0.083748
1927 0.065054
1944 0.115292
2000 0.033891
2004 0.104436
2259 0.014659
2267 0.042848
2278 0.041915
2356 0.160837
2536 0.046982
2687 0.049766
2762 0.016151
2768 0.034705
2772 0.046360
2809 0.052259
2817 0.057011
2956 0.316308
2961 0.208871
3054 0.045763
3107 0.068653
3128 0.108374
3130 0.171462
3177 0.039810
3179 0.026535
3228 0.208871
3255 0.093963
3401 0.092116
3542 0.172938
3567 0.073294
3592 0.058309
3793 0.070075
3795 0.047966
3952 0.039045
3977 0.080419
4181 0.052259
4310 0.035129
4343 0.063061
4467 0.063061
4538 0.038495
4617 0.050551
4677 0.018545
4708 0.189440
4738 0.039346
4744 0.155396
4834 0.036324
4901 0.031017
4904 0.050551
4956 0.060497
5394 0.085529
5460 0.042848
5529 0.022221
5657 0.097320
5753 0.022343
5821 0.031572
5833 0.034298
5880 0.028701
5926 0.024017
5949 0.157859
5962 0.092719
6112 0.017235
6285 0.061304
6308 0.077247
6612 0.073405
6635 0.042374
6813 0.027027
6814 0.041915
6828 0.049286
6833 0.067354
6874 0.051575
7008 0.030170
7111 0.017149
7210 0.080419
7297 0.052718
7404 0.038676
7498 0.134354
7530 0.034292
7749 0.066160
7808 0.057646
8016 0.064532
8087 0.039810
8098 0.042848
8111 0.035566
8175 0.049766
8215 0.070075
8238 0.083748
8241 0.209920
8281 0.046982
8292 0.038495
8381 0.040008
8455 0.029981
8474 0.168797
8475 0.046360
8604 0.083748
8605 0.050742
8741 0.042848
8817 0.104436
8826 0.018275
8857 0.046982
8858 0.114022
8895 0.059004
8919 0.052273
8931 0.036609
8956 0.074244
9031 0.060755
9142 0.052259
9175 0.088041
9324 0.068653
9328 0.031459
9378 0.095261
9380 0.078089
9502 0.104436
9517 0.088041
9557 0.058309
9593 0.032626
9610 0.094092
9612 0.066160
9623 0.068315
9747 0.032505
9863 0.041915
9926 0.057011
10058 0.020838
10086 0.110877
10195 0.029079
10249 0.099357
10270 0.094092
10279 0.034566
10475 0.092726
10505 0.051813
10567 0.104436
10619 0.036344
10698 0.124314
10794 0.065054
10818 0.089272
10867 0.062157
11078 0.071647
11121 0.061857
11233 0.043843
11306 0.020244
11332 0.024572
11335 0.071729
11523 0.073992
11526 0.061175
11559 0.143295
11609 0.041691
11627 0.059732
