48

258 1.219870
475 1.349218
531 0.918840
773 3.039414
1252 2.039414
1516 1.577016
1721 1.494316
2259 0.426630
2263 2.811891
2421 0.986336
2872 2.136324
3150 1.176091
3538 2.738384
3841 0.477121
3976 4.988090
4091 2.079183
4520 0.729784
5081 2.061628
5143 0.902694
5337 1.835294
5689 0.838017
5734 0.562293
6456 0.806418
6584 4.279891
6792 0.519586
7182 1.331844
7274 2.085172
7537 2.494045
7668 1.641474
7859 0.602854
7966 1.608050
8343 0.986336
8404 0.522218
8449 1.395961
8529 1.066286
8826 0.177283
8931 0.799078
8939 1.213339
9110 1.247022
9132 0.731918
9270 1.075626
9646 1.219870
10036 0.736218
10058 0.606445
11181 6.078828
11229 1.416165
11306 0.589165
11600 0.351885
