76

81 0.124064
139 0.094115
183 0.105491
346 0.039090
391 0.104785
661 0.091200
875 0.176182
992 0.089388
1076 0.234496
1515 0.188046
1605 0.068919
1641 0.300672
2268 0.058686
2435 0.146070
2502 0.215402
2507 0.029352
2572 0.204624
2575 0.147611
2960 0.160874
3194 0.234496
3273 0.143758
3275 0.047161
3414 0.085638
4028 0.164821
4237 0.188230
4325 0.180569
4734 0.047792
5297 0.102754
5324 0.074932
5590 0.468992
5849 0.110067
5947 0.096210
6136 0.124064
6217 0.372459
6300 0.122845
6317 0.054234
6466 0.082986
6828 0.055333
6909 0.057644
7008 0.067743
7118 0.141484
7549 0.112613
7656 0.101465
7782 0.126642
7915 0.080529
8784 0.071921
8822 0.243339
8867 0.120534
8989 0.113507
9033 0.139565
9047 0.192084
9061 0.405860
9138 0.103989
9383 0.118371
9407 0.196889
9450 0.164821
9607 0.134119
9677 0.097872
9767 0.043751
9828 0.188046
9872 0.088091
9944 0.091200
10085 0.080193
10302 0.111743
10352 0.074932
10382 0.197685
10465 0.103418
10505 0.116340
10890 0.071810
10991 0.137650
11121 0.046297
11284 0.234496
11466 0.085638
11502 0.078240
11532 0.050305
11639 0.197685
