102

213 1.681514
228 1.349218
292 1.115135
318 0.824570
334 1.367316
370 3.039414
433 2.340444
457 2.123381
458 0.747158
508 0.774596
665 0.632874
917 0.574031
1112 0.765256
1333 0.811527
1370 2.219990
1438 3.039414
1487 0.838017
1599 2.039414
1797 2.108863
2455 1.703787
2507 0.380449
2530 0.717195
2853 2.085172
3130 1.996043
3170 3.039414
3402 1.323411
3573 1.577988
3637 1.136324
3740 5.124586
3772 1.349218
3786 2.738384
3908 1.471212
4046 1.925471
4196 0.734063
4258 1.696991
4279 3.476768
4337 1.677686
4552 1.548052
4573 0.543870
4614 1.426630
4691 2.085172
4708 0.689166
4722 2.189863
5100 0.700958
5177 1.182082
5491 0.404937
5833 0.499085
6112 1.003190
6205 1.459631
6274 1.200565
6285 1.784142
6361 7.539676
6421 0.590708
6568 0.723444
6631 1.386202
6671 1.677686
6792 1.039172
6813 1.573122
6828 0.717195
6860 1.254084
6874 0.500338
6965 1.147320
7062 0.687865
7191 1.998021
7334 1.659203
7498 0.355467
7589 1.261263
7760 0.666502
7859 0.301427
7874 1.275986
8192 1.925471
8227 0.816698
8394 1.233234
8475 1.349218
8499 0.796376
8588 2.194316
8662 1.188156
8857 5.469265
8858 1.659203
8871 1.188156
8919 1.521321
8931 0.532719
8934 1.760661
9333 1.426630
9593 0.949509
9688 1.315138
9767 0.283539
9872 1.141787
10086 1.075626
10275 1.182082
10276 0.808965
10277 3.039414
10352 0.971228
10397 0.846290
10491 1.147320
10501 1.471212
10505 1.507935
10561 1.358173
10604 1.448350
10890 0.465383
11150 1.022381
11233 2.551972
