394

23 1.018225
29 3.039414
45 1.405946
63 1.891985
67 1.998021
71 0.878046
74 0.942504
83 1.548052
97 3.636321
98 1.066286
108 1.170182
122 3.914865
148 1.120336
194 1.446888
213 0.840757
216 1.495346
217 1.617930
304 9.944241
308 0.915562
345 0.932204
346 0.506660
373 4.378892
404 1.090519
456 2.194316
477 1.641474
479 1.213339
483 1.254084
512 1.386202
530 4.272648
531 1.837680
573 2.437354
586 1.494316
596 1.358173
600 0.971228
630 1.107385
632 1.980392
665 1.265748
712 3.039414
743 5.476768
839 2.811891
872 3.355373
897 0.860437
898 1.548052
917 0.574031
960 2.132573
965 0.963867
992 2.317201
1007 2.199790
1112 0.765256
1132 1.265748
1149 1.624441
1269 0.939044
1333 0.811527
1336 1.608050
1385 5.240940
1387 1.085172
1451 1.641474
1456 0.849082
1484 1.641474
1532 0.779343
1542 1.628210
1605 0.893286
1617 2.582452
1633 1.299051
1636 2.230270
1641 1.299051
1649 0.881052
1662 1.925471
1670 4.977609
1704 3.096105
1789 1.534264
1807 1.857649
1831 0.767573
1859 0.606445
1900 7.539676
1931 2.562293
1940 0.578516
1943 4.388632
1947 1.104916
1981 0.935610
1991 2.132573
1994 2.180048
2009 2.085172
2041 2.039414
2084 0.990196
2118 1.893286
2141 2.753313
2154 2.033059
2169 2.136324
2230 1.426630
2244 9.841620
2248 1.141787
2259 1.706521
2405 5.293643
2498 4.388632
2501 3.568283
2507 0.760899
2515 2.261263
2524 1.048188
2537 1.893286
2539 1.130929
2548 1.026577
2550 0.801368
2576 0.854723
2633 1.094931
2658 1.696991
2667 1.376656
2671 2.562293
2680 3.015870
2697 8.040252
2752 1.483112
2762 1.410121
2768 4.040121
2769 1.115135
2805 1.437354
2820 3.039414
2821 6.078828
2867 2.039414
2885 2.738384
2915 1.624441
2962 1.471212
2967 1.459631
2982 2.085172
2985 12.157656
3107 1.998021
3149 3.361008
3177 2.317201
3179 0.772242
3265 2.738384
3275 1.222559
3286 2.791923
3289 1.340444
3382 2.562293
3423 0.925471
3473 0.767573
3477 2.340444
3482 0.967532
3491 1.925471
3514 1.808965
3521 1.254084
3535 1.005990
3546 0.978716
3573 2.366982
3599 1.158601
3770 1.349218
3806 1.395961
3809 1.835294
3841 2.862728
3850 0.758381
3885 1.283539
3926 0.986336
3952 1.136324
3979 4.413637
4005 1.094931
4091 0.693061
4101 2.340444
4110 3.884913
4121 1.240074
4148 1.957433
4237 1.219870
4310 2.044762
4315 2.268339
4317 1.254084
4359 4.283725
4413 1.005990
4466 2.039414
4663 0.890195
4669 1.696991
4708 0.689166
4734 0.619458
4738 0.572546
4764 1.152923
4771 1.548052
4801 12.817945
4830 2.853261
4841 1.696991
4854 2.562293
4859 1.592256
4894 4.078828
4903 1.548052
4943 0.572546
4945 7.701883
4994 1.863323
5009 1.376656
5012 0.827227
5054 1.925471
5064 1.182082
5100 1.401915
5129 2.738384
5150 43.139275
5151 19.748845
5177 2.364163
5320 0.909080
5370 4.874708
5468 1.194316
5496 0.978716
5503 6.078828
5529 1.293434
5599 3.039414
5605 3.726646
5624 2.199790
5678 2.959007
5692 1.507714
5701 1.331844
5707 6.078828
5732 0.786561
5734 1.686879
5735 1.507935
5764 1.960233
5807 6.308064
5833 0.499085
5841 2.942425
5926 2.795880
5931 1.677686
5949 2.756521
6070 0.742749
6071 2.477833
6112 0.501595
6168 1.520900
6205 7.298153
6227 1.158601
6240 1.448350
6242 1.562293
6246 3.039414
6308 2.248139
6380 0.942504
6421 3.544247
6422 6.408972
6433 1.516762
6439 9.118242
6445 2.966223
6570 1.996043
6725 1.275986
6792 0.519586
6864 1.745079
6874 1.000676
6893 2.039414
6934 1.448350
6965 1.147320
6968 1.268562
7023 1.483112
7026 2.738384
7046 1.835294
7059 1.835294
7072 2.811891
7082 1.147320
7111 0.998169
7117 6.078828
7120 0.832588
7126 2.309704
7131 1.448350
7165 1.115135
7217 0.796376
7325 2.753313
7387 1.261263
7388 1.548052
7394 1.426630
7404 1.125600
7450 1.376656
7486 3.039414
7497 0.942504
7498 0.710934
7533 2.039414
7641 0.646717
7655 0.922143
7707 2.132573
7729 2.085172
7737 2.716346
7749 1.925471
7756 1.641474
7758 0.994091
7760 1.333004
7775 1.340444
7787 6.255515
7788 1.590635
7798 2.437354
7847 0.932204
7856 1.254084
7857 1.925471
7859 1.507134
7872 1.416165
7881 1.548052
7892 1.760661
7955 1.760661
7978 1.099895
7989 1.048188
7992 2.194316
8027 1.358173
8083 0.711035
8098 2.494045
8251 3.786572
8272 0.884078
8290 2.738384
8292 1.120336
8322 3.039414
8351 8.632639
8352 0.854723
8382 1.039414
8404 0.522218
8408 2.340444
8419 1.141787
8449 1.395961
8453 3.039414
8455 0.436270
8457 1.194316
8463 0.960233
8470 2.305847
8494 1.291226
8547 1.925471
8552 1.331844
8591 2.136324
8594 1.808965
8604 2.437354
8605 0.738384
8621 3.850618
8684 1.268562
8812 18.723553
8874 10.587286
8920 1.090024
8931 4.794470
8984 1.960233
9047 1.659798
9052 2.530543
9059 3.797391
9093 0.949509
9130 0.767573
9144 0.925471
9270 1.075626
9333 1.426630
9379 1.471212
9381 1.125600
9562 0.982509
9579 1.315138
9623 1.988182
9734 1.659203
9767 1.984775
9811 0.909080
9893 1.784142
9913 2.340444
9924 5.476768
9934 3.617930
9951 1.459631
10058 3.638669
10195 0.846290
10230 2.738384
10292 3.039414
10309 2.982273
10324 3.393983
10325 2.061628
10326 0.731918
10352 0.971228
10378 4.100330
10401 1.022381
10403 1.376656
10465 1.340444
10475 0.539727
10487 0.596934
10505 1.507935
10510 1.717195
10555 1.367316
10556 1.182082
10565 1.340444
10604 1.448350
10605 2.194316
10720 3.355373
10818 2.598103
10862 2.437354
10879 1.960233
10890 2.326914
10941 3.039414
10958 2.085172
11025 0.681479
11108 2.738384
11121 2.400326
11136 2.136324
11139 1.426630
11146 1.085172
11162 2.508169
11209 4.078828
11215 1.808965
11233 1.275986
11252 1.592256
11306 1.767495
11332 0.715132
11349 1.283539
11362 10.479176
11376 0.928453
11423 0.816698
11521 1.075626
11523 2.153419
11532 2.608097
11600 2.463196
11620 1.085172
11671 1.592256
