222

36 0.052150
173 0.125487
180 0.055402
292 0.087885
308 0.036078
318 0.032493
397 0.075874
401 0.063366
403 0.084183
458 0.029442
508 0.030523
512 0.054624
536 0.035696
553 0.030900
586 0.029442
831 0.032285
839 0.055402
895 0.066697
930 0.122004
989 0.092226
1074 0.088295
1080 0.061002
1112 0.090466
1197 0.058925
1269 0.037004
1295 0.048070
1370 0.174960
1487 0.033022
1596 0.132220
1643 0.082261
1683 0.119770
1693 0.119770
1723 0.054624
1725 0.094618
1782 0.119770
1797 0.027700
1831 0.030247
1924 0.064683
1927 0.074606
1944 0.198330
2000 0.038867
2005 0.045655
2021 0.056640
2071 0.038272
2134 0.061563
2154 0.026705
2259 0.033623
2421 0.038867
2455 0.067139
2499 0.103008
2507 0.014992
2518 0.064985
2530 0.084784
2536 0.053880
2590 0.080364
2690 0.038419
2696 0.026929
2720 0.041480
2763 0.059590
2915 0.064012
2954 0.036868
2976 0.138759
3128 0.124286
3130 0.078655
3179 0.030431
3206 0.100968
3339 0.100968
3473 0.030247
3547 0.072321
3555 0.084183
3613 0.039642
3637 0.044777
3681 0.045655
3683 0.042201
3784 0.073425
3823 0.099977
3908 0.057974
3927 0.133742
3956 0.067667
4196 0.028926
4215 0.019667
4310 0.040287
4337 0.066110
4413 0.039642
4462 0.044993
4534 0.046581
4542 0.055805
4568 0.064012
4573 0.042863
4620 0.069380
4627 0.210915
4677 0.042536
4708 0.054314
4734 0.024410
4738 0.090246
4763 0.074606
4796 0.046581
4901 0.035571
5012 0.032597
5063 0.073425
5174 0.059421
5337 0.072321
5363 0.048866
5432 0.201937
5487 0.089106
5491 0.047870
5526 0.062744
5529 0.025484
5532 0.034958
5620 0.054248
5655 0.119770
5657 0.111609
5681 0.045211
5689 0.033022
5743 0.059059
5753 0.025623
5821 0.036207
5833 0.059000
5880 0.065830
5885 0.055717
5932 0.086468
5945 0.044993
5948 0.034020
6014 0.201937
6070 0.029268
6112 0.079062
6123 0.067667
6240 0.057073
6242 0.061563
6415 0.036601
6433 0.029884
6470 0.100968
6568 0.142538
6570 0.039328
6609 0.252549
6635 0.048596
6649 0.057974
6671 0.066110
6816 0.038567
6838 0.044147
6839 0.103008
6946 0.082167
7008 0.034600
7023 0.058443
7062 0.027106
7085 0.082167
7111 0.019667
7150 0.038567
7164 0.100968
7166 0.184453
7369 0.099401
7404 0.044355
7442 0.084183
7498 0.098052
7580 0.098836
7604 0.065382
7641 0.025484
7694 0.030617
7760 0.026264
7859 0.011878
7936 0.052482
8016 0.111011
8059 0.214765
8150 0.043342
8175 0.057073
8228 0.096045
8381 0.045882
8404 0.020578
8474 0.038716
8475 0.159500
8482 0.164523
8512 0.034482
8594 0.071283
8619 0.050281
8641 0.049418
8662 0.093640
8741 0.049140
8761 0.029442
8767 0.027779
8826 0.062873
8857 0.107760
8895 0.067667
8919 0.029974
8959 0.044777
9062 0.042386
9125 0.084183
9132 0.057683
9142 0.059932
9224 0.066871
9438 0.061563
9523 0.100968
9584 0.052821
9679 0.059932
9783 0.068499
9865 0.031382
9942 0.109248
9971 0.057073
10012 0.096045
10036 0.029011
10086 0.084771
10251 0.046581
10260 0.078733
10279 0.039642
10396 0.039961
10397 0.033348
10487 0.023523
10548 0.039173
10609 0.075874
11258 0.054624
11267 0.058925
11287 0.041131
11314 0.074606
11335 0.041131
11340 0.038867
11359 0.073425
11376 0.018293
11380 0.074606
11396 0.037140
11523 0.021214
11526 0.035079
11532 0.025693
11536 0.052150
