179

64 1.426630
97 1.818161
109 1.233234
121 2.085172
122 0.978716
185 1.495346
198 1.152923
345 3.728817
346 1.519979
347 3.039414
526 1.592256
592 1.717195
671 1.784142
678 1.395961
771 1.182082
965 0.963867
1018 2.738384
1023 2.261263
1037 1.283539
1385 2.096376
1506 2.230270
1538 2.039414
1605 1.786572
1723 1.386202
1798 3.528274
1803 3.762253
1838 1.548052
1859 6.670893
1967 1.893286
1991 1.066286
1994 2.180048
2016 1.835294
2024 2.044762
2084 4.950980
2115 0.922143
2340 1.018225
2507 1.521797
2530 0.717195
2537 1.893286
2552 1.043779
2651 0.784142
2693 2.039414
2817 1.659203
2916 1.459631
2923 2.136324
2926 1.520900
2941 2.340444
3037 3.476768
3095 0.590708
3122 0.765256
3171 1.471212
3179 0.772242
3203 1.695594
3212 2.738384
3275 0.611279
3313 1.507935
3384 1.349218
3394 1.507935
3531 0.788994
3553 1.835294
3844 1.998021
3928 1.437354
4181 1.520900
4267 1.577016
4275 3.039414
4534 1.182082
4561 2.085172
4670 4.873322
4708 1.378332
4743 1.998021
4916 3.805686
4943 0.572546
4967 1.349218
5116 2.738384
5178 0.832588
5217 1.299051
5346 1.760661
5395 1.035093
5499 7.235861
5529 0.646717
5714 1.426630
5719 1.182082
5734 0.562293
5740 1.268562
5743 0.749380
5749 0.967532
5762 2.966223
5821 0.918840
5833 0.499085
5835 3.039414
5870 1.592256
5900 1.039414
5949 0.918840
5997 5.476768
6060 0.971228
6071 1.238917
6167 3.329986
6192 3.476768
6346 4.187884
6455 1.925471
6463 1.448350
6792 2.597931
6992 1.507935
7024 2.085172
7061 0.478313
7111 0.499085
7179 1.925471
7313 3.996043
7369 1.261263
7385 0.769901
7391 2.738384
7404 2.251201
7450 1.376656
7485 1.760661
7498 1.777335
7607 1.835294
7794 1.448350
7808 1.677686
7859 0.904280
7861 0.696991
7862 0.960233
7899 1.774252
7915 2.087558
7931 1.659203
7946 1.026577
8104 1.386202
8111 1.035093
8112 4.874708
8150 1.099895
8183 1.405946
8241 1.018225
8284 1.426630
8326 1.268562
8382 1.039414
8455 0.872539
8457 1.194316
8508 5.134157
8552 1.331844
8605 5.168689
8685 1.624441
8826 1.418262
8971 1.307020
9097 1.878087
9104 1.786572
9105 3.185072
9130 0.767573
9132 1.463836
9328 1.831125
9351 1.367316
9520 1.520900
9522 1.507935
9558 2.340444
9634 1.247022
9667 1.158601
9747 0.945992
9767 0.283539
9944 2.364163
9999 1.194316
10000 1.448350
10010 1.061691
10036 0.736218
10067 1.018225
10069 1.592256
10327 1.416165
10378 0.683388
10487 1.193869
10639 1.120336
10813 1.893286
10890 0.930766
10892 1.226501
11015 1.075626
11256 3.117371
11278 1.893286
11306 0.589165
11377 1.226501
11437 1.213339
11475 1.459631
11523 1.076710
11526 0.890195
