336

35 0.091269
71 0.026366
87 0.091269
129 0.091269
154 0.076942
180 0.084437
186 0.058329
201 0.091269
213 0.025247
318 0.024761
334 0.041059
345 0.027993
404 0.032747
457 0.063762
508 0.139560
586 0.022436
596 0.040784
599 0.069582
680 0.091269
697 0.024603
727 0.091269
779 0.082230
831 0.024603
895 0.025413
897 0.025838
898 0.139457
921 0.046486
1074 0.033642
1093 0.042218
1112 0.045959
1278 0.038093
1336 0.048287
1343 0.049291
1348 0.091269
1363 0.065892
1370 0.099995
1417 0.091269
1444 0.043831
1455 0.040515
1487 0.025164
1506 0.033486
1599 0.061241
1605 0.026824
1609 0.033486
1725 0.036051
1742 0.091269
1748 0.091269
1777 0.042218
1797 0.021109
1803 0.037658
1831 0.023049
1835 0.038774
1857 0.064151
1880 0.083837
1888 0.091269
1927 0.056853
1944 0.151135
1947 0.066358
1960 0.061241
1971 0.070280
1972 0.061241
2000 0.029618
2008 0.046486
2019 0.073190
2024 0.030701
2046 0.030576
2067 0.037874
2073 0.041339
2140 0.043831
2154 0.040700
2186 0.048287
2246 0.049823
2259 0.038433
2302 0.091269
2304 0.033332
2305 0.067902
2343 0.056853
2375 0.051565
2455 0.153487
2507 0.022849
2518 0.049521
2519 0.039492
2530 0.043073
2536 0.041059
2651 0.023547
2687 0.043492
2718 0.038316
2720 0.063219
2768 0.060659
2806 0.031082
2809 0.045670
2824 0.034791
2915 0.048780
2976 0.105740
3095 0.035476
3107 0.059998
3121 0.023547
3128 0.142066
3130 0.059938
3156 0.041339
3177 0.034791
3179 0.046379
3211 0.051565
3222 0.082230
3243 0.120353
3386 0.037238
3403 0.049823
3417 0.096898
3494 0.064151
3530 0.073190
3567 0.021351
3673 0.121545
3772 0.040515
3823 0.076186
3828 0.062615
4033 0.038543
4074 0.091269
4211 0.027395
4215 0.014987
4310 0.030701
4315 0.022705
4318 0.055111
4426 0.055953
4502 0.073190
4534 0.070992
4550 0.038774
4566 0.024840
4568 0.097559
4573 0.032663
4613 0.027107
4627 0.107150
4677 0.016207
4691 0.062615
4708 0.020695
4738 0.171927
4739 0.076942
4757 0.065892
4764 0.034621
4792 0.067902
4830 0.042840
4833 0.050378
4901 0.027107
4921 0.076942
4943 0.017193
4954 0.042525
5096 0.152875
5099 0.070280
5100 0.021049
5178 0.025001
5394 0.014949
5453 0.050958
5491 0.012160
5521 0.039248
5620 0.041339
5657 0.170101
5749 0.029054
5753 0.039052
5821 0.027591
5836 0.082230
5885 0.021229
5900 0.093636
5931 0.050378
5934 0.059998
5947 0.037446
5973 0.091269
6046 0.043162
6071 0.018601
6073 0.055111
6108 0.058863
6112 0.090373
6154 0.057819
6163 0.062615
6167 0.033332
6227 0.034791
6240 0.086984
6283 0.032299
6421 0.017738
6454 0.076942
6456 0.024216
6504 0.026188
6506 0.039009
6522 0.140560
6540 0.058863
6568 0.065172
6612 0.128301
6616 0.027012
6792 0.031205
6814 0.036631
6839 0.078496
6864 0.013101
6909 0.044872
6947 0.070280
7008 0.052733
7026 0.082230
7062 0.051639
7124 0.046913
7144 0.067902
7154 0.041339
7161 0.091269
7190 0.146380
7340 0.055111
7386 0.059998
7460 0.029734
7498 0.010674
7501 0.063219
7580 0.037658
7595 0.041059
7604 0.049823
7635 0.042338
7641 0.019420
7650 0.094711
7674 0.076942
7703 0.065892
7704 0.021413
7878 0.055953
7896 0.043162
7904 0.038316
7953 0.082230
7978 0.033028
7989 0.031476
8007 0.025164
8059 0.065464
8172 0.061241
8239 0.053575
8241 0.030576
8259 0.101916
8294 0.027791
8295 0.040784
8296 0.062615
8315 0.048287
8381 0.069928
8394 0.148129
8401 0.091269
8455 0.065503
8457 0.035864
8474 0.088510
8475 0.040515
8482 0.094029
8486 0.070280
8605 0.022173
8699 0.049291
8711 0.045670
8764 0.046486
8767 0.021169
8826 0.053235
8857 0.082117
8858 0.099647
8871 0.035679
8895 0.206259
8919 0.068525
8924 0.036435
8956 0.032442
9031 0.026548
9059 0.016290
9104 0.080472
9132 0.021978
9138 0.080948
9215 0.050958
9224 0.101916
9275 0.076942
9286 0.058863
9324 0.059998
9328 0.027493
9380 0.034122
9424 0.044536
9452 0.043831
9461 0.021661
9519 0.073190
9562 0.029503
9584 0.040252
9594 0.044903
9598 0.067902
9623 0.029851
9624 0.051565
9643 0.035139
9662 0.050378
9681 0.067902
9686 0.064151
9695 0.082230
9747 0.028407
9761 0.025083
9767 0.017029
9774 0.028726
9888 0.076942
9903 0.023840
9909 0.057819
9933 0.032299
9943 0.052870
9993 0.048780
9994 0.059998
10010 0.031881
10036 0.066323
10075 0.070280
10086 0.064599
10185 0.027993
10260 0.239991
10276 0.024292
10282 0.057819
10305 0.086984
10358 0.082230
10378 0.061563
10431 0.082230
10444 0.082230
10491 0.034452
10501 0.044178
10548 0.119404
10565 0.040252
10591 0.036051
10614 0.050378
10619 0.015881
10868 0.076942
10890 0.041924
10976 0.076942
11032 0.182538
11052 0.067902
11079 0.049823
11121 0.018020
11150 0.030701
11177 0.045281
11203 0.049291
11208 0.044178
11210 0.025497
11252 0.143439
11298 0.035496
11340 0.029618
11349 0.038543
11357 0.062615
11366 0.041059
11440 0.053575
11505 0.042840
11508 0.055111
11523 0.032332
11526 0.160388
11539 0.047813
11665 0.091269
11671 0.047813
