208

109 0.045551
180 0.051930
292 0.041188
318 0.030456
401 0.059395
458 0.027597
508 0.028610
512 0.051201
536 0.033459
553 0.057926
586 0.027597
634 0.045551
665 0.046751
825 0.202289
832 0.090026
839 0.051930
895 0.031258
917 0.021202
1074 0.082761
1080 0.057179
1112 0.113062
1269 0.034684
1343 0.060629
1370 0.163994
1485 0.068823
1520 0.101145
1601 0.078907
1643 0.038553
1725 0.044344
1853 0.062680
1924 0.060629
1927 0.209790
1944 0.123934
1960 0.150655
1997 0.054780
2000 0.072862
2024 0.037762
2084 0.036574
2134 0.057705
2154 0.125155
2188 0.077018
2214 0.071119
2259 0.031516
2261 0.078907
2262 0.068823
2268 0.028096
2278 0.045057
2421 0.072862
2455 0.062931
2473 0.037917
2530 0.132451
2536 0.050503
2696 0.025242
2718 0.047130
2720 0.038880
2769 0.041188
2772 0.099669
2809 0.112351
2954 0.034558
2956 0.056669
3107 0.073799
3130 0.036863
3403 0.061284
3473 0.056702
3493 0.065031
3531 0.058284
3567 0.026263
3592 0.062680
3627 0.046321
3784 0.068823
3908 0.054340
4195 0.043222
4196 0.027113
4258 0.062680
4310 0.113287
4317 0.046321
4337 0.061967
4413 0.037157
4451 0.064863
4534 0.043661
4568 0.060000
4573 0.020088
4620 0.065031
4627 0.131798
4677 0.039871
4708 0.050910
4738 0.042295
4796 0.087322
4901 0.033342
5012 0.030554
5025 0.031054
5063 0.068823
5174 0.055697
5337 0.067788
5491 0.029913
5526 0.058811
5532 0.032767
5620 0.101696
5657 0.156922
5681 0.042377
5753 0.048035
5833 0.036868
5880 0.061705
5885 0.052225
5900 0.038392
5926 0.025817
5932 0.081049
5935 0.083522
6070 0.054868
6112 0.055581
6123 0.126852
6242 0.057705
6308 0.027679
6433 0.028011
6470 0.094640
6568 0.080163
6570 0.036863
6649 0.054340
6704 0.066816
6792 0.038383
6816 0.036150
6828 0.052980
6838 0.041381
6839 0.048276
6871 0.055697
6909 0.027597
6914 0.083522
7008 0.097294
7111 0.018434
7150 0.036150
7164 0.189281
7166 0.086446
7217 0.058830
7312 0.094640
7498 0.078777
7566 0.094640
7647 0.090026
7656 0.048576
7660 0.057179
7704 0.026338
7760 0.024618
7859 0.033400
7928 0.068823
8016 0.069369
8059 0.120783
8146 0.060000
8195 0.101145
8228 0.090026
8294 0.034183
8352 0.031570
8381 0.043006
8404 0.019289
8474 0.072580
8482 0.115659
8512 0.032321
8605 0.027273
8619 0.047130
8641 0.046321
8662 0.043886
8741 0.046060
8826 0.078577
8857 0.252515
8871 0.043886
8895 0.253704
8919 0.056191
8931 0.009838
9031 0.097963
9095 0.044113
9117 0.083522
9132 0.054068
9142 0.056176
9224 0.062680
9238 0.064209
9334 0.077018
9452 0.053913
9503 0.071119
9544 0.083522
9562 0.036290
9903 0.029323
9904 0.065899
9905 0.059395
9933 0.039729
9971 0.053496
9999 0.044113
10012 0.090026
10063 0.050503
10086 0.079458
10260 0.295194
10276 0.029880
10321 0.077018
10491 0.084754
10530 0.043006
10548 0.036718
10591 0.044344
10632 0.090026
10677 0.060912
10794 0.069930
10811 0.081049
10877 0.068823
11121 0.022165
11150 0.037762
11267 0.055232
11287 0.038553
11314 0.069930
11340 0.036431
11470 0.067788
11526 0.131520
11532 0.048166
