239

79 0.031210
100 0.059589
109 0.041739
180 0.047584
292 0.113225
401 0.054424
458 0.075862
508 0.078648
512 0.046916
553 0.026539
586 0.025287
634 0.041739
665 0.064259
697 0.027729
825 0.185361
832 0.082492
839 0.047584
883 0.051475
895 0.057285
917 0.038856
930 0.052394
1074 0.075835
1110 0.153064
1112 0.103600
1167 0.049401
1269 0.031782
1295 0.041286
1343 0.055555
1370 0.225406
1485 0.063064
1520 0.092680
1601 0.072304
1643 0.035327
1725 0.040633
1831 0.025978
1853 0.057434
1924 0.055555
1927 0.192234
1944 0.113562
1960 0.138047
1961 0.086720
1972 0.069024
1997 0.050196
2000 0.066765
2024 0.034602
2084 0.067026
2134 0.105751
2154 0.068809
2161 0.046277
2188 0.070572
2214 0.065167
2259 0.028878
2261 0.072304
2262 0.063064
2268 0.025744
2278 0.041286
2421 0.066765
2455 0.057664
2473 0.034744
2530 0.145640
2536 0.046277
2590 0.138047
2696 0.023129
2718 0.086371
2720 0.035627
2809 0.051475
2824 0.078425
2954 0.031666
2956 0.103854
3130 0.033778
3147 0.102869
3179 0.026136
3243 0.033912
3338 0.067623
3403 0.056156
3473 0.025978
3531 0.053407
3546 0.033125
3567 0.024065
3592 0.057434
3691 0.025138
3784 0.252256
3908 0.049793
4120 0.056781
4196 0.049689
4215 0.033783
4258 0.057434
4271 0.102869
4310 0.103807
4317 0.042444
4337 0.056781
4413 0.034048
4451 0.059435
4534 0.040007
4568 0.054979
4573 0.018407
4620 0.059589
4627 0.120768
4677 0.036534
4708 0.046649
4738 0.038756
4796 0.080015
4841 0.057434
4901 0.030552
5012 0.027997
5025 0.028455
5174 0.051036
5491 0.013705
5526 0.053890
5531 0.062115
5532 0.030025
5620 0.093186
5657 0.143790
5681 0.038831
5749 0.032746
5753 0.044015
5833 0.016891
5880 0.028270
5885 0.023928
5926 0.023657
5932 0.074266
5935 0.076532
5948 0.029219
6071 0.020965
6112 0.067906
6123 0.116236
6242 0.052876
6308 0.050725
6433 0.025667
6568 0.073455
6570 0.033778
6616 0.030445
6635 0.041739
6650 0.153064
6671 0.056781
6792 0.035171
6803 0.102869
6816 0.033125
6828 0.048547
6836 0.082492
6838 0.037918
6839 0.132708
6871 0.051036
6909 0.025287
6914 0.076532
6934 0.049019
7008 0.059435
7062 0.023281
7111 0.033783
7150 0.033125
7164 0.173441
7166 0.079212
7217 0.053906
7288 0.058835
7498 0.072184
7566 0.086720
7641 0.021888
7647 0.082492
7656 0.044511
7660 0.052394
7704 0.024134
7859 0.020404
7928 0.063064
7939 0.054979
8016 0.031782
8046 0.041286
8059 0.110675
8146 0.054979
8195 0.092680
8228 0.082492
8294 0.062645
8381 0.039407
8404 0.035349
8419 0.038644
8474 0.033253
8475 0.091328
8482 0.105980
8512 0.029616
8580 0.061224
8605 0.024991
8619 0.043186
8641 0.042444
8662 0.040213
8741 0.042205
8826 0.078001
8857 0.277660
8871 0.040213
8895 0.232473
8919 0.051489
8931 0.009015
9031 0.029922
9095 0.080843
9117 0.076532
9132 0.049543
9184 0.054424
9224 0.057434
9230 0.082492
9238 0.058835
9261 0.046593
9334 0.070572
9338 0.059589
9436 0.069024
9503 0.065167
9544 0.076532
9562 0.033253
9612 0.065167
9865 0.026953
9903 0.026869
9904 0.060384
9905 0.054424
9933 0.072809
9971 0.049019
10063 0.046277
10067 0.034462
10086 0.036404
10183 0.092680
10255 0.063064
10260 0.270491
10276 0.027379
10321 0.070572
10397 0.028643
10491 0.077662
10530 0.039407
10548 0.067290
10591 0.040633
10614 0.056781
10632 0.082492
10677 0.083722
10794 0.064078
10811 0.074266
10877 0.063064
11013 0.072304
11121 0.020310
11267 0.050610
11287 0.035327
11340 0.033382
11470 0.062115
11526 0.060257
11532 0.022068
