183

26 1.070931
64 1.426630
217 0.808965
235 3.039414
268 1.247022
318 0.824570
345 0.932204
361 2.738384
404 0.545260
443 1.893286
531 0.918840
552 1.001988
586 0.747158
665 1.265748
697 0.819306
798 1.307020
877 2.562293
897 0.860437
1236 2.085172
1367 2.194316
1489 1.592256
1498 2.551972
1499 1.052642
1574 1.760661
1596 1.677686
1597 3.039414
1617 1.291226
1689 1.437354
1723 1.386202
1853 1.696991
2010 1.459631
2076 1.448350
2165 1.617930
2174 2.848527
2217 1.659203
2307 2.085172
2340 1.018225
2370 2.562293
2393 5.476768
2417 1.717195
2452 1.562293
2473 3.079731
2484 5.589969
2506 1.717195
2595 2.437354
2649 3.039414
2651 0.784142
2666 3.920466
2675 2.136324
2687 1.448350
2706 3.039414
2804 1.164353
2983 1.367316
3014 0.990196
3076 2.261263
3209 1.998021
3289 1.340444
3323 3.039414
3370 6.659971
3573 0.788994
3640 2.261263
3727 1.608050
3789 3.039414
3935 2.738384
4333 2.272648
4419 1.863323
4520 0.729784
4542 1.416165
4610 1.315138
4661 7.312062
4738 0.572546
4743 1.998021
4780 1.960233
4943 0.572546
5012 0.827227
5032 2.853261
5085 1.863323
5100 0.700958
5135 0.593810
5218 3.039414
5227 1.291226
5258 2.738384
5297 2.663688
5394 0.497835
5444 1.998021
5485 1.548052
5491 0.404937
5492 1.717195
5497 2.738384
5523 2.340444
5529 0.646717
5611 2.194316
5632 1.835294
5693 2.522526
5714 1.426630
5732 0.786561
5821 1.837680
5880 0.835294
5885 0.706976
5900 1.039414
5903 1.760661
6111 1.608050
6245 5.124586
6317 1.405909
6587 0.622774
6708 2.646822
6812 3.679502
6866 1.717195
6874 1.000676
6934 1.448350
6965 1.147320
7061 1.434938
7080 7.701883
7118 0.611279
7255 1.641474
7404 1.125600
7498 0.355467
7673 1.760661
7694 1.553926
7704 3.565391
7760 0.666502
7899 3.548503
8181 1.760661
8190 2.136324
8193 3.786572
8224 2.738384
8241 1.018225
8249 2.261263
8372 1.784142
8419 1.141787
8454 3.039414
8455 1.308809
8482 1.043779
8563 1.459631
8649 1.760661
8767 0.704960
8777 1.925471
8930 1.048188
8931 0.532719
8950 2.738384
9013 2.738384
9031 0.884078
9065 0.915562
9105 1.061691
9127 2.340444
9130 0.767573
9144 1.850942
9326 1.641474
9379 1.471212
9679 1.520900
9767 0.283539
9774 0.956629
9783 0.869152
9788 1.608050
9796 1.592256
9832 1.784142
9890 2.261263
9957 1.437354
10058 0.606445
10083 1.808965
10092 0.887126
10224 1.738384
10337 4.246762
10378 0.683388
10385 5.352425
10441 2.437354
10458 2.598103
10475 0.539727
10483 2.562293
10507 3.067142
10548 0.994091
10565 2.680888
10619 0.528869
10807 2.261263
10890 1.396149
11096 1.376656
11167 3.039414
11295 1.213339
11450 2.437354
11471 3.617930
11501 1.254084
11502 1.014108
11600 0.703770
