112

23 0.058592
186 0.055888
394 0.107222
404 0.031376
565 0.140254
600 0.055888
632 0.056979
645 0.280508
895 0.048698
913 0.179435
965 0.055464
1278 0.291990
1649 0.050699
1807 0.053448
1939 0.161806
1946 0.174899
2000 0.113514
2147 0.100033
2165 0.046551
2279 0.202629
2633 0.063006
2966 0.105609
3029 0.087518
3122 0.044036
3127 0.174899
3191 0.157576
3203 0.065047
3209 0.229946
3223 0.157576
3264 0.154268
3401 0.077134
3414 0.063873
3502 0.108946
3535 0.057888
3573 0.045402
3625 0.108946
3869 0.081491
4529 0.075211
4537 0.191619
4943 0.032946
4964 0.060832
5224 0.110798
5394 0.028647
5468 0.068725
5474 0.174899
5494 0.100033
5807 0.090747
5870 0.091624
5900 0.059812
5926 0.040221
5966 0.105609
5980 0.174899
6281 0.277798
6289 0.294887
6436 0.052498
6723 0.110798
6874 0.086374
7020 0.157576
7023 0.170687
7050 0.067001
7118 0.035175
7126 0.044303
7411 0.102806
7498 0.020455
7533 0.117355
7556 0.105609
7655 0.053063
7694 0.044709
7856 0.072164
7936 0.076639
7981 0.053255
8087 0.066670
8128 0.340106
8282 0.134677
8455 0.050209
8552 0.076639
8826 0.020403
8912 0.108946
8956 0.062168
9110 0.071758
9115 0.190742
9116 0.136042
9132 0.042117
9270 0.123791
9328 0.052685
9329 0.086772
9444 0.054036
9628 0.140254
9767 0.016316
9774 0.275239
9919 0.063873
10058 0.034897
10093 0.094456
10207 0.157576
10276 0.093101
10279 0.057888
10423 0.120664
10669 0.098813
10962 0.107222
11070 0.174899
11137 0.126269
11152 0.051403
11233 0.073425
11349 0.221578
11376 0.080140
11377 0.070577
11386 0.077639
11505 0.082093
11532 0.075040
11560 0.134677
11634 0.174899
11637 0.160344
