62

194 0.075838
345 0.097722
373 0.153011
404 0.114317
865 0.330632
917 0.060175
1222 0.318617
1247 0.318617
1609 0.116898
2024 0.107175
2296 0.268601
2507 0.039882
2718 0.133760
2824 0.242909
3082 0.180011
3130 0.209242
3482 0.101425
3542 0.175869
3784 0.390659
3908 0.154225
4215 0.052318
4280 0.255504
4623 0.160835
4681 0.175869
4708 0.144488
4792 0.237045
4875 0.159434
5657 0.148454
5753 0.068165
5797 0.111777
5821 0.096321
5880 0.087563
5919 0.170288
6060 0.101812
6079 0.574121
6112 0.052581
6522 0.245345
6671 0.175869
6874 0.052450
7062 0.036054
7230 0.287061
7498 0.037263
7760 0.069868
7859 0.031598
7896 0.150676
8059 0.114266
8352 0.089599
8455 0.045733
8857 0.143334
8919 0.079739
8924 0.127193
8931 0.027922
9031 0.092677
10086 0.338269
10092 0.092996
10397 0.088715
10548 0.104209
10714 0.230027
10958 0.218585
11320 0.105037
11532 0.068351
11600 0.036888
