192

22 1.534264
23 2.036450
77 1.893286
108 2.340365
109 1.233234
158 3.154032
186 1.942457
213 1.681514
217 0.808965
219 2.738384
404 0.545260
455 0.753857
508 3.098385
596 4.074519
632 0.990196
917 0.574031
994 1.448350
1112 0.765256
1333 0.811527
1437 3.039414
1487 1.676034
1559 1.960233
1572 1.376656
1616 1.483112
1636 1.115135
1797 0.702954
1880 1.395961
1944 1.677686
2000 2.959007
2035 2.340444
2058 0.899535
2128 2.039414
2154 0.677686
2188 2.085172
2259 0.426630
2262 1.863323
2264 5.749417
2278 2.439740
2421 2.959007
2455 1.703787
2473 1.026577
2507 2.282696
2596 1.677686
2609 1.483112
2720 2.105285
2769 1.115135
2772 2.698436
2809 3.041800
2824 6.951603
3014 1.980392
3121 0.784142
3130 4.990107
3179 6.950182
3243 1.001988
3383 1.835294
3403 1.659203
3419 1.738384
3433 2.437354
3473 1.535145
3573 1.577988
3732 3.726646
3781 3.039414
3784 3.726646
3818 0.704960
3823 5.074248
3908 1.471212
4091 0.693061
4148 0.978716
4181 1.520900
4310 1.022381
4337 1.677686
4426 1.863323
4535 2.085172
4538 1.120336
4561 2.085172
4573 1.087740
4627 1.784142
4677 1.079454
4908 1.784142
4983 2.738384
5023 1.070931
5085 1.863323
5100 2.102873
5143 0.902694
5338 4.248494
5496 1.957433
5529 4.527020
5657 4.248494
5681 1.147320
5753 0.650248
5797 1.066286
5826 1.130929
5827 2.772403
5867 1.808965
5949 1.837680
6071 0.619458
6112 1.504785
6211 1.226501
6361 1.507935
6504 0.872097
6616 3.598140
6649 1.471212
6650 2.261263
6688 2.085172
6813 0.786561
6828 3.585974
6892 2.562293
6909 0.747158
7008 0.878046
7047 1.213339
7109 3.786572
7118 0.611279
7154 1.376656
7201 3.039414
7202 4.272648
7217 1.592752
7342 3.726646
7389 1.426630
7498 3.199203
7604 1.659203
7635 0.704960
7737 2.716346
7847 0.932204
7859 0.602854
7872 1.416165
7915 1.043779
8241 1.018225
8294 0.925471
8295 1.358173
8394 1.233234
8407 1.448350
8455 0.436270
8474 6.877565
8482 1.043779
8498 1.340444
8499 2.389128
8605 2.953536
8621 1.283539
8641 3.762253
8699 1.641474
8780 1.291226
8821 1.416165
8857 6.836581
8859 2.738384
8871 3.564467
8900 3.039414
8919 3.042642
8931 0.266359
8976 9.118242
9031 3.536312
9255 5.623783
9461 1.442702
9568 1.066286
9593 0.949509
9607 1.738384
9761 1.670588
9928 2.194316
9993 1.624441
9999 1.194316
10033 1.696991
10057 6.495257
10067 1.018225
10085 1.039414
10086 1.075626
10182 2.085172
10189 3.039414
10195 0.846290
10249 6.747070
10270 2.738384
10352 1.942457
10378 1.366777
10475 1.619181
10548 2.982273
10561 1.358173
10614 3.355373
10619 1.586607
10658 1.240074
10865 1.960233
10958 2.085172
11076 2.194316
11121 1.800244
11305 2.085172
11320 1.001988
11376 0.464226
11440 1.784142
11495 2.340444
11496 2.562293
11523 0.538355
11532 1.304049
11592 3.434390
11599 1.925471
11671 1.592256
