123

71 0.878046
292 5.575674
736 1.448350
870 1.925471
894 2.437354
917 0.574031
1080 1.548052
1237 1.960233
1285 1.349218
1506 1.115135
1551 6.078828
1797 0.702954
1872 0.638014
2058 0.899535
2154 0.677686
2220 1.624441
2363 1.022381
2455 0.851893
2762 0.470040
2772 1.349218
2785 2.340444
2824 1.158601
2948 1.331844
3095 1.181416
3130 1.996043
3173 3.039414
3274 1.520900
3275 0.611279
3344 1.548052
3375 3.039414
3415 1.386202
3573 0.788994
3627 1.254084
3681 1.158601
3926 0.986336
3927 1.696991
4130 3.996043
4148 0.978716
4211 0.912309
4310 1.022381
4487 3.039414
4573 0.543870
4663 0.890195
4708 0.689166
4722 1.094931
4734 3.097292
4738 0.572546
4764 1.152923
5050 0.945992
5084 1.577016
5143 0.902694
5337 7.341177
5394 0.497835
5650 6.078828
5657 1.416165
5723 1.659203
5753 0.650248
5756 2.942425
5821 0.918840
5885 0.706976
5945 1.141787
5947 1.247022
5975 2.437354
6070 0.742749
6096 2.738384
6112 1.003190
6360 2.437354
6401 3.393983
6468 4.078828
6621 3.039414
6671 5.033059
6674 2.340444
6799 1.358173
6813 0.786561
6828 0.717195
6864 0.436270
6909 0.747158
7120 2.497765
7142 2.340444
7404 1.125600
7481 3.039414
7498 0.355467
7612 2.085172
7760 0.666502
7911 1.240074
8016 1.878087
8059 1.090024
8192 1.925471
8196 2.614041
8241 1.018225
8474 4.912546
8759 1.483112
8857 2.734633
8859 2.738384
8871 1.188156
8919 1.521321
8931 1.065438
9032 2.194316
9065 0.915562
9099 1.315138
9126 12.157656
9138 0.673926
9255 1.405946
9270 1.075626
9380 1.136324
9635 1.548052
9709 2.194316
9872 1.141787
10010 1.061691
10069 1.592256
10071 2.085172
10072 1.925471
10085 2.078828
10086 2.151253
10279 1.005990
10591 3.601695
10788 2.738384
10807 6.783789
10890 0.465383
11139 1.426630
11526 1.780390
11532 0.652024
11625 2.209831
