285

23 1.018225
180 1.405946
213 1.681514
260 3.039414
292 5.575674
352 1.331844
367 1.960233
404 0.545260
457 1.061691
458 1.494316
508 0.774596
531 1.837680
536 0.905875
632 0.990196
665 0.632874
689 1.268562
693 1.624441
697 1.638612
827 1.784142
921 3.096105
1023 6.783789
1037 1.283539
1063 2.085172
1074 2.240672
1110 4.522526
1112 2.295769
1269 1.878087
1295 2.439740
1343 3.282948
1370 6.659971
1413 3.039414
1420 3.039414
1424 2.340444
1487 2.514051
1499 1.052642
1506 1.115135
1536 2.340444
1601 2.136324
1666 0.753857
1702 2.562293
1725 1.200565
1785 1.760661
1797 0.702954
1944 3.355373
1947 1.104916
1971 2.340444
1972 2.039414
1997 1.483112
2000 0.986336
2154 0.677686
2201 2.738384
2248 1.141787
2278 1.219870
2455 1.703787
2467 1.998021
2497 1.608050
2499 1.307020
2506 1.717195
2518 2.473711
2530 0.717195
2536 1.367316
2680 1.507935
2687 1.448350
2696 1.366777
2702 1.893286
2703 3.039414
2718 1.275986
2762 0.470040
2763 0.756113
2809 3.041800
2810 3.996043
2948 1.331844
2956 7.671321
3010 1.577016
3082 1.717195
3089 1.960233
3122 0.765256
3128 3.154032
3130 0.998021
3275 0.611279
3316 1.233234
3322 1.395961
3351 1.094931
3403 1.659203
3439 3.920466
3471 2.340444
3473 0.767573
3531 0.788994
3546 1.957433
3567 0.711035
3599 2.317201
3627 1.254084
3668 2.340444
3669 2.738384
3691 0.742749
3721 2.039414
3784 1.863323
3785 3.039414
3818 0.704960
3823 3.805686
3858 2.085172
3908 1.471212
4120 1.677686
4145 1.577016
4179 2.966223
4196 0.734063
4197 2.340444
4258 1.696991
4334 2.738384
4337 1.677686
4378 8.215152
4443 2.437354
4452 2.966223
4542 1.416165
4543 5.476768
4568 3.248882
4573 1.087740
4627 1.784142
4688 3.039414
4708 2.067498
4722 1.094931
4734 1.238917
4738 5.725465
4783 1.998021
4823 2.562293
4921 2.562293
5025 0.840757
5026 1.240074
5100 0.700958
5174 1.507935
5378 2.738384
5382 1.426630
5394 1.991340
5487 2.261263
5509 1.998021
5617 2.562293
5657 5.664659
5692 0.753857
5699 2.261263
5723 3.318406
5749 0.967532
5756 1.471212
5821 0.918840
5828 3.039414
5833 0.499085
5851 0.846290
5880 1.670588
5885 0.706976
5892 1.340444
5902 1.349218
5926 0.698970
5948 1.726646
5949 0.918840
5962 2.698436
5976 1.738384
6070 0.742749
6073 1.835294
6108 1.960233
6112 1.504785
6285 1.784142
6360 4.874708
6415 0.928824
6433 0.758381
6529 1.624441
6570 0.998021
6609 2.136324
6635 2.466468
6648 1.998021
6658 5.124586
6671 1.677686
6672 2.437354
6704 1.808965
6789 3.039414
6792 0.519586
6814 2.439740
6816 1.957433
6826 2.261263
6838 1.120336
6839 3.921061
6854 2.437354
6892 2.562293
6903 9.118242
6909 0.747158
6980 1.194316
7062 1.031797
7091 3.039414
7111 1.497254
7217 3.185504
7288 1.738384
7305 1.677686
7343 2.136324
7369 1.261263
7386 3.996043
7498 1.066401
7565 2.136324
7583 3.318406
7595 1.367316
7615 2.437354
7671 2.738384
7760 0.666502
7859 0.602854
7937 1.495346
8016 2.817131
8059 3.270072
8150 1.099895
8227 0.816698
8291 4.388632
8315 1.608050
8381 1.164353
8404 1.044436
8422 2.085172
8455 0.872539
8474 0.982509
8475 1.349218
8482 2.087558
8539 0.668346
8581 1.760661
8619 1.275986
8662 1.188156
8707 2.261263
8711 1.520900
8741 1.247022
8763 2.136324
8767 0.704960
8826 1.063696
8857 4.101949
8858 3.318406
8860 3.850942
8871 1.188156
8919 2.281982
8954 1.925471
9031 1.768156
9095 1.194316
9125 2.136324
9156 2.340444
9184 1.608050
9230 2.437354
9258 1.863323
9328 0.915562
9424 1.483112
9470 2.562293
9473 1.483112
9501 2.562293
9503 1.925471
9538 1.052642
9566 2.562293
9612 1.925471
9648 2.437354
9747 0.945992
9767 0.283539
9903 0.793901
9935 2.039414
9954 2.261263
10036 0.736218
10077 1.323411
10086 1.075626
10109 1.835294
10147 1.548052
10175 3.039414
10183 2.738384
10251 1.182082
10378 0.683388
10433 1.052642
10491 1.147320
10548 1.988182
10614 1.677686
10658 2.480147
10666 3.039414
10673 5.124586
10677 4.947422
10777 2.738384
10890 0.465383
10962 1.863323
11210 0.849082
11252 3.184512
11287 2.087558
11340 0.986336
11396 0.942504
11475 1.459631
11501 1.254084
11521 1.075626
11551 1.808965
11557 1.893286
11558 1.659203
11600 0.351885
