204

81 1.608050
127 1.437354
173 1.592256
308 1.831125
318 0.824570
391 1.358173
393 2.738384
419 2.738384
509 1.696991
540 7.686879
553 0.784142
585 1.562293
660 3.355373
661 2.364163
697 1.638612
726 1.893286
734 2.896699
787 2.194316
875 6.850722
895 0.846290
911 4.680888
960 1.066286
965 1.927734
990 1.340444
992 1.158601
1028 2.753313
1112 0.765256
1152 1.893286
1231 1.022381
1463 3.039414
1492 1.520900
1516 1.577016
1632 1.808965
1641 2.598103
1650 2.085172
1664 2.340444
1825 3.039414
1872 0.638014
1902 1.014108
2044 1.738384
2067 3.783789
2107 1.608050
2205 1.507935
2268 0.760661
2289 3.039414
2473 1.026577
2502 11.167692
2507 0.380449
2575 0.956629
2762 0.470040
2769 1.115135
2960 2.085172
2969 1.835294
3034 1.358173
3122 0.765256
3156 1.376656
3218 1.534264
3374 1.170182
3414 1.109995
3531 0.788994
3576 3.039414
3605 1.349218
3620 1.863323
3637 1.136324
3651 1.960233
3691 1.485498
3695 1.405946
3737 2.738384
3777 2.562293
3779 3.039414
3891 2.630276
3908 1.471212
3968 2.874708
3981 2.738384
4033 1.283539
4071 1.018225
4091 0.693061
4120 1.677686
4145 1.577016
4186 1.863323
4196 0.734063
4285 2.562293
4313 3.920466
4377 1.520900
4413 2.011981
4414 2.437354
4451 0.878046
4462 1.141787
4520 0.729784
4550 1.291226
4580 15.373757
4581 1.960233
4633 1.437354
4708 0.689166
4746 1.835294
4845 2.437354
4916 1.268562
5026 1.240074
5266 2.136324
5270 1.395961
5358 1.808965
5394 0.995670
5398 2.194316
5496 0.978716
5529 0.646717
5664 1.835294
5672 3.039414
5732 0.786561
5833 0.499085
5849 2.853261
5880 5.011765
5945 3.425361
5948 1.726646
5949 0.918840
5975 2.437354
6136 1.608050
6193 1.437354
6217 3.620716
6323 1.863323
6412 2.194316
6472 3.039414
6477 2.738384
6572 1.534264
6587 0.622774
6733 3.039414
6853 1.960233
6858 1.130929
6901 2.136324
6925 1.738384
6980 1.194316
7111 0.998169
7118 2.445117
7123 3.493059
7149 3.039414
7445 1.925471
7587 1.562293
7627 6.078828
7655 6.455000
7656 2.630276
7694 2.330889
7788 0.530212
8016 0.939044
8061 1.784142
8117 3.154032
8157 0.939044
8186 3.096105
8227 0.816698
8245 1.039414
8529 1.066286
8605 1.476768
8629 1.426630
8767 0.704960
8822 1.577016
8826 1.063696
8884 2.039414
8903 3.039414
8924 1.213339
8959 1.136324
9047 1.659798
9061 3.945415
9079 3.124586
9088 1.960233
9118 1.548052
9130 2.302718
9138 1.347852
9213 3.039414
9261 1.376656
9280 1.158601
9407 1.275986
9458 2.261263
9543 1.863323
9568 1.066286
9570 3.039414
9579 1.315138
9707 2.738384
9899 1.835294
10041 2.437354
10108 2.261263
10125 1.448350
10279 1.005990
10303 1.784142
10333 2.085172
10352 0.971228
10405 1.835294
10423 0.698970
10461 4.731048
10465 2.680888
10491 1.147320
10530 1.164353
10544 1.331844
11003 1.437354
11088 3.039414
11115 1.483112
11121 0.600081
11143 3.039414
11306 0.589165
11375 0.791441
11451 1.768156
11458 4.273613
11487 2.562293
11503 0.884078
11600 2.111311
11612 3.039414
11625 2.209831
