277

80 0.099332
213 0.030497
292 0.040450
308 0.033211
318 0.029910
352 0.048311
367 0.071105
438 0.058925
458 0.027102
461 0.092944
534 0.099332
536 0.032860
553 0.056888
665 0.022957
697 0.089158
791 0.087558
871 0.092944
883 0.055169
895 0.061396
930 0.056154
964 0.110251
1037 0.046559
1074 0.040639
1112 0.111035
1152 0.068677
1178 0.339587
1195 0.065618
1221 0.082025
1253 0.073977
1269 0.102188
1284 0.039189
1296 0.035365
1316 0.069844
1370 0.080528
1387 0.078727
1487 0.091194
1498 0.046285
1504 0.110251
1544 0.061556
1599 0.073977
1601 0.154985
1609 0.040450
1783 0.092944
1797 0.025499
1944 0.060856
1947 0.040080
1971 0.084897
2214 0.069844
2262 0.135180
2282 0.079596
2335 0.033211
2499 0.094821
2507 0.027601
2530 0.104062
2686 0.082025
2687 0.052537
2763 0.054854
2809 0.110338
2915 0.058925
2948 0.048311
2983 0.049598
2995 0.054242
3045 0.209532
3082 0.062289
3100 0.072476
3128 0.057204
3130 0.072404
3137 0.067590
3205 0.051370
3243 0.036346
3326 0.088412
3403 0.060186
3420 0.073977
3546 0.035502
3583 0.077493
3669 0.099332
3700 0.046559
3742 0.082025
3772 0.048941
3823 0.276094
3926 0.035778
3965 0.079596
4065 0.110251
4148 0.035502
4179 0.053798
4195 0.127341
4315 0.054854
4318 0.066573
4334 0.099332
4337 0.060856
4536 0.072476
4538 0.040639
4542 0.051370
4568 0.117849
4573 0.039456
4620 0.127732
4677 0.078312
4708 0.049997
4722 0.039717
4734 0.044940
4738 0.020768
4742 0.110251
4782 0.092944
4783 0.072476
4877 0.082025
5025 0.030497
5174 0.054699
5337 0.066573
5394 0.018058
5487 0.082025
5491 0.044066
5657 0.102739
5678 0.071556
5689 0.030398
5692 0.027345
5753 0.023587
5756 0.053366
5815 0.110251
5821 0.033330
5841 0.053366
5851 0.061396
5885 0.051289
5900 0.075407
5926 0.076063
5948 0.031316
6096 0.099332
6112 0.072779
6142 0.110251
6168 0.055169
6275 0.092944
6285 0.064718
6317 0.025499
6326 0.099332
6380 0.034188
6415 0.101076
6609 0.077493
6612 0.077493
6616 0.032630
6649 0.106733
6652 0.062289
6658 0.092944
6704 0.065618
6724 0.099332
6792 0.018847
6813 0.028532
6816 0.035502
6838 0.040639
6839 0.094821
6871 0.109397
6909 0.027102
7008 0.031850
7060 0.033815
7111 0.018104
7118 0.066520
7190 0.088412
7217 0.028888
7283 0.058330
7482 0.088412
7483 0.110251
7498 0.103153
7580 0.045490
7592 0.073977
7625 0.065618
7635 0.025572
7650 0.057204
7651 0.144952
7936 0.048311
7989 0.038022
8011 0.110251
8016 0.068125
8036 0.110251
8059 0.079079
8070 0.058925
8087 0.042027
8221 0.072476
8294 0.033570
8295 0.049266
8359 0.068677
8404 0.037886
8422 0.075637
8434 0.154985
8455 0.015825
8474 0.071279
8475 0.048941
8482 0.037862
8503 0.077493
8507 0.110251
8508 0.046559
8539 0.048487
8555 0.064718
8641 0.045490
8699 0.059543
8710 0.198663
8741 0.090469
8763 0.077493
8764 0.112308
8787 0.099332
8808 0.123113
8826 0.025723
8857 0.148793
8858 0.120371
8871 0.129297
8895 0.062289
8924 0.044012
9005 0.099332
9031 0.032069
9083 0.068677
9099 0.095410
9125 0.077493
9132 0.026549
9138 0.024446
9145 0.066573
9183 0.084897
9189 0.052537
9214 0.092944
9227 0.099332
9255 0.050999
9279 0.049598
9283 0.066573
9306 0.058330
9328 0.033211
9379 0.053366
9414 0.110251
9447 0.099332
9455 0.058925
9469 0.059543
9473 0.053798
9491 0.110251
9497 0.077493
9642 0.046559
9679 0.055169
9706 0.092944
9767 0.010285
9774 0.034701
9863 0.088499
9903 0.028798
9985 0.110251
10057 0.047122
10086 0.039017
10109 0.066573
10260 0.072476
10276 0.029344
10444 0.099332
10475 0.019578
10487 0.021653
10491 0.041618
10500 0.051749
10509 0.025572
10525 0.110251
10548 0.072119
10561 0.049266
10619 0.019184
10651 0.044734
10658 0.089964
10660 0.084897
10661 0.054699
10677 0.089731
10745 0.060186
10890 0.016881
11016 0.088412
11061 0.551256
11127 0.110251
11203 0.059543
11252 0.057757
11287 0.037862
11295 0.088025
11298 0.042879
11335 0.037862
11338 0.092944
11340 0.214669
11375 0.086126
11377 0.044490
11396 0.034188
11443 0.034315
11480 0.063866
11523 0.039056
11603 0.079596
