307

5 0.032988
36 0.029674
67 0.044800
97 0.040768
106 0.040005
109 0.055304
122 0.021945
148 0.025121
157 0.030454
199 0.030253
213 0.037704
255 0.080010
259 0.030659
304 0.049550
318 0.036978
401 0.036056
404 0.024452
458 0.016753
536 0.020312
612 0.035361
665 0.014191
689 0.028444
763 0.110417
895 0.018976
897 0.019293
913 0.093225
917 0.012871
921 0.034711
950 0.036806
984 0.057453
1028 0.030868
1042 0.041780
1044 0.028952
1074 0.025121
1133 0.061401
1152 0.042452
1275 0.028952
1278 0.028444
1284 0.024225
1307 0.041152
1333 0.018196
1487 0.037581
1532 0.017475
1540 0.046755
1592 0.050241
1605 0.020030
1643 0.023404
1661 0.057453
1736 0.050703
1744 0.031989
1797 0.031524
1798 0.026371
1804 0.029674
1807 0.020826
1831 0.017211
1856 0.047902
1872 0.014306
1900 0.033812
1903 0.045729
1995 0.025602
2028 0.034711
2042 0.030253
2048 0.041152
2071 0.021777
2073 0.030868
2082 0.070721
2115 0.020677
2121 0.043174
2131 0.022831
2161 0.030659
2165 0.036278
2170 0.042452
2248 0.025602
2259 0.019132
2268 0.051168
2291 0.045729
2310 0.061401
2339 0.025726
2340 0.045662
2344 0.087920
2353 0.040005
2507 0.051184
2539 0.025358
2552 0.023404
2572 0.019823
2627 0.034318
2690 0.021861
2779 0.054651
2886 0.035361
3019 0.050703
3095 0.026490
3121 0.017582
3122 0.034318
3150 0.026371
3203 0.038019
3204 0.025479
3275 0.013706
3374 0.026238
3394 0.067623
3401 0.060112
3402 0.059348
3414 0.024889
3489 0.031525
3542 0.037618
3567 0.015943
3652 0.061401
3708 0.061401
3826 0.031525
3841 0.021396
3850 0.034009
3869 0.031754
3938 0.055304
3951 0.079035
4005 0.024551
4063 0.024551
4215 0.033572
4226 0.046755
4246 0.043174
4266 0.023603
4297 0.040005
4396 0.034102
4423 0.043953
4573 0.024390
4613 0.040481
4645 0.023806
4699 0.054651
4708 0.015453
4711 0.043953
4715 0.050703
4764 0.025851
4830 0.031989
4842 0.036424
4901 0.060722
4903 0.104133
4906 0.040561
4928 0.036424
4964 0.023704
4969 0.025602
4970 0.091976
5064 0.026505
5067 0.026108
5083 0.060505
5100 0.031434
5133 0.033812
5141 0.036424
5174 0.067623
5193 0.155915
5212 0.049202
5324 0.021777
5491 0.009080
5562 0.061317
5569 0.391312
5692 0.016903
5701 0.029863
5712 0.021694
5734 0.037824
5749 0.021694
5753 0.058321
5758 0.027352
5795 0.026238
5821 0.041205
5826 0.025358
5833 0.011191
5880 0.018729
5945 0.025602
5948 0.019358
6023 0.031754
6070 0.016654
6167 0.024889
6170 0.044800
6281 0.027062
6291 0.018082
6346 0.031301
6409 0.045729
6436 0.511405
6441 0.093509
6456 0.036164
6466 0.024118
6535 0.036056
6792 0.058252
6796 0.030659
6860 0.028120
6864 0.039129
6874 0.011219
6962 0.053839
6984 0.038979
7018 0.043174
7021 0.046755
7059 0.041152
7060 0.062707
7062 0.015424
7124 0.035030
7182 0.029863
7377 0.114443
7385 0.034526
7460 0.022203
7498 0.015941
7655 0.062030
7664 0.027062
7709 0.076189
7756 0.036806
7760 0.029889
7765 0.045729
7788 0.071332
7859 0.033794
7861 0.031256
7864 0.026238
7887 0.043555
7920 0.023306
7929 0.034102
7945 0.038979
7948 0.030868
7974 0.035030
7981 0.062254
8029 0.050703
8048 0.026641
8140 0.043953
8170 0.050703
8227 0.018312
8237 0.026238
8282 0.052478
8351 0.027652
8378 0.114906
8404 0.023419
8419 0.051203
8455 0.009782
8539 0.014986
8629 0.031989
8646 0.041780
8684 0.085333
8759 0.033255
8784 0.041805
8785 0.038077
8826 0.039751
8874 0.148370
8879 0.037203
8919 0.034112
8931 0.005972
8956 0.024225
9052 0.018914
9059 0.012164
9062 0.072354
9065 0.020529
9114 0.030253
9115 0.049550
9116 0.053010
9328 0.020529
9329 0.033812
9333 0.031989
9444 0.042111
9521 0.033255
9552 0.050703
9619 0.039478
9634 0.055923
9642 0.028780
9668 0.038504
9718 0.031525
9761 0.037459
9767 0.038146
9770 0.022924
9811 0.020384
9873 0.030868
9903 0.017801
9907 0.034102
9908 0.035030
9933 0.024118
9938 0.047902
9982 0.054651
9999 0.026779
10030 0.034402
10058 0.054392
10276 0.018139
10397 0.018976
10423 0.015673
10487 0.013385
10497 0.061401
10505 0.033812
10589 0.029489
10619 0.035576
10621 0.025239
10627 0.035030
10635 0.037618
10701 0.017637
10887 0.028444
10890 0.031305
10917 0.036056
11035 0.052478
11121 0.026911
11152 0.040059
11176 0.054651
11194 0.045478
11228 0.025602
11242 0.023503
11306 0.026421
11310 0.046755
11332 0.016035
11396 0.021133
11397 0.065583
11445 0.038979
11466 0.024889
11475 0.032728
11485 0.052478
11523 0.012071
11532 0.014620
11600 0.023670
11636 0.104430
11637 0.124959
