127

139 0.180515
183 0.134889
346 0.099967
391 0.133987
394 0.091911
413 0.084703
490 0.149923
540 0.126389
660 0.082754
661 0.116616
875 0.168961
912 0.111540
960 0.052596
992 0.057150
1028 0.067905
1115 0.149923
1274 0.072570
1492 0.075020
1516 0.077788
1590 0.111540
1641 0.064077
1863 0.149923
2049 0.126389
2435 0.093389
2502 0.137715
2507 0.018766
2572 0.087217
2575 0.047187
2762 0.023185
2967 0.071998
3034 0.133987
3121 0.038679
3153 0.100597
3254 0.126389
3558 0.059532
3593 0.098555
3626 0.095450
3634 0.071998
3637 0.056051
3648 0.149923
3679 0.074381
3700 0.063312
3891 0.064871
3904 0.148762
4025 0.149923
4033 0.126625
4121 0.061168
4190 0.120226
4285 0.126389
4533 0.149923
4581 0.096691
4813 0.126389
4943 0.028242
5270 0.068858
5394 0.122782
5494 0.085748
5496 0.096553
5529 0.031900
5572 0.083706
5689 0.041336
5792 0.048091
5850 0.135075
5862 0.149923
5880 0.082404
5945 0.056320
5949 0.045323
6136 0.079319
6194 0.105377
6217 0.119064
6240 0.071442
6300 0.078540
6317 0.104023
6477 0.135075
6568 0.035685
6572 0.075680
6828 0.106130
6896 0.135075
6909 0.036855
7008 0.043311
7078 0.105377
7092 0.149923
7118 0.060304
7238 0.094976
7293 0.135075
7428 0.064077
7439 0.080968
7549 0.071998
7619 0.111540
7655 0.136458
8137 0.079319
8241 0.050225
8245 0.051271
8462 0.060499
8689 0.111540
8784 0.091964
8822 0.077788
8826 0.008745
8867 0.077062
8884 0.100597
8931 0.013139
8989 0.072570
9047 0.081872
9061 0.648710
9079 0.154124
9138 0.199454
9383 0.075680
9451 0.149923
9457 0.120226
9607 0.171496
9767 0.027972
9881 0.165508
10134 0.161936
10302 0.071442
10332 0.149923
10461 0.077788
10475 0.026623
10544 0.065695
10867 0.089230
10890 0.045911
11003 0.070899
11081 0.149923
11150 0.050430
11306 0.029061
11375 0.039039
11458 0.042160
11466 0.054752
11502 0.150067
