58

158 0.171051
196 0.277920
318 0.089437
629 0.202106
716 0.205356
865 0.342103
1209 0.659341
1725 0.260439
1797 0.076246
2028 0.167910
2046 0.110442
2154 0.073505
2259 0.046275
2300 0.231717
2378 0.184065
2507 0.041266
2530 0.077791
2698 0.329671
2763 0.082012
3046 0.329671
3130 0.216501
3243 0.108681
3499 0.163559
3531 0.085578
3596 0.231717
3881 0.329671
4534 0.128215
4722 0.118762
5026 0.134505
5359 0.659341
5532 0.096222
6079 0.594039
6468 0.221206
6671 0.181971
6874 0.054269
7388 0.335820
7411 0.096890
7498 0.038556
7808 0.181971
7915 0.113214
8016 0.101854
8059 0.118230
8455 0.094640
8619 0.138400
8723 0.297019
8813 0.226169
8857 0.296613
8871 0.128874
8919 0.082505
9461 0.078241
9688 0.142647
9787 0.264368
9858 0.245268
9911 0.216716
10086 0.116668
10491 0.124444
11204 0.238007
11532 0.070722
