394

22 0.032726
23 0.043437
30 0.046804
98 0.022744
106 0.038055
122 0.020876
148 0.071690
161 0.048232
179 0.027058
186 0.020716
311 0.064830
318 0.035176
345 0.019884
373 0.031134
398 0.088091
404 0.011630
434 0.077170
441 0.042617
463 0.045567
477 0.035012
506 0.051988
508 0.016522
512 0.059135
550 0.049921
577 0.523290
586 0.031873
634 0.026305
637 0.027216
697 0.017476
748 0.048232
757 0.037079
771 0.025214
806 0.029364
831 0.052427
857 0.074138
897 0.018353
1019 0.064830
1028 0.029364
1032 0.075109
1037 0.082133
1109 0.035390
1379 0.058409
1385 0.402437
1409 0.132078
1456 0.036221
1487 0.053624
1489 0.033962
1498 0.027216
1506 0.047571
1523 0.104078
1616 0.031634
1666 0.032159
1670 0.035390
1684 0.051988
1725 0.025608
1744 0.152148
1750 0.038055
1756 0.041070
1763 0.051988
1764 0.034299
1803 0.026749
1818 0.027878
1831 0.016372
1859 0.012935
1872 0.013609
1900 0.032164
1943 0.046804
1949 0.035785
2016 0.039146
2038 0.078293
2042 0.028779
2071 0.124296
2073 0.058728
2076 0.030893
2084 0.042241
2085 0.030893
2108 0.044476
2112 0.150218
2147 0.037079
2154 0.014455
2165 0.017255
2166 0.032164
2185 0.025214
2230 0.030430
2248 0.024354
2259 0.009100
2267 0.026599
2269 0.064830
2304 0.023676
2392 0.042617
2421 0.021038
2507 0.040574
2530 0.015298
2532 0.026161
2548 0.021897
2550 0.017093
2572 0.037714
2575 0.020405
2576 0.018231
2584 0.046804
2585 0.031381
2627 0.163227
2651 0.016726
2657 0.058409
2676 0.064830
2681 0.064830
2762 0.020052
2768 0.021544
2835 0.046804
2851 0.024960
2854 0.054653
2923 0.045567
2927 0.103947
3095 0.012600
3121 0.016726
3132 0.041811
3134 0.070025
3171 0.094142
3172 0.048232
3179 0.049415
3203 0.060278
3243 0.021372
3259 0.044476
3275 0.039115
3286 0.029776
3313 0.032164
3338 0.042617
3349 0.037079
3374 0.024960
3383 0.039146
3445 0.035785
3473 0.032744
3480 0.029364
3494 0.045567
3510 0.041811
3514 0.038585
3535 0.021458
3573 0.016829
3654 0.054653
3656 0.064830
3681 0.197701
3695 0.029988
3787 0.090619
3806 0.059551
3869 0.030206
3913 0.045567
3952 0.024238
4005 0.023355
4024 0.048232
4048 0.064830
4071 0.021719
4091 0.014783
4105 0.054653
4110 0.082864
4195 0.024960
4196 0.015657
4213 0.080248
4217 0.048944
4223 0.054653
4249 0.028970
4254 0.064830
4288 0.058409
4291 0.051988
4310 0.043614
4315 0.016128
4323 0.064830
4362 0.029165
4437 0.031381
4451 0.018729
4452 0.031634
4458 0.022264
4488 0.039146
4520 0.015566
4534 0.075641
4537 0.118380
4542 0.030206
4573 0.011601
4623 0.032726
4624 0.027058
4708 0.014700
4726 0.039744
4770 0.026902
4805 0.049921
4835 0.087000
4836 0.064830
4849 0.029776
4858 0.033962
4869 0.033637
4918 0.058409
4928 0.034649
4994 0.039744
5044 0.064830
5053 0.023044
5064 0.025214
5084 0.033637
5096 0.036196
5122 0.040383
5178 0.106553
5256 0.028591
5278 0.037554
5307 0.043974
5320 0.058171
5329 0.040383
5394 0.053094
5437 0.049921
5452 0.108589
5491 0.008637
5496 0.020876
5608 0.163959
5612 0.035785
5678 0.021038
5689 0.017875
5712 0.020637
5762 0.094903
5833 0.042581
5846 0.048232
5851 0.018051
5869 0.022453
5880 0.035633
5926 0.014909
5947 0.026599
5957 0.026161
5962 0.028779
6071 0.039639
6112 0.032097
6141 0.035785
6167 0.023676
6185 0.041811
6304 0.064830
6323 0.039744
6380 0.040207
6463 0.030893
6509 0.051760
6519 0.054653
6535 0.034299
6536 0.038585
6541 0.033637
6559 0.021288
6579 0.044476
6677 0.054653
6792 0.022165
6834 0.064830
6864 0.027917
6941 0.270094
6942 0.080767
6973 0.129660
6992 0.032164
7038 0.064830
7061 0.010202
7070 0.044476
7111 0.031936
7123 0.049671
7126 0.032844
7130 0.041811
7131 0.030893
7150 0.020876
7265 0.043500
7309 0.064830
7385 0.065687
7390 0.218612
7404 0.024009
7408 0.043500
7411 0.019054
7498 0.007582
7515 0.029988
7530 0.021288
7641 0.013794
7643 0.020103
7655 0.059007
7664 0.025743
7694 0.066290
7707 0.022744
7709 0.101467
7738 0.022744
7751 0.064830
7760 0.056865
7761 0.025608
7787 0.044476
7788 0.011309
7801 0.033962
7859 0.006429
7861 0.014867
7946 0.021897
7961 0.041811
7963 0.058409
7978 0.023461
7981 0.019740
8044 0.031634
8083 0.106163
8111 0.044157
8112 0.103976
8113 0.129660
8150 0.023461
8219 0.116818
8227 0.034840
8241 0.021719
8272 0.018857
8354 0.051988
8390 0.048232
8404 0.022278
8436 0.064830
8463 0.102408
8529 0.022744
8605 0.047249
8619 0.027216
8647 0.038585
8669 0.058409
8671 0.029165
8711 0.032440
8739 0.051988
8767 0.030073
8819 0.027708
8826 0.018907
8855 0.049921
8930 0.022358
8931 0.005681
8956 0.023044
8971 0.027878
9034 0.026305
9047 0.017702
9052 0.071968
9080 0.038055
9093 0.162022
9130 0.016372
9132 0.015612
9138 0.028749
9193 0.164279
9473 0.031634
9475 0.036627
9504 0.064830
9520 0.032440
9557 0.036196
9568 0.022744
9613 0.044476
9653 0.038055
9734 0.035390
9746 0.049921
9761 0.017817
9767 0.006048
9852 0.051988
9896 0.093609
9933 0.045886
9944 0.050427
9999 0.025474
10058 0.012935
10069 0.033962
10077 0.028228
10141 0.033637
10242 0.030658
10378 0.014577
10386 0.051988
10396 0.021631
10403 0.029364
10423 0.014909
10458 0.027708
10487 0.012732
10499 0.044476
10510 0.036627
10562 0.039744
10619 0.022561
10637 0.041811
10661 0.032164
10701 0.033554
10733 0.054653
10735 0.033020
10851 0.044476
10871 0.051988
10926 0.058409
10981 0.033637
10998 0.045567
11121 0.025599
11240 0.064830
11256 0.049870
11257 0.052322
11306 0.012567
11314 0.040383
11326 0.049921
11332 0.015254
11375 0.050644
11376 0.019804
11386 0.028779
11426 0.054653
11441 0.029567
11443 0.040356
11459 0.035390
11472 0.041811
11482 0.039146
11483 0.064830
11490 0.058409
11503 0.018857
11523 0.034449
11547 0.022170
11600 0.015011
11620 0.023146
