286

52 0.042769
71 0.023585
88 0.163282
97 0.024419
98 0.028641
103 0.032767
188 0.030093
198 0.030968
268 0.033496
308 0.024593
359 0.045582
366 0.081641
404 0.014646
447 0.032418
455 0.020249
471 0.196408
508 0.020806
531 0.074042
598 0.089135
600 0.026088
634 0.033126
638 0.050050
689 0.068149
697 0.022007
725 0.065469
738 0.073555
897 0.023112
917 0.092514
921 0.041582
965 0.025890
1062 0.065469
1063 0.056009
1097 0.073555
1121 0.065469
1157 0.035326
1296 0.052376
1412 0.073555
1498 0.068548
1506 0.029953
1532 0.020934
1542 0.087470
1552 0.130938
1637 0.049297
1666 0.020249
1677 0.045582
1721 0.020069
1723 0.037234
1816 0.229922
1842 0.182218
1872 0.017138
1887 0.043193
1930 0.081641
1981 0.025131
1994 0.029279
2042 0.036241
2046 0.027350
2067 0.033878
2071 0.026088
2091 0.065533
2115 0.024769
2161 0.036727
2168 0.049297
2174 0.025505
2259 0.011460
2279 0.047293
2290 0.041212
2319 0.038039
2339 0.061636
2340 0.054701
2407 0.065469
2419 0.112019
2452 0.125893
2473 0.027575
2507 0.010219
2530 0.019264
2651 0.021063
2690 0.026188
2769 0.029953
2832 0.051720
2891 0.073555
3014 0.026597
3126 0.062866
3179 0.020743
3229 0.052653
3230 0.065469
3266 0.050855
3275 0.016419
3286 0.112490
3304 0.043193
3316 0.033126
3370 0.089446
3371 0.256615
3386 0.033309
3415 0.037234
3417 0.028892
3419 0.046694
3482 0.025989
3562 0.125893
3611 0.026494
3613 0.081065
3621 0.048324
3687 0.081641
3841 0.012816
3952 0.030523
3968 0.077217
3975 0.381019
4037 0.048590
4110 0.026088
4159 0.065469
4195 0.031432
4196 0.039435
4315 0.060929
4317 0.067371
4318 0.049297
4520 0.019603
4562 0.042360
4573 0.029218
4582 0.040166
4610 0.035326
4677 0.014497
4738 0.030758
4743 0.107337
4764 0.030968
4787 0.081641
4859 0.042769
4920 0.056009
4956 0.047293
4964 0.028396
5023 0.028766
5055 0.051720
5085 0.050050
5112 0.051585
5135 0.127602
5174 0.040504
5208 0.065469
5320 0.024419
5394 0.013372
5395 0.027803
5491 0.010877
5529 0.034743
5532 0.023829
5678 0.026494
5712 0.077966
5732 0.105638
5814 0.047293
5833 0.026812
5880 0.022437
5885 0.018990
5926 0.056325
6043 0.065469
6060 0.026088
6065 0.036482
6071 0.016639
6111 0.043193
6112 0.013473
6185 0.157960
6211 0.032945
6215 0.040853
6217 0.032418
6281 0.032418
6308 0.020129
6317 0.018882
6361 0.081009
6415 0.049898
6504 0.023425
6508 0.051720
6514 0.082423
6568 0.019432
6579 0.056009
6708 0.035548
6715 0.046125
6741 0.081641
6792 0.013956
6804 0.081641
6874 0.013439
6934 0.038904
7008 0.023585
7061 0.064239
7062 0.101621
7111 0.026812
7131 0.077808
7263 0.042360
7389 0.038320
7400 0.054780
7428 0.034894
7435 0.052653
7466 0.147110
7498 0.038192
7651 0.107337
7668 0.044091
7694 0.020870
7704 0.057461
7760 0.035806
7761 0.032248
7794 0.038904
7804 0.081641
7899 0.047658
8007 0.045020
8016 0.025223
8044 0.119513
8083 0.019099
8087 0.031121
8183 0.037765
8190 0.057383
8272 0.047494
8381 0.125102
8404 0.042082
8455 0.058593
8456 0.085538
8467 0.042360
8512 0.023505
8628 0.045064
8642 0.048590
8649 0.047293
8650 0.104681
8669 0.073555
8725 0.049297
8826 0.038096
8931 0.035773
8943 0.073555
8987 0.073555
8989 0.039518
9010 0.068825
9031 0.047494
9047 0.022292
9064 0.137650
9065 0.024593
9107 0.034683
9132 0.058980
9138 0.018102
9144 0.124294
9189 0.038904
9324 0.053668
9326 0.088183
9452 0.039207
9568 0.028641
9593 0.025505
9625 0.034894
9669 0.020806
9677 0.034075
9686 0.057383
9688 0.035326
9689 0.073555
9729 0.036241
9767 0.038080
9774 0.051392
9871 0.065182
9908 0.041964
9964 0.081641
9994 0.053668
10060 0.065469
10082 0.033686
10092 0.047658
10235 0.037765
10297 0.065469
10309 0.026702
10337 0.285178
10396 0.054479
10397 0.022732
10458 0.209361
10460 0.081641
10509 0.018936
10510 0.046125
10548 0.026702
10563 0.037234
10637 0.105307
10701 0.021128
10723 0.060739
10735 0.041582
10787 0.137650
10884 0.081641
10903 0.041582
11013 0.057383
11031 0.038904
11033 0.121479
11065 0.092250
11084 0.045064
11150 0.027462
11194 0.027240
11195 0.041212
11306 0.031651
11335 0.028037
11362 0.031275
11376 0.049878
11544 0.043634
11568 0.036241
