153

23 0.057738
191 0.094085
258 0.069172
326 0.102577
342 0.128224
346 0.057460
349 0.155280
392 0.107358
445 0.138210
458 0.042367
462 0.115645
541 0.102577
630 0.031397
634 0.069930
661 0.067030
875 0.194234
876 0.087782
923 0.121140
1037 0.072783
1064 0.080897
1093 0.079724
1507 0.077015
1641 0.073662
1666 0.042747
1818 0.074114
1839 0.094085
1872 0.036178
1874 0.089424
1922 0.104070
1979 0.093079
2107 0.091184
2172 0.132714
2267 0.070712
2363 0.057974
2484 0.105659
2572 0.050131
2622 0.132714
2751 0.155280
3038 0.094085
3040 0.095133
3121 0.044465
3131 0.085507
3156 0.078063
3213 0.128224
3218 0.174000
3308 0.155280
3466 0.093079
3546 0.055498
3634 0.082768
3670 0.155280
3691 0.084235
3806 0.079158
3841 0.027055
3921 0.310559
4033 0.145566
4040 0.113297
4157 0.102577
4237 0.138345
4566 0.046908
4707 0.121140
4734 0.035126
4764 0.065376
4916 0.071934
5100 0.039748
5399 0.268273
5488 0.276419
5945 0.064745
5948 0.048955
6112 0.028443
6153 0.091184
6156 0.155280
6192 0.098575
6217 0.205312
6232 0.128224
6280 0.132714
6293 0.145294
6317 0.039861
6539 0.138210
6544 0.128224
6816 0.055498
6858 0.128258
6900 0.145294
6901 0.121140
7089 0.155280
7095 0.104070
7111 0.028300
7118 0.069325
7123 0.066024
7192 0.128224
7237 0.121140
7257 0.102577
7389 0.080897
7404 0.063827
7598 0.113297
7655 0.052290
7694 0.220288
7806 0.155280
7994 0.138210
8061 0.101169
8073 0.092114
8098 0.070712
8227 0.046311
8292 0.127057
8394 0.069930
8404 0.029612
8445 0.090289
8498 0.076010
8624 0.128224
8826 0.010053
8916 0.105659
9047 0.047059
9061 0.149149
9088 0.111155
9104 0.050654
9132 0.083007
9138 0.076430
9198 0.435883
9250 0.111155
9280 0.065698
9346 0.121140
9348 0.155280
9366 0.076010
9400 0.132714
9407 0.072355
9469 0.093079
9473 0.084100
9686 0.121140
9783 0.049285
9811 0.051549
9842 0.107358
9999 0.067723
10143 0.115645
10190 0.155280
10302 0.082128
10423 0.039635
10434 0.115645
10465 0.076010
10509 0.039975
10715 0.080303
10982 0.145294
11115 0.084100
11152 0.050654
11249 0.211319
11349 0.072783
11423 0.046311
11451 0.350920
11458 0.096934
11466 0.125884
11501 0.071113
11503 0.100263
11522 0.192455
11600 0.019954
11611 0.091184
