165

23 0.052303
81 0.082600
191 0.085228
258 0.062661
326 0.092920
342 0.116153
346 0.052051
349 0.140661
392 0.097252
445 0.125198
458 0.038379
462 0.104758
541 0.092920
630 0.028441
634 0.063347
661 0.060719
875 0.234599
876 0.079518
923 0.109736
1037 0.065931
1064 0.073281
1093 0.072219
1440 0.131616
1507 0.069765
1641 0.066728
1666 0.038723
1818 0.067137
1839 0.085228
1872 0.032773
1874 0.081006
1922 0.094273
1979 0.084317
2107 0.082600
2172 0.120221
2267 0.064055
2363 0.052516
2484 0.095712
2572 0.045412
2622 0.120221
2751 0.140661
3038 0.085228
3040 0.086177
3121 0.040279
3131 0.077457
3156 0.070714
3213 0.116153
3218 0.157620
3308 0.140661
3466 0.084317
3546 0.050273
3634 0.074976
3670 0.140661
3691 0.076305
3806 0.071706
3841 0.024508
3891 0.067554
3921 0.281323
4033 0.131862
4040 0.102631
4157 0.092920
4237 0.125321
4307 0.092920
4566 0.042492
4633 0.147664
4707 0.109736
4734 0.031819
4764 0.059222
4916 0.065162
5100 0.036006
5229 0.140661
5399 0.324024
5488 0.250397
5945 0.058650
5948 0.044346
6112 0.025765
6153 0.082600
6156 0.140661
6192 0.089295
6193 0.073832
6217 0.247978
6232 0.232307
6280 0.120221
6291 0.041423
6293 0.131616
6317 0.036108
6466 0.110502
6539 0.125198
6544 0.116153
6816 0.050273
6858 0.116184
6900 0.131616
6901 0.109736
7089 0.140661
7095 0.094273
7111 0.025636
7118 0.062799
7123 0.059809
7192 0.116153
7237 0.109736
7257 0.092920
7389 0.073281
7404 0.057818
7598 0.102631
7655 0.047367
7694 0.239459
7806 0.140661
7994 0.125198
8061 0.091645
8073 0.083442
8098 0.064055
8227 0.041951
8292 0.115096
8394 0.063347
8404 0.026825
8445 0.081789
8498 0.068854
8624 0.116153
8826 0.009106
8916 0.095712
9040 0.094273
9047 0.042629
9061 0.135108
9088 0.100690
9104 0.045885
9132 0.075192
9138 0.069235
9198 0.394848
9250 0.100690
9280 0.059513
9319 0.156124
9346 0.109736
9348 0.140661
9366 0.068854
9400 0.120221
9407 0.065543
9469 0.084317
9473 0.076182
9686 0.109736
9783 0.044645
9811 0.046696
9842 0.097252
9999 0.061348
10125 0.074397
10143 0.104758
10190 0.140661
10302 0.074397
10423 0.035904
10434 0.104758
10465 0.068854
10509 0.036211
10715 0.072744
10982 0.131616
11115 0.076182
11152 0.045885
11249 0.191425
11349 0.065931
11423 0.041951
11451 0.363296
11458 0.087808
11466 0.114033
11501 0.064418
11503 0.090824
11522 0.174337
11600 0.018075
11611 0.082600
