49

139 0.152484
194 0.090430
404 0.068157
429 0.201006
656 0.379927
911 0.292556
992 0.144825
1896 0.168652
3577 0.379927
4145 0.197127
4237 0.152484
4266 0.131580
4374 0.226121
4413 0.125749
4526 0.205184
4633 0.179669
4734 0.077432
4943 0.071568
5227 0.161403
5399 0.197127
5444 0.249753
5529 0.161679
6112 0.062699
6153 0.201006
6193 0.179669
6217 0.150863
6291 0.100802
6466 0.134453
6828 0.089649
6964 0.220083
7118 0.076410
7297 0.191783
7598 0.249753
7655 0.115268
8069 0.379927
8487 0.193507
8605 0.092298
9047 0.103737
9104 0.111661
9378 0.173275
9441 0.342298
9677 0.158570
10378 0.170847
10544 0.166480
11115 0.185389
11451 0.110510
11458 0.213681
11503 0.221020
11600 0.087971
