114

127 1.437354
139 1.219870
413 1.717195
661 5.910408
839 1.405946
960 2.132573
1355 2.261263
1440 2.562293
1492 1.520900
1641 2.598103
1974 5.215152
2502 1.395961
2575 0.956629
2585 1.471212
2762 0.940080
2768 1.010030
2801 1.200565
2960 2.085172
2995 10.467423
3034 2.716346
3035 1.808965
3275 1.222559
3285 1.577016
3573 0.788994
3682 1.893286
3691 1.485498
4014 3.039414
4071 1.018225
4237 2.439740
4266 1.052642
4633 10.061479
4693 1.925471
5023 1.070931
5158 2.738384
5266 2.136324
5270 1.395961
5394 0.995670
5572 1.696991
5833 0.998169
5849 1.426630
5867 1.808965
5945 1.141787
5947 1.247022
6153 1.608050
6193 2.874708
6217 1.206905
6291 2.419254
6300 1.592256
6572 4.602792
6864 0.872539
7095 1.835294
7111 0.499085
7118 3.667676
7150 1.957433
7182 1.331844
7238 1.925471
7374 1.358173
7394 2.853261
7395 2.340444
7598 1.998021
7655 4.610714
7656 1.315138
7794 1.448350
7928 1.863323
7987 1.376656
7988 1.960233
8111 1.035093
8186 6.192210
8222 7.312062
8272 0.884078
8343 0.986336
8368 1.998021
8426 3.039414
8494 1.291226
8598 5.476768
8616 1.367316
8784 0.932204
8826 1.240979
9047 1.659798
9061 5.260553
9079 9.373757
9118 1.548052
9317 3.039414
9366 5.361776
9378 1.386202
9407 2.551972
9618 0.960233
9908 1.562293
9944 1.182082
9946 15.197071
9989 2.437354
9999 1.194316
10132 1.835294
10249 1.927734
10378 0.683388
10406 2.340444
10415 1.659203
10423 0.698970
10465 2.680888
10467 2.738384
10537 1.534264
10544 1.331844
10644 1.863323
10856 1.925471
10858 2.437354
10947 1.960233
11115 1.483112
11451 1.768156
11457 1.677686
11458 2.564168
11502 2.028217
11503 2.652234
11532 0.652024
11600 0.703770
