330

5 1.471212
36 1.323411
67 1.998021
71 0.878046
85 1.299051
97 1.818161
106 1.784142
109 2.466468
122 0.978716
148 1.120336
157 1.358173
186 0.971228
199 1.349218
213 1.681514
255 3.568283
259 1.367316
304 2.209831
318 1.649141
401 1.608050
404 1.090519
458 1.494316
536 2.717626
612 1.577016
665 0.632874
668 1.608050
689 1.268562
763 4.924422
895 0.846290
897 0.860437
913 4.157656
917 0.574031
921 1.548052
950 1.641474
984 2.562293
1028 1.376656
1042 1.863323
1044 1.291226
1074 1.120336
1133 2.738384
1152 1.893286
1275 1.291226
1278 1.268562
1284 1.080373
1307 1.835294
1333 0.811527
1487 1.676034
1532 1.558685
1540 2.085172
1592 2.240672
1605 0.893286
1643 1.043779
1661 2.562293
1721 0.747158
1736 2.261263
1744 1.426630
1797 1.405909
1798 1.176091
1803 1.254084
1804 1.323411
1807 0.928824
1831 0.767573
1856 2.136324
1872 0.638014
1900 1.507935
1903 2.039414
1995 1.141787
2024 1.022381
2028 1.548052
2042 1.349218
2048 3.670588
2067 1.261263
2071 0.971228
2073 1.376656
2082 3.154032
2115 0.922143
2121 1.925471
2131 2.036450
2161 1.367316
2165 1.617930
2170 1.893286
2248 1.141787
2259 1.279891
2268 2.281982
2291 2.039414
2310 2.738384
2339 1.147320
2340 2.036450
2344 3.921061
2353 3.568283
2507 1.141348
2539 1.130929
2552 1.043779
2572 0.884078
2627 1.530513
2690 0.974956
2720 1.052642
2779 2.437354
2886 1.577016
3006 1.760661
3019 2.261263
3095 1.181416
3102 1.608050
3121 0.784142
3150 1.176091
3203 1.695594
3204 1.136324
3275 1.222559
3374 1.170182
3394 3.015870
3401 2.680888
3402 2.646822
3414 1.109995
3489 1.405946
3495 1.170182
3542 1.677686
3567 0.711035
3652 2.738384
3708 2.738384
3826 1.405946
3841 0.954243
3850 1.516762
3869 1.416165
3938 2.466468
3951 4.934723
4005 1.094931
4063 1.094931
4215 1.497254
4226 2.085172
4246 1.925471
4266 1.052642
4297 1.784142
4396 1.520900
4423 1.960233
4573 1.631609
4613 1.805387
4645 1.061691
4699 2.437354
4708 0.689166
4711 1.960233
4715 2.261263
4764 1.152923
4830 1.426630
4842 1.624441
4901 2.708081
4903 4.644157
4906 1.808965
4928 1.624441
4964 1.057143
4969 1.141787
4970 4.101949
5064 1.182082
5067 1.164353
5083 2.698436
5100 1.401915
5133 1.507935
5141 1.624441
5174 3.015870
5193 6.953536
5212 2.194316
5324 0.971228
5491 0.404937
5562 2.734633
5569 18.478384
5692 0.753857
5701 1.331844
5712 0.967532
5734 2.249171
5749 0.967532
5753 2.600992
5758 1.219870
5795 1.170182
5821 1.837680
5826 1.130929
5833 0.499085
5880 0.835294
5925 1.624441
5945 1.141787
5948 0.863323
6023 1.416165
6070 0.742749
6167 1.109995
6170 1.998021
6281 1.206905
6291 0.806418
6346 1.395961
6409 2.039414
6436 22.807733
6441 4.170343
6456 1.612836
6466 1.075626
6535 1.608050
6792 2.597931
6796 1.367316
6820 1.863323
6860 1.254084
6864 2.181349
6874 1.000676
6962 2.401130
6963 3.039414
6984 1.738384
7018 1.925471
7021 2.085172
7059 1.835294
7060 2.796612
7062 0.687865
7124 1.562293
7182 1.331844
7238 1.925471
7377 5.103945
7385 1.539802
7448 2.085172
7460 0.990196
7498 0.710934
7655 2.766428
7664 2.413810
7709 3.397893
7756 1.641474
7760 1.333004
7765 2.039414
7788 3.181270
7859 1.507134
7861 1.393983
7864 1.170182
7887 1.942457
7915 1.043779
7920 1.039414
7929 1.520900
7945 1.738384
7948 1.376656
7951 1.960233
7974 1.562293
7981 2.776412
8029 2.261263
8048 1.188156
8140 1.960233
8170 2.261263
8227 0.816698
8237 1.170182
8282 2.340444
8351 2.466468
8378 5.124586
8404 1.566655
8419 2.283574
8455 0.872539
8539 1.336693
8629 1.426630
8646 1.863323
8684 3.805686
8759 1.483112
8784 1.864408
8785 1.698165
8826 1.772827
8874 6.617054
8879 1.659203
8919 1.521321
8931 0.266359
8956 1.080373
9052 0.843514
9059 0.542484
9062 3.226879
9065 0.915562
9114 1.349218
9115 2.209831
9116 2.364163
9328 0.915562
9329 1.507935
9333 1.426630
9444 1.878087
9521 1.483112
9552 2.261263
9619 1.760661
9634 2.494045
9642 1.283539
9668 1.717195
9718 1.405946
9725 1.213339
9761 1.670588
9767 1.701236
9811 0.909080
9866 3.039414
9873 1.376656
9903 0.793901
9907 1.520900
9908 1.562293
9933 1.075626
9938 2.136324
9959 2.738384
9982 2.437354
9999 1.194316
10030 1.534264
10058 2.425779
10126 1.998021
10214 1.925471
10276 0.808965
10397 0.846290
10423 1.397940
10487 0.596934
10497 2.738384
10505 1.507935
10589 1.315138
10619 1.586607
10621 1.125600
10627 1.562293
10635 1.677686
10701 0.786561
10887 1.268562
10890 1.396149
10917 1.608050
11035 2.340444
11121 1.200163
11152 2.679858
11176 2.437354
11194 2.028217
11228 1.141787
11242 1.048188
11290 1.548052
11306 1.178330
11310 2.085172
11332 0.715132
11396 0.942504
11397 2.924868
11445 1.738384
11466 1.109995
11475 1.459631
11485 2.340444
11523 0.538355
11532 0.652024
11600 1.055655
11636 4.657411
11637 5.572946
