197

144 2.738384
194 0.723444
199 1.349218
204 1.315138
262 2.340444
346 0.506660
508 0.774596
592 1.717195
625 1.925471
861 3.039414
960 1.066286
987 3.039414
1027 5.476768
1074 1.120336
1132 0.632874
1296 1.949912
1344 2.136324
1370 1.109995
1387 1.085172
1455 1.349218
1481 2.562293
1487 1.676034
1542 1.628210
1569 2.194316
1592 1.120336
1605 0.893286
1609 1.115135
1611 1.659203
1616 1.483112
1684 17.061479
1724 2.437354
1803 1.254084
1831 0.767573
1947 2.209831
1997 1.483112
2076 1.448350
2084 0.990196
2165 1.617930
2259 1.706521
2299 2.562293
2473 1.026577
2507 0.760899
2530 0.717195
2548 1.026577
2576 0.854723
2578 2.340444
2637 3.039414
2750 2.738384
2763 1.512226
2824 1.158601
2851 1.170182
2853 2.085172
3037 1.738384
3045 1.925471
3095 1.181416
3130 2.994064
3144 1.592256
3150 1.176091
3156 1.376656
3316 1.233234
3392 2.194316
3420 2.039414
3531 0.788994
3555 8.545297
3567 1.422069
3603 1.738384
3626 0.967532
3659 2.261263
3863 1.960233
4071 1.018225
4179 2.966223
4282 3.039414
4315 1.512226
4317 1.254084
4342 7.136566
4362 1.367316
4425 3.039414
4462 1.141787
4471 2.261263
4542 1.416165
4573 0.543870
4677 0.539727
4681 1.677686
4690 3.039414
4770 1.261263
4788 2.437354
4943 0.572546
5143 0.902694
5358 1.808965
5491 1.619747
5492 1.717195
5532 0.887126
5617 2.562293
5678 1.972671
5681 1.147320
5689 0.838017
5734 0.562293
5753 1.300496
5754 1.738384
5821 2.756521
5851 1.692579
5948 0.863323
6070 1.485498
6129 1.960233
6205 1.459631
6357 3.039414
6415 0.928824
6421 0.590708
6433 0.758381
6463 1.448350
6530 2.562293
6577 3.039414
6649 1.471212
6704 1.808965
6761 3.039414
6792 0.519586
6799 1.358173
6816 0.978716
6864 0.436270
6962 1.200565
7008 0.878046
7060 0.932204
7082 1.147320
7150 1.957433
7166 2.340444
7238 1.925471
7314 3.039414
7385 0.769901
7389 1.426630
7411 1.786572
7460 0.990196
7498 2.132802
7504 2.261263
7515 1.405946
7636 2.039414
7709 2.718315
7713 1.416165
7738 1.066286
7788 0.530212
7798 4.874708
7810 2.562293
7933 2.562293
7972 1.254084
8059 1.090024
8150 1.099895
8340 2.194316
8352 0.854723
8396 3.216101
8482 1.043779
8483 2.039414
8486 4.680888
8547 1.925471
8605 0.738384
8606 3.039414
8662 1.188156
8688 2.194316
8693 2.340444
8710 19.168689
8723 2.738384
8767 0.704960
8826 0.886414
8857 5.469265
8858 8.296014
8909 1.577016
8919 1.521321
8930 1.048188
8931 0.266359
9326 1.641474
9328 0.915562
9366 1.340444
9379 1.471212
9461 1.442702
9662 1.677686
9690 1.592256
9704 1.696991
9761 0.835294
10017 0.928824
10036 0.736218
10293 3.039414
10305 2.896699
10378 0.683388
10397 0.846290
10401 1.022381
10475 1.079454
10502 1.835294
10701 0.786561
10818 1.299051
11015 1.075626
11062 2.437354
11194 2.028217
11256 0.779343
11308 3.039414
11333 2.340444
11505 1.426630
11523 1.076710
11553 2.738384
11600 1.055655
