133

7 0.176027
63 0.061710
103 0.079576
127 0.093763
178 0.123504
630 0.144476
697 0.053446
839 0.091714
857 0.075579
1002 0.085261
1044 0.084230
1053 0.130725
1091 0.130337
1102 0.081347
1112 0.049920
1151 0.143141
1255 0.114853
1451 0.107078
1495 0.104898
1499 0.068667
1515 0.158995
1591 0.178632
1940 0.075476
2259 0.027830
2278 0.079576
2335 0.119449
2338 0.133037
2487 0.167146
2510 0.158995
2519 0.085790
2536 0.089194
2551 0.182125
2697 0.104898
2762 0.061324
2763 0.049323
2983 0.089194
3049 0.119721
3208 0.198270
3301 0.127871
3473 0.100142
3485 0.097546
3492 0.090421
3501 0.167146
3546 0.063844
3627 0.081807
3637 0.074126
3691 0.048452
3783 0.095971
4041 0.119721
4179 0.193495
4195 0.076334
4362 0.089194
4677 0.035208
4734 0.040409
5320 0.118604
5394 0.032475
5491 0.052830
5496 0.063844
5529 0.042187
5623 0.152674
5723 0.108234
5821 0.059939
5833 0.032557
5953 0.251208
5976 0.113400
5988 0.127871
6016 0.109440
6071 0.040409
6270 0.147509
6291 0.052605
6324 0.095971
6559 0.130207
6605 0.095216
6634 0.198270
6806 0.088415
6874 0.032638
7047 0.079150
7050 0.075954
7118 0.039875
7135 0.136022
7217 0.051950
7406 0.396539
7497 0.061482
7594 0.098367
7625 0.118004
7649 0.178632
7978 0.071749
8027 0.088597
8136 0.178632
8241 0.066422
8292 0.073083
8410 0.085261
8455 0.028459
8767 0.045987
8829 0.169208
8931 0.017375
9025 0.136022
9065 0.059725
9097 0.061256
9171 0.103867
9242 0.245881
9246 0.125604
9255 0.091714
9280 0.075579
9292 0.198270
9379 0.095971
9571 0.198270
9592 0.069860
9635 0.100984
9747 0.061710
9761 0.054489
9767 0.018496
9774 0.062404
9796 0.103867
9811 0.059302
10067 0.066422
10163 0.116385
10326 0.047745
10396 0.066153
10475 0.035208
10530 0.075954
10565 0.087441
10718 0.112017
10831 0.198270
10906 0.198270
11025 0.044455
11026 0.198270
11153 0.093763
11267 0.097546
11298 0.077111
11304 0.121550
11401 0.266073
11465 0.198270
