176

23 0.039134
36 0.050863
64 0.054830
213 0.032313
228 0.051855
313 0.055665
420 0.068570
508 0.059540
553 0.030137
638 0.071613
791 0.046385
857 0.044529
871 0.098477
895 0.065051
993 0.082106
1002 0.100466
1074 0.043058
1255 0.067668
1296 0.074941
1316 0.074002
1321 0.080140
1370 0.127982
1455 0.051855
1487 0.032208
1542 0.031289
1636 0.042858
1797 0.027017
1803 0.048198
1856 0.082106
1872 0.024521
1924 0.567783
1947 0.084931
1962 0.093675
1988 0.078381
2154 0.026046
2161 0.052550
2165 0.031091
2244 0.054035
2259 0.147571
2313 0.104398
2342 0.055665
2355 0.098477
2404 0.105245
2421 0.037908
2455 0.065482
2507 0.014622
2518 0.031691
2696 0.052529
2718 0.049040
2720 0.040456
2806 0.039782
2824 0.044529
2885 0.105245
2962 0.056543
3095 0.022703
3130 0.076714
3150 0.045201
3156 0.052909
3179 0.029680
3274 0.058453
3275 0.093973
3378 0.233628
3386 0.047660
3455 0.045665
3473 0.029500
3567 0.027327
3673 0.103709
3760 0.057001
3770 0.051855
3784 0.071613
3850 0.029147
3908 0.056543
4215 0.019181
4267 0.060610
4337 0.064479
4413 0.038663
4420 0.130441
4467 0.070536
4492 0.116814
4573 0.041805
4627 0.068570
4677 0.124460
4681 0.064479
4869 0.060610
4943 0.022005
4945 0.148004
4987 0.122391
5007 0.067668
5100 0.026940
5133 0.057955
5307 0.079235
5309 0.105245
5394 0.019133
5491 0.015563
5620 0.052909
5657 0.054428
5678 0.037908
5681 0.044095
5885 0.190199
5948 0.033180
6070 0.028546
6071 0.047615
6112 0.038556
6132 0.116814
6291 0.030993
6395 0.089951
6433 0.029147
6570 0.038357
6649 0.226173
6650 0.086907
6779 0.061195
6816 0.037615
6965 0.044095
7062 0.013218
7111 0.019181
7154 0.052909
7217 0.061214
7374 0.052199
7498 0.027323
7501 0.161825
7589 0.048474
7635 0.027094
7647 0.093675
7847 0.035828
7859 0.011585
7881 0.059496
7920 0.039948
7925 0.175359
7948 0.052909
8059 0.209465
8183 0.054035
8259 0.065221
8292 0.043058
8295 0.052199
8340 0.084334
8548 0.105245
8580 0.069524
8641 0.144595
8711 0.058453
8725 0.070536
8826 0.013627
8857 0.315301
8858 0.255073
8871 0.091329
8919 0.029235
9104 0.068664
9138 0.025901
9160 0.084334
9410 0.093675
9452 0.056098
9461 0.027724
9592 0.123478
9686 0.082106
9767 0.043589
9871 0.046632
9944 0.045431
9994 0.076790
10067 0.039134
10086 0.041340
10397 0.032526
10423 0.026864
10558 0.053276
10559 0.063768
10591 0.046141
10619 0.020326
10651 0.047397
10682 0.084334
10890 0.071544
11062 0.093675
11177 0.057955
11306 0.022643
11349 0.049330
11470 0.070536
11523 0.020691
11526 0.102639
11600 0.013524
