138

540 0.117197
661 0.054067
726 0.086597
764 0.072131
875 0.261121
965 0.044086
1028 0.062967
1102 0.057037
1440 0.117197
1590 0.103428
1605 0.040858
1641 0.059417
1643 0.047741
1677 0.077619
1829 0.139020
1849 0.274162
1872 0.087546
2264 0.065743
2268 0.034792
2357 0.107049
2502 0.574648
2507 0.017401
2572 0.040437
2575 0.043755
2596 0.076736
2666 0.089659
2768 0.046198
2960 0.095374
2967 0.066762
3132 0.089659
3133 0.125251
3214 0.222964
3218 0.070176
3299 0.080531
3364 0.097713
3417 0.049198
3473 0.070216
3573 0.072176
3580 0.234393
3616 0.139020
3675 0.117197
3691 0.101918
3726 0.100366
3885 0.058708
3891 0.120306
3951 0.032244
3990 0.125251
4033 0.293539
4145 0.072131
4196 0.033575
4211 0.041728
4279 0.079512
4285 0.117197
4295 0.107049
4313 0.089659
4374 0.082740
4453 0.111482
4633 0.065743
4663 0.040717
5182 0.107049
5266 0.097713
5494 0.159024
5591 0.083944
5620 0.062967
5732 0.035976
5833 0.022828
5849 0.065253
5888 0.234393
5926 0.031970
5948 0.078975
5949 0.042027
6097 0.050081
6112 0.022942
6136 0.073551
6192 0.079512
6193 0.065743
6217 0.552026
6293 0.117197
6317 0.032152
6368 0.117197
6466 0.049198
6749 0.139020
6828 0.032804
7011 0.117197
7085 0.095374
7118 0.027959
7123 0.053256
7558 0.139020
7619 0.206856
7655 0.126533
7656 0.060153
7694 0.071075
7788 0.024251
7876 0.070806
8022 0.093281
8046 0.055796
8061 0.081605
8111 0.047344
8157 0.042951
8227 0.037355
8779 0.111482
8822 0.072131
8826 0.024326
8999 0.083944
9047 0.037959
9061 0.120306
9118 0.070806
9130 0.105324
9138 0.061649
9198 0.117197
9280 0.052993
9313 0.274162
9347 0.117197
9610 0.125251
9944 0.108134
9954 0.103428
10162 0.117197
10279 0.046013
10285 0.093281
10382 0.117197
10423 0.063940
10476 0.078543
10537 0.140351
10544 0.060917
10651 0.056407
11115 0.067836
11121 0.027447
11152 0.081716
11316 0.139020
11451 0.080874
11458 0.078188
11466 0.050770
11502 0.046384
11503 0.040437
11588 0.125251
11600 0.032190
11625 0.050538
11628 0.103428
