216

139 0.109992
148 0.033672
183 0.369860
308 0.027518
346 0.015228
391 0.040821
394 0.056003
404 0.032776
413 0.051611
443 0.056904
511 0.061296
660 0.050424
661 0.035528
697 0.024625
764 0.047398
802 0.099737
875 0.377489
911 0.140687
1028 0.041376
1122 0.082304
1231 0.122913
1243 0.067964
1269 0.028224
1284 0.032471
1285 0.040552
1400 0.041957
1492 0.045712
1516 0.047398
1590 0.067964
1641 0.117132
1698 0.366281
1767 0.054370
1849 0.060052
1899 0.046528
1997 0.044576
2008 0.046528
2268 0.068586
2435 0.056904
2473 0.030854
2502 0.083913
2504 0.038351
2539 0.033991
2572 0.026572
2575 0.057504
2585 0.088437
2690 0.029303
2762 0.014127
2818 0.049336
2969 0.055161
2995 0.044944
3024 0.082304
3095 0.017754
3122 0.046001
3125 0.051004
3131 0.045322
3179 0.023210
3214 0.073256
3218 0.046113
3254 0.077011
3275 0.036745
3366 0.041096
3460 0.048824
3473 0.023070
3498 0.043870
3542 0.050424
3580 0.077011
3626 0.029080
3634 0.043870
3637 0.102459
3651 0.058916
3700 0.038578
3727 0.048331
3891 0.118582
3951 0.021188
4018 0.082304
4033 0.270043
4071 0.030603
4126 0.051611
4190 0.073256
4211 0.054840
4237 0.036664
4444 0.050424
4466 0.061296
4547 0.143569
4580 0.077011
4727 0.057871
4734 0.074473
4746 0.055161
4838 0.073256
4845 0.146513
5025 0.050539
5181 0.060052
5270 0.041957
5301 0.060052
5358 0.108739
5379 0.054370
5394 0.044888
5398 0.065952
5425 0.077011
5482 0.056904
5494 0.052248
5496 0.029416
5572 0.051004
5579 0.082304
5589 0.077011
5732 0.047281
5792 0.029303
5833 0.030001
5849 0.042878
5880 0.025105
5888 0.077011
5945 0.034317
5947 0.037480
5949 0.027616
6071 0.018618
6136 0.048331
6179 0.082304
6188 0.082304
6192 0.104497
6217 0.253920
6291 0.096950
6317 0.021128
6368 0.077011
6369 0.073256
6402 0.064209
6466 0.032329
6504 0.026211
6828 0.021556
6858 0.033991
6893 0.061296
7011 0.077011
7077 0.056904
7111 0.015000
7118 0.073490
7394 0.042878
7399 0.082304
7411 0.026848
7428 0.039044
7439 0.049336
7452 0.082304
7549 0.043870
7587 0.046956
7619 0.067964
7655 0.083147
7656 0.039527
7694 0.046704
7893 0.246912
7915 0.031371
7988 0.058916
8016 0.056447
8018 0.067964
8061 0.053624
8073 0.048824
8111 0.031110
8117 0.094797
8137 0.048331
8227 0.024546
8292 0.033672
8529 0.032048
8539 0.020088
8605 0.044385
8626 0.073256
8661 0.082304
8738 0.082304
8784 0.028018
8791 0.082304
8822 0.047398
8826 0.047955
8867 0.516513
8884 0.061296
8924 0.036468
8961 0.077011
8999 0.055161
9047 0.049886
9061 0.197637
9065 0.027518
9130 0.046140
9138 0.202553
9146 0.093911
9347 0.077011
9381 0.033831
9407 0.076701
9438 0.093911
9469 0.049336
9607 0.104497
9612 0.057871
9643 0.035171
9865 0.023936
9899 0.055161
10046 0.082304
10134 0.049336
10162 0.077011
10333 0.062671
10434 0.122592
10461 0.047398
10465 0.040288
10476 0.051611
10530 0.034995
10544 0.040029
10563 0.083326
10566 0.056904
10619 0.015896
10715 0.042564
10734 0.082304
11067 0.062671
11121 0.018036
11200 0.037908
11249 0.112007
11306 0.035415
11376 0.027905
11458 0.051378
11466 0.133447
11502 0.030480
11503 0.079715
11523 0.016181
11631 0.082304
