221

139 0.108151
148 0.033109
183 0.363671
308 0.027057
346 0.014973
391 0.040138
394 0.055066
404 0.032228
413 0.050748
443 0.055952
511 0.060270
660 0.049580
661 0.034934
697 0.024213
764 0.046605
802 0.098068
875 0.404915
911 0.138333
1028 0.040684
1122 0.080927
1231 0.120856
1243 0.066826
1269 0.027751
1284 0.031928
1285 0.039873
1400 0.041254
1492 0.044947
1516 0.046605
1590 0.066826
1641 0.115171
1698 0.360152
1767 0.053460
1849 0.059047
1899 0.045749
1997 0.043830
2008 0.045749
2268 0.067439
2435 0.055952
2473 0.030338
2502 0.082509
2504 0.037709
2539 0.033422
2572 0.026127
2575 0.056542
2585 0.086957
2690 0.028813
2762 0.013891
2818 0.048510
2969 0.054238
2995 0.044192
3024 0.080927
3095 0.017457
3122 0.045231
3125 0.050151
3131 0.044564
3179 0.022822
3214 0.072030
3218 0.045342
3247 0.080927
3254 0.075723
3275 0.036130
3366 0.040408
3460 0.048007
3473 0.022684
3498 0.043136
3542 0.049580
3580 0.075723
3626 0.028593
3634 0.043136
3637 0.100744
3651 0.057930
3700 0.037932
3727 0.047522
3891 0.116598
3904 0.044564
3951 0.020833
4018 0.080927
4033 0.265524
4071 0.030091
4126 0.050748
4190 0.072030
4211 0.053922
4237 0.036050
4444 0.049580
4466 0.060270
4547 0.141166
4580 0.151445
4727 0.056903
4734 0.073227
4746 0.054238
4838 0.072030
4845 0.144061
5025 0.049693
5181 0.059047
5270 0.041254
5301 0.059047
5358 0.106920
5379 0.053460
5394 0.044137
5398 0.064848
5425 0.075723
5482 0.055952
5494 0.051374
5496 0.028924
5572 0.050151
5579 0.080927
5589 0.075723
5732 0.046490
5792 0.028813
5833 0.029499
5849 0.042161
5880 0.024685
5888 0.075723
5918 0.089823
5945 0.033743
5947 0.036853
5949 0.027154
6071 0.018307
6136 0.047522
6179 0.080927
6188 0.080927
6192 0.102748
6217 0.249671
6291 0.095327
6317 0.020774
6368 0.075723
6369 0.072030
6402 0.063134
6466 0.031788
6504 0.025773
6572 0.045342
6828 0.021195
6858 0.033422
6893 0.060270
7011 0.075723
7077 0.055952
7111 0.014749
7118 0.072260
7394 0.042161
7399 0.080927
7411 0.026399
7428 0.038390
7439 0.048510
7452 0.080927
7549 0.043136
7587 0.046170
7619 0.066826
7655 0.109007
7656 0.038866
7694 0.045923
7893 0.242780
7915 0.030846
7988 0.057930
8016 0.055503
8018 0.066826
8061 0.052726
8073 0.048007
8111 0.030590
8117 0.093210
8137 0.047522
8227 0.024136
8292 0.033109
8529 0.031512
8539 0.019751
8605 0.043642
8626 0.072030
8661 0.080927
8738 0.080927
8784 0.027549
8791 0.080927
8822 0.046605
8826 0.047153
8867 0.507870
8884 0.060270
8924 0.035857
8961 0.075723
8999 0.054238
9047 0.049052
9061 0.194329
9065 0.027057
9079 0.046170
9130 0.045368
9138 0.199163
9146 0.092340
9347 0.075723
9381 0.033265
9407 0.075418
9438 0.092340
9469 0.048510
9607 0.102748
9612 0.056903
9643 0.034582
9865 0.023535
9899 0.054238
10046 0.080927
10134 0.048510
10162 0.075723
10333 0.061622
10434 0.120540
10461 0.046605
10465 0.039614
10476 0.050748
10530 0.034410
10544 0.039360
10563 0.081932
10566 0.055952
10619 0.015630
10715 0.041852
10734 0.080927
11067 0.061622
11121 0.017734
11200 0.037274
11249 0.110132
11306 0.034823
11376 0.027438
11458 0.050519
11466 0.131213
11502 0.029970
11503 0.078381
11523 0.015910
11631 0.080927
