63

139 1.219870
183 1.367316
413 1.717195
511 2.039414
619 2.562293
661 1.182082
960 1.066286
1400 1.395961
1492 1.520900
1698 2.437354
1896 2.698436
2021 1.437354
2022 1.717195
2502 1.395961
2585 1.471212
2762 0.940080
3054 1.331844
3417 1.075626
3626 1.935064
3818 0.704960
3891 1.315138
3951 0.704960
4526 3.282948
4838 2.437354
5270 1.395961
5275 5.124586
5358 1.808965
5387 5.124586
5399 1.577016
5529 0.646717
5572 1.696991
5625 1.534264
5700 2.738384
5833 0.499085
5849 1.426630
6071 0.619458
6136 1.608050
6570 3.992086
7118 0.611279
7256 3.039414
7308 1.562293
7533 2.039414
7655 3.688571
7656 1.315138
7908 5.880699
7928 1.863323
8157 0.939044
8230 1.808965
8336 2.738384
8822 1.577016
8867 1.562293
9047 0.829899
9061 1.315138
9138 0.673926
9677 3.805686
10302 1.448350
10378 0.683388
10465 1.340444
10812 3.039414
11121 0.600081
11376 0.464226
11599 1.925471
11611 3.216101
