190

26 0.035938
74 0.031628
79 0.030945
98 0.035782
111 0.081699
186 0.032592
198 0.038690
218 0.053963
226 0.067049
423 0.083228
455 0.025298
470 0.061588
475 0.135830
478 0.065781
508 0.025994
596 0.045577
602 0.048982
630 0.055742
634 0.124154
917 0.077053
965 0.129381
1002 0.043861
1103 0.078540
1106 0.097777
1132 0.084951
1258 0.041614
1495 0.053963
1507 0.045577
1532 0.026153
1542 0.054639
1631 0.205315
1636 0.037421
1721 0.025073
1789 0.051487
1796 0.048982
1816 0.143624
1872 0.042821
1895 0.050181
1902 0.034031
1929 0.389976
1940 0.174724
1950 0.051487
1981 0.094191
2046 0.034169
2052 0.091768
2058 0.030186
2186 0.053963
2294 0.177252
2335 0.030724
2507 0.012767
2550 0.026892
2552 0.035027
2576 0.172096
2651 0.026314
2696 0.022933
2708 0.034735
2725 0.062529
2762 0.015774
2832 0.064615
2889 0.065781
2974 0.050181
3243 0.033625
3313 0.050603
3322 0.046845
3384 0.045277
3473 0.051516
3488 0.075883
3494 0.071690
3558 0.040501
3567 0.023861
3593 0.067049
3603 0.116673
3691 0.049850
3841 0.016011
3951 0.118285
4148 0.032844
4215 0.016748
4336 0.091894
4347 0.134098
4458 0.105081
4613 0.030292
4831 0.065781
4894 0.068438
4916 0.042570
4924 0.073636
4964 0.035475
4978 0.050181
5012 0.027760
5064 0.039668
5081 0.034592
5112 0.032223
5135 0.039854
5178 0.027940
5307 0.138367
5491 0.013589
5504 0.060705
5753 0.021821
5864 0.239487
5926 0.023456
6070 0.024925
6071 0.020788
6162 0.048603
6274 0.040288
6308 0.025148
6421 0.059469
6799 0.045577
6802 0.033759
6806 0.022742
6812 0.082317
6816 0.032844
6823 0.052427
6828 0.024067
6836 0.081792
7008 0.029465
7024 0.069974
7061 0.016051
7062 0.046166
7120 0.027940
7340 0.123177
7450 0.046198
7490 0.047180
7532 0.042325
7635 0.023657
7641 0.021702
7653 0.059084
7745 0.081185
7812 0.050603
7847 0.031283
7853 0.085985
7874 0.042819
7877 0.053963
7978 0.073820
7989 0.070350
8027 0.091155
8234 0.042819
8245 0.034880
8284 0.047875
8338 0.063965
8387 0.028683
8446 0.069974
8455 0.029281
8470 0.038690
8759 0.049770
8766 0.073636
8826 0.053543
8829 0.043523
8920 0.036579
8930 0.035175
8931 0.008938
9024 0.245377
9052 0.056613
9059 0.072818
9097 0.031512
9130 0.025758
9132 0.024562
9242 0.126489
9461 0.072621
9538 0.035324
9579 0.044133
9596 0.040717
9618 0.064447
9623 0.033360
9767 0.009515
9770 0.034309
9905 0.053963
10000 0.048603
10011 0.061588
10017 0.031169
10039 0.073636
10058 0.020351
10067 0.034169
10325 0.034592
10326 0.196493
10401 0.205853
10458 0.043593
10475 0.018112
10581 0.093036
10592 0.064615
10738 0.085985
10882 0.085985
10917 0.053963
11025 0.022869
11124 0.055679
11267 0.050181
11306 0.019771
11355 0.053433
11451 0.029668
11532 0.021881
11566 0.047180
11605 0.022121
