66

109 0.098423
198 0.092013
458 0.059630
633 0.096322
2042 0.107679
2082 0.251719
2259 0.034049
2348 0.076347
2572 0.070557
2626 0.094340
2762 0.037513
2851 0.093391
3122 0.061074
3203 0.090215
3495 0.093391
3850 0.060525
3951 0.112524
4257 0.194522
4842 0.129644
4928 0.129644
5193 0.277476
5324 0.077512
5569 0.327719
5734 0.044876
5735 0.120346
6308 0.059807
6421 0.047144
6436 0.364051
6456 0.064359
6587 0.049703
6828 0.057238
6864 0.104454
7021 0.166415
7062 0.027449
7377 0.101835
7460 0.079026
7635 0.056262
7641 0.051614
7709 0.054236
7788 0.042315
7861 0.055626
8103 0.218547
8404 0.041678
8785 0.067764
8826 0.014149
8919 0.121415
8931 0.063773
9116 0.188681
9444 0.074944
9623 0.079337
9767 0.022629
9872 0.091125
9999 0.095317
10000 0.115591
10112 0.180468
10224 0.138738
10276 0.129125
10352 0.077512
10487 0.047641
10581 0.110631
10890 0.037142
11242 0.083655
11256 0.062198
11458 0.068214
11475 0.116491
11637 0.296513
