245

65 0.048566
70 0.064557
74 0.029834
97 0.028776
98 0.033753
103 0.077229
122 0.030981
126 0.086682
127 0.136496
188 0.035464
194 0.045800
195 0.071579
198 0.036495
199 0.042709
346 0.048114
404 0.034520
418 0.026101
468 0.081108
526 0.100804
586 0.023651
897 0.081710
992 0.036675
1109 0.052521
1140 0.057262
1269 0.029725
1385 0.033180
1409 0.049003
1542 0.077310
1609 0.035299
1662 0.060950
1792 0.069460
1859 0.268753
1872 0.020196
1879 0.069460
1911 0.154306
2052 0.086563
2062 0.042159
2091 0.038614
2110 0.056476
2115 0.116760
2116 0.050402
2131 0.032231
2145 0.066005
2174 0.090169
2246 0.157563
2248 0.036143
2278 0.077229
2504 0.040391
2507 0.036129
2524 0.066360
2525 0.071579
2542 0.096211
2550 0.050734
2554 0.042992
2633 0.034659
2651 0.024822
2662 0.077153
2762 0.044637
2827 0.077153
2954 0.029616
2999 0.066005
3095 0.018699
3122 0.024224
3275 0.019350
3409 0.059931
3437 0.045499
3459 0.107435
3473 0.024297
3531 0.024975
3562 0.098907
3567 0.022507
3598 0.048566
3599 0.036675
3611 0.062444
3617 0.067624
3637 0.035970
3683 0.067799
3691 0.117557
3695 0.089009
3818 0.022315
3952 0.071939
3979 0.046570
4071 0.064463
4176 0.055733
4196 0.023236
4215 0.031596
4237 0.038614
4352 0.045159
4462 0.036143
4486 0.086682
4547 0.050402
4573 0.017216
4582 0.047334
4708 0.021815
4734 0.039217
4738 0.090618
4752 0.067624
4943 0.036247
4964 0.100390
4970 0.129845
5053 0.034199
5064 0.037418
5176 0.045499
5177 0.037418
5179 0.081108
5207 0.154306
5217 0.041121
5278 0.055733
5307 0.032630
5320 0.086329
5330 0.062050
5331 0.121899
5362 0.154306
5363 0.039254
5385 0.064557
5389 0.062050
5395 0.032765
5449 0.288633
5491 0.012818
5499 0.057262
5529 0.020471
5530 0.096211
5532 0.028081
5712 0.061253
5719 0.037418
5743 0.023721
5753 0.041166
5781 0.064557
5801 0.405540
5814 0.055733
5817 0.043879
5821 0.029085
5833 0.015798
5846 0.071579
5851 0.053578
5869 0.033321
5880 0.026441
5897 0.069460
5925 0.051421
5948 0.027328
5966 0.058095
6071 0.019609
6227 0.073350
6291 0.025527
6308 0.023721
6367 0.044504
6428 0.114524
6504 0.027606
6570 0.031592
6572 0.145699
6792 0.016447
6795 0.056476
6837 0.039254
6864 0.027620
6909 0.047302
7009 0.054357
7018 0.060950
7047 0.038408
7061 0.045422
7062 0.010887
7082 0.036318
7143 0.029190
7179 0.060950
7368 0.205192
7388 0.049003
7440 0.086682
7450 0.043577
7480 0.062050
7497 0.029834
7498 0.022504
7519 0.071579
7550 0.102842
7663 0.086682
7709 0.021512
7716 0.071579
7760 0.021098
7788 0.033567
7859 0.085873
7864 0.037041
7899 0.028081
7971 0.048143
7978 0.034817
8007 0.053054
8044 0.046947
8046 0.038614
8098 0.039474
8192 0.060950
8221 0.252985
8281 0.043282
8343 0.031222
8387 0.027056
8410 0.041373
8470 0.036495
8485 0.035299
8499 0.025209
8566 0.081108
8653 0.068397
8702 0.041892
8826 0.005612
8931 0.008431
8939 0.076815
9065 0.028982
9093 0.030056
9103 0.063246
9130 0.048594
9299 0.071579
9334 0.066005
9562 0.031101
9592 0.033900
9625 0.041121
9646 0.038614
9669 0.049039
9872 0.036143
9903 0.025131
9907 0.048143
10008 0.069460
10067 0.032231
10088 0.048143
10093 0.051960
10242 0.045499
10279 0.031844
10329 0.207840
10352 0.061487
10378 0.043265
10401 0.032363
10475 0.102509
10487 0.018896
10507 0.064726
10619 0.016741
10643 0.096211
10667 0.051421
10669 0.108714
11121 0.094976
11193 0.049003
11295 0.038408
11298 0.037418
11306 0.018650
11332 0.022637
11372 0.067624
11376 0.014695
11421 0.096211
11423 0.129261
11451 0.027985
11521 0.102145
11600 0.011139
