132

22 1.534264
74 1.885008
94 2.738384
138 2.039414
191 1.659203
199 1.349218
346 0.506660
470 1.835294
509 1.696991
531 0.918840
586 0.747158
630 0.553693
899 2.136324
1044 1.291226
1063 2.085172
1132 0.632874
1495 3.216101
1507 1.358173
1631 2.039414
1649 0.881052
1757 1.893286
1798 1.176091
1872 0.638014
1929 5.164904
1940 1.735549
1981 0.935610
2161 1.367316
2279 1.760661
2335 0.915562
2405 1.323411
2507 1.521797
2532 1.226501
2576 3.418891
2762 0.470040
3035 1.808965
3417 1.075626
3535 1.005990
3620 1.863323
3634 2.919261
3691 0.742749
3841 0.477121
3858 2.085172
3887 1.386202
3968 1.437354
3979 1.471212
4255 1.808965
4266 1.052642
4333 1.136324
4444 1.677686
4573 0.543870
4615 1.483112
4943 0.572546
5100 0.700958
5178 0.832588
5234 1.835294
5307 1.030814
5394 0.497835
5491 0.404937
5673 1.835294
5740 2.537124
5743 0.749380
5821 0.918840
5833 0.499085
5851 0.846290
5885 1.413951
6070 0.742749
6071 0.619458
6112 1.003190
6227 1.158601
6242 1.562293
6317 0.702954
6792 0.519586
6837 1.240074
6909 0.747158
6956 2.437354
7047 1.213339
7391 2.738384
7411 0.893286
7498 0.355467
7707 1.066286
7847 0.932204
7904 2.551972
8007 4.190085
8027 1.358173
8083 0.711035
8103 2.738384
8332 1.483112
8404 0.522218
8455 0.436270
8457 1.194316
8499 2.389128
8563 1.459631
8605 1.476768
8621 1.283539
8829 0.648479
8924 1.213339
8931 0.799078
9052 5.061087
9059 1.084969
9093 1.899018
9099 2.630276
9130 1.535145
9132 2.927672
9242 1.507714
9306 1.608050
9539 2.085172
9643 1.170182
9747 0.945992
9761 0.835294
9767 0.283539
10036 0.736218
10112 4.522526
10276 0.808965
10326 0.731918
10378 1.366777
10475 0.539727
10619 1.057738
10880 3.318406
10890 0.465383
11025 0.681479
11057 3.039414
11119 1.659203
11253 5.476768
11301 3.039414
11332 0.715132
11364 1.437354
11443 0.945992
11451 1.768156
11501 1.254084
11502 1.014108
11600 0.351885
11605 0.659203
