60

98 1.066286
111 0.811527
194 0.723444
404 1.090519
434 3.617930
965 0.963867
1132 0.632874
1495 1.608050
1616 1.483112
1631 2.039414
1844 2.437354
1929 2.582452
1940 1.157033
1981 1.871221
1994 1.090024
2217 1.659203
2315 2.738384
2576 0.854723
2696 0.683388
2833 2.261263
2954 0.935610
3316 1.233234
3322 1.395961
3490 2.194316
3531 0.788994
3546 1.957433
3603 1.738384
3841 0.477121
4859 1.592256
4978 1.495346
5307 1.030814
5496 0.978716
5926 0.698970
6274 1.200565
6421 0.590708
6587 0.622774
6806 1.355373
7497 0.942504
7745 0.806418
7821 2.562293
8284 1.426630
8387 0.854723
8455 0.872539
8931 0.532719
9031 0.884078
9052 0.843514
9059 0.542484
9242 0.753857
9357 1.376656
9398 2.340444
10017 0.928824
10326 1.463836
10401 2.044762
10475 0.539727
11025 0.681479
11355 3.184512
11451 0.884078
11532 0.652024
11605 0.659203
11606 0.932204
