96

79 0.922143
104 4.272648
549 1.459631
661 1.182082
1405 2.261263
1526 4.680888
1641 1.299051
1666 0.753857
1670 1.659203
1674 2.738384
1723 2.772403
1994 1.090024
2125 1.784142
2154 0.677686
2501 1.784142
2507 0.380449
2522 2.562293
2530 0.717195
2550 0.801368
2575 0.956629
2596 1.677686
2605 1.863323
2696 0.683388
2762 0.940080
2831 2.562293
2954 0.935610
3255 1.367316
3386 1.240074
3531 1.577988
3596 2.136324
3636 1.925471
3705 1.960233
3828 2.085172
3951 0.704960
4146 2.562293
4352 8.559782
4633 1.437354
5070 1.863323
5086 1.520900
5217 1.299051
5273 3.039414
5363 1.240074
5389 5.880699
5399 1.577016
5426 18.236485
5641 3.039414
5736 2.437354
5926 0.698970
6193 1.437354
6217 1.206905
6300 1.592256
6317 0.702954
6708 5.293643
6792 0.519586
6965 1.147320
6992 1.507935
7008 0.878046
7046 1.835294
7095 1.835294
7118 0.611279
7154 1.376656
7340 1.835294
7346 3.039414
7450 1.376656
7485 1.760661
7641 0.646717
7656 2.630276
7833 2.340444
7961 1.960233
8221 1.998021
8227 0.816698
8271 0.925471
8455 0.436270
8512 0.875061
8539 0.668346
8605 0.738384
8784 0.932204
8826 0.354565
8919 0.760661
9262 1.738384
9280 1.158601
9677 2.537124
10058 0.606445
10134 1.641474
10302 2.896699
10544 1.331844
10714 2.194316
10749 4.522526
10763 3.039414
11119 6.636812
11306 0.589165
11437 1.213339
11502 1.014108
11532 0.652024
11600 0.351885
11611 1.608050
