196

26 0.036040
79 0.031033
98 0.035883
111 0.081930
186 0.032684
198 0.038799
218 0.054115
226 0.067239
423 0.041732
455 0.025369
470 0.061763
475 0.136214
478 0.065967
508 0.026067
596 0.045706
602 0.049120
630 0.055900
634 0.124505
917 0.077271
965 0.129747
1002 0.043985
1103 0.078762
1106 0.098053
1132 0.085192
1258 0.041732
1495 0.054115
1507 0.045706
1532 0.026227
1542 0.054794
1631 0.205895
1636 0.037527
1721 0.025144
1789 0.051632
1796 0.049120
1816 0.144030
1872 0.042942
1895 0.050322
1902 0.034127
1929 0.391079
1940 0.175218
1950 0.051632
1981 0.094457
2020 0.082023
2046 0.034266
2052 0.092028
2064 0.040616
2186 0.054115
2294 0.177753
2335 0.030811
2507 0.012803
2550 0.026968
2552 0.035126
2576 0.172582
2651 0.026388
2696 0.022998
2708 0.034834
2725 0.062706
2762 0.031636
2832 0.064797
2889 0.065967
2974 0.050322
3243 0.033720
3313 0.050746
3322 0.046978
3384 0.045405
3473 0.025831
3480 0.046328
3488 0.076098
3494 0.071893
3558 0.040616
3567 0.023928
3593 0.067239
3603 0.117003
3691 0.049991
3841 0.016056
3951 0.094895
4148 0.032936
4215 0.016796
4336 0.092154
4347 0.134478
4458 0.105378
4613 0.030378
4831 0.065967
4894 0.068632
4916 0.042691
4924 0.073845
4964 0.035576
4978 0.050322
5012 0.027838
5064 0.039780
5081 0.034690
5112 0.032314
5135 0.039967
5307 0.138759
5491 0.013627
5504 0.060877
5740 0.042691
5753 0.021883
5864 0.240165
5926 0.023522
6070 0.024995
6071 0.020846
6162 0.048741
6274 0.040402
6308 0.025219
6421 0.059637
6799 0.045706
6802 0.033854
6806 0.022806
6812 0.082550
6816 0.032936
6823 0.052575
6828 0.072407
6836 0.082023
6864 0.029363
6874 0.016838
7008 0.029549
7024 0.070172
7061 0.016097
7062 0.023148
7120 0.028019
7124 0.052575
7340 0.123525
7450 0.046328
7490 0.047314
7497 0.031718
7532 0.042445
7635 0.023724
7641 0.021764
7653 0.059251
7745 0.081414
7812 0.050746
7847 0.031371
7853 0.086228
7874 0.042940
7877 0.054115
7978 0.111043
7989 0.070549
8027 0.091412
8234 0.042940
8245 0.034979
8284 0.048010
8338 0.064146
8387 0.028764
8446 0.070172
8455 0.029363
8470 0.038799
8759 0.049911
8766 0.073845
8826 0.047728
8829 0.043646
8920 0.036682
8930 0.035274
8931 0.008964
9024 0.246070
9052 0.056773
9059 0.073024
9097 0.031601
9130 0.025831
9132 0.024631
9242 0.126847
9461 0.072826
9538 0.035424
9579 0.044258
9596 0.040832
9618 0.032314
9623 0.033454
9767 0.009542
9905 0.054115
10000 0.048741
10011 0.061763
10017 0.031257
10039 0.073845
10058 0.020408
10067 0.034266
10325 0.034690
10326 0.221679
10401 0.206435
10458 0.043717
10475 0.018163
10487 0.020088
10581 0.093299
10592 0.064797
10738 0.086228
10882 0.086228
10917 0.054115
11025 0.022934
11124 0.055837
11166 0.068632
11267 0.050322
11306 0.019827
11355 0.053584
11451 0.029752
11532 0.021942
11566 0.047314
11605 0.022184
