114

114 2.437354
139 2.439740
191 1.659203
194 0.723444
308 0.915562
342 2.261263
418 0.824570
541 1.808965
661 2.364163
697 0.819306
726 1.893286
875 6.850722
923 2.136324
1231 1.022381
1258 1.240074
1284 1.080373
1503 1.717195
1632 1.808965
1641 1.299051
1649 1.762103
1839 1.659203
1872 0.638014
2268 1.521321
2507 0.380449
2548 1.026577
2970 2.437354
3054 1.331844
3089 1.960233
3095 0.590708
3115 1.784142
3366 1.367316
3421 2.437354
3621 0.899535
3633 1.219870
3691 0.742749
3891 1.315138
3938 1.233234
3940 3.039414
3941 2.738384
4033 1.283539
4099 3.039414
4237 1.219870
4307 1.808965
4413 1.005990
4464 2.562293
4493 6.078828
4547 3.184512
4633 7.186771
4734 0.619458
5026 1.240074
5105 1.925471
5190 2.261263
5232 2.085172
5319 2.562293
5324 0.971228
5625 1.534264
5692 0.753857
5732 0.786561
5773 2.136324
5945 1.141787
5948 2.589969
5964 1.659203
6069 4.522526
6193 2.874708
6217 2.413810
6218 2.261263
6232 9.045051
6380 0.942504
6466 4.302505
6504 0.872097
6858 1.130929
7118 1.833838
7124 1.562293
7656 1.315138
7694 0.776963
7760 0.666502
7948 1.376656
8016 0.939044
8073 1.624441
8157 0.939044
8186 1.548052
8225 7.312062
8624 2.261263
8677 1.358173
8919 0.760661
9040 1.835294
9047 1.659798
9061 1.315138
9118 3.096105
9130 1.535145
9138 2.695705
9258 3.726646
9270 1.075626
9383 3.068528
9388 2.738384
9438 1.562293
9516 2.194316
9690 1.592256
9944 1.182082
10029 1.677686
10034 3.039414
10201 2.437354
10210 5.124586
10285 2.039414
10385 1.784142
10744 2.261263
10947 3.920466
11199 2.437354
11349 1.283539
11445 1.738384
11451 3.536312
11458 0.854723
11466 1.109995
11600 0.351885
