54

213 0.840757
418 0.824570
424 1.358173
1002 1.307020
1140 1.808965
1542 0.814105
1847 2.085172
1859 1.212890
2091 1.219870
2115 0.922143
2174 3.798036
2507 0.380449
2999 2.085172
3473 0.767573
3636 1.925471
3691 0.742749
3694 1.240074
3695 1.405946
3917 1.206905
3918 2.340444
4237 1.219870
4734 0.619458
4752 2.136324
4943 0.572546
5135 0.593810
5385 2.039414
5389 1.960233
5499 1.808965
5758 1.219870
5869 1.052642
5894 1.696991
6058 1.893286
6367 1.405946
6428 1.808965
6587 1.868321
6616 0.899535
7235 3.039414
7308 1.562293
7368 2.160745
7498 0.355467
7760 0.666502
7859 0.301427
7861 0.696991
7946 1.026577
8083 0.711035
8343 0.986336
8382 1.039414
8931 0.266359
9059 0.542484
9130 2.302718
10088 1.520900
11372 2.136324
11425 1.760661
11523 0.538355
