101

23 0.055140
308 0.049580
368 0.712973
397 0.208540
458 0.040461
586 0.040461
600 0.052595
697 0.044368
897 0.046595
917 0.031086
965 0.104393
1074 0.060670
1157 0.071219
1468 0.296584
1797 0.038067
1896 0.146129
2140 0.079043
2154 0.036699
2518 0.044653
2655 0.164594
2687 0.078433
2768 0.164089
3037 0.094139
3048 0.135825
3130 0.162138
3131 0.081659
3275 0.033103
3446 0.112918
3567 0.154019
3613 0.054477
3626 0.104790
3772 0.073064
3951 0.038176
3952 0.123071
4286 0.095345
4452 0.080315
4573 0.029452
4680 0.088891
4687 0.099387
4692 0.122454
4708 0.037320
4869 0.085400
4956 0.095345
5050 0.051228
5346 0.095345
5529 0.140087
5743 0.081162
5758 0.066060
5885 0.076570
5926 0.075703
6071 0.033546
6396 0.324597
6529 0.087968
6557 0.126742
6616 0.048713
6635 0.534267
6770 0.164594
6813 0.042595
6839 0.070779
6853 0.106153
6874 0.027095
6934 0.078433
7060 0.050482
7351 0.148292
7407 0.126742
7498 0.019250
7580 0.067912
7635 0.114527
8237 0.063369
8539 0.072386
8605 0.039986
8857 0.222133
8858 0.089851
8871 0.257369
8930 0.056763
9031 0.095751
9047 0.044942
9438 0.084603
9557 0.091897
9613 0.112918
9635 0.083832
9642 0.069508
9777 0.096617
9903 0.042992
10042 0.164594
10086 0.058248
10088 0.164723
10279 0.054477
10290 0.104270
10548 0.053833
10619 0.028640
10661 0.081659
10761 0.122454
11113 0.658374
11306 0.031905
11376 0.025139
11501 0.135825
11523 0.029154
11543 0.068301
11600 0.019056
11625 0.059835
