230

36 1.323411
99 1.090024
122 4.893581
145 2.738384
157 1.358173
194 0.723444
198 1.152923
213 0.840757
304 1.104916
345 0.932204
346 0.506660
404 0.545260
531 1.837680
586 0.747158
634 1.233234
695 1.784142
913 1.039414
1174 2.039414
1258 1.240074
1269 1.878087
1385 13.626445
1456 3.396330
1466 2.727241
1587 2.738384
1592 1.120336
1649 0.881052
1704 6.192210
1707 2.738384
1807 0.928824
1859 1.819334
1986 1.125600
1991 1.066286
1995 2.283574
2000 0.986336
2024 1.022381
2071 0.971228
2084 0.990196
2160 2.340444
2176 1.608050
2259 0.853261
2320 3.476768
2348 0.956629
2405 1.323411
2421 0.986336
2507 0.380449
2524 1.048188
2532 6.132504
2560 2.562293
2575 0.956629
2576 2.564168
2585 1.471212
2627 1.530513
2658 1.696991
2678 1.863323
2690 0.974956
2691 3.039414
2752 1.483112
2762 1.880161
2768 2.020061
2804 1.164353
2851 1.170182
2875 3.068528
2892 3.041800
2966 1.835294
3014 0.990196
3048 1.254084
3095 0.590708
3179 0.772242
3203 0.565198
3287 1.641474
3338 1.998021
3432 1.471212
3480 5.506625
3691 0.742749
3787 1.416165
3807 1.386202
3850 6.825427
3951 2.114881
3979 1.471212
4040 1.998021
4110 0.971228
4148 0.978716
4163 3.521321
4199 1.696991
4205 11.038507
4217 1.147320
4534 1.182082
4738 0.572546
4830 4.279891
4869 1.577016
4943 1.717639
5012 0.827227
5053 1.080373
5056 2.039414
5066 2.340444
5100 0.700958
5110 1.808965
5141 1.624441
5143 2.708081
5145 1.998021
5178 4.162941
5193 1.738384
5222 1.641474
5338 1.416165
5379 1.808965
5394 0.497835
5468 1.194316
5529 1.940151
5569 4.106308
5620 1.376656
5689 0.838017
5734 1.124586
5743 0.749380
5779 3.039414
5795 1.170182
5799 2.738384
5818 1.624441
5833 0.499085
5841 1.471212
5880 0.835294
5949 0.918840
6070 0.742749
6071 0.619458
6141 1.677686
6217 1.206905
6227 1.158601
6274 1.200565
6282 3.670588
6291 0.806418
6308 0.749380
6309 2.437354
6361 1.507935
6421 2.362831
6436 4.561547
6456 1.612836
6505 1.323411
6627 1.141787
6792 1.039172
6838 1.120336
6909 0.747158
7001 1.358173
7062 0.343932
7064 1.998021
7123 1.164353
7126 0.769901
7182 1.331844
7498 0.355467
7530 0.998021
7534 1.608050
7580 1.254084
7641 1.293434
7707 6.397718
7859 2.411414
7861 2.787966
7887 0.971228
7947 1.592256
7966 1.608050
8048 3.564467
8183 1.405946
8191 2.085172
8234 1.275986
8281 2.734633
8292 1.120336
8382 1.039414
8444 1.608050
8463 1.920466
8494 1.291226
8512 0.875061
8605 1.476768
8622 1.925471
8684 3.805686
8784 1.864408
8785 7.641742
8826 1.772827
8919 0.760661
8931 0.532719
9052 0.843514
9059 0.542484
9093 2.848527
9104 0.893286
9130 0.767573
9132 0.731918
9189 1.448350
9196 1.893286
9272 2.738384
9322 1.659203
9444 0.939044
9486 2.085172
9616 3.039414
9667 2.317201
9669 1.549193
9767 0.567079
9770 1.022381
9811 1.818161
9873 1.376656
10015 1.066286
10058 1.819334
10067 2.036450
10296 1.998021
10337 1.061691
10375 6.078828
10423 0.698970
10487 0.596934
10556 1.182082
10581 1.386202
10619 0.528869
10667 1.624441
10677 0.824570
10701 0.786561
10883 3.039414
10890 0.465383
10987 2.738384
11015 2.151253
11146 3.255515
11151 1.893286
11162 1.254084
11172 3.039414
11228 1.141787
11242 1.048188
11314 1.893286
11375 0.791441
11376 0.464226
11377 1.226501
11386 1.349218
11423 0.816698
11437 1.213339
11466 1.109995
11532 0.652024
11600 0.703770
11637 3.715298
