212

23 0.034305
81 0.054177
97 0.030628
116 0.172652
139 0.082197
217 0.027255
270 0.068710
326 0.060946
342 0.076184
346 0.017070
391 0.045758
392 0.063786
509 0.057173
511 0.068710
661 0.119476
764 0.106262
875 0.346210
884 0.092259
1231 0.068890
1284 0.036399
1285 0.045456
1369 0.092259
1427 0.092259
1503 0.057854
1561 0.062777
1641 0.131298
1643 0.035166
1677 0.057173
1740 0.086326
1760 0.050804
1839 0.055900
1881 0.057854
1922 0.061833
2183 0.092259
2268 0.128137
2273 0.092259
2350 0.063786
2435 0.127573
2445 0.092259
2596 0.113045
2622 0.078852
2642 0.086326
2762 0.031672
2818 0.055303
2970 0.082117
3121 0.026418
3134 0.055303
3213 0.076184
3275 0.020595
3333 0.086326
3366 0.046066
3421 0.082117
3558 0.040662
3621 0.030306
3626 0.032597
3627 0.042251
3649 0.086326
3679 0.101607
3697 0.068710
3883 0.061833
3891 0.088616
3904 0.050804
3938 0.041549
4033 0.216218
4120 0.113045
4186 0.062777
4196 0.049462
4237 0.041098
4279 0.058568
4304 0.092259
4307 0.121891
4374 0.060946
4426 0.062777
4520 0.024587
4547 0.107289
4550 0.043503
4566 0.027870
4613 0.030413
4614 0.048064
4633 0.096851
4727 0.064871
4734 0.062610
4764 0.038843
4793 0.049566
5026 0.041779
5181 0.067315
5190 0.076184
5319 0.086326
5394 0.033545
5399 0.159393
5521 0.044035
5591 0.123665
5675 0.086326
5692 0.025398
5709 0.067315
5732 0.026500
5880 0.056284
5945 0.038468
5948 0.058172
5964 0.111800
6043 0.082117
6047 0.063786
6060 0.032722
6069 0.076184
6071 0.020870
6153 0.054177
6173 0.092259
6193 0.048426
6217 0.203308
6232 0.076184
6280 0.157703
6291 0.135845
6317 0.023683
6466 0.036239
6514 0.051691
6665 0.061833
6814 0.041098
6909 0.025172
6925 0.058568
6964 0.118636
7095 0.185498
7118 0.061784
7182 0.044871
7348 0.086326
7502 0.066042
7587 0.052635
7598 0.067315
7655 0.217474
7656 0.088616
7758 0.033492
7760 0.022455
7826 0.043766
7872 0.095424
7874 0.042989
7915 0.035166
8061 0.060109
8074 0.082117
8157 0.031637
8225 0.082117
8227 0.027515
8241 0.034305
8332 0.049967
8394 0.041549
8624 0.076184
8667 0.055303
8677 0.045758
8731 0.068710
8779 0.246350
8826 0.053755
8919 0.025627
9040 0.061833
9047 0.083880
9061 0.310157
9087 0.052635
9088 0.066042
9118 0.365086
9130 0.077581
9138 0.090821
9144 0.062360
9346 0.071975
9378 0.093405
9516 0.073928
9607 0.058568
9635 0.052155
9642 0.043244
9723 0.064871
9761 0.056284
9783 0.029282
9899 0.061833
9908 0.052635
9934 0.060946
9937 0.062777
9944 0.039825
9965 0.172652
10033 0.057173
10116 0.092259
10117 0.078852
10134 0.055303
10201 0.164233
10210 0.086326
10285 0.274838
10348 0.092259
10369 0.092259
10385 0.060109
10475 0.036368
10715 0.095424
10866 0.066042
10983 0.086326
11115 0.299804
11121 0.040435
11152 0.030096
11185 0.184517
11199 0.082117
11249 0.062777
11298 0.039825
11306 0.059548
11319 0.082117
11353 0.076184
11384 0.092259
11385 0.086326
11445 0.058568
11451 0.059571
11457 0.056523
11458 0.086389
11459 0.111800
11466 0.074793
11502 0.034166
11503 0.059571
11516 0.215924
11600 0.011855
11611 0.054177
11613 0.068710
