222

23 0.032778
81 0.103530
97 0.029264
116 0.164966
139 0.078538
217 0.026042
270 0.065651
326 0.058233
342 0.072793
346 0.016310
392 0.060947
509 0.054628
511 0.065651
541 0.058233
661 0.114158
697 0.026374
764 0.101532
875 0.330799
884 0.176303
1231 0.065823
1284 0.069557
1285 0.043433
1369 0.088152
1427 0.088152
1503 0.055278
1561 0.059982
1641 0.125454
1643 0.033600
1677 0.054628
1740 0.082483
1760 0.048542
1839 0.053412
1881 0.055278
1922 0.059080
2183 0.088152
2268 0.122433
2273 0.088152
2350 0.060947
2435 0.121894
2445 0.088152
2596 0.108013
2622 0.226025
2642 0.082483
2762 0.030262
2818 0.052841
2970 0.078461
3121 0.025242
3122 0.024634
3134 0.052841
3188 0.059982
3213 0.072793
3275 0.019678
3333 0.082483
3366 0.044015
3421 0.078461
3621 0.028957
3626 0.031146
3627 0.040370
3633 0.039269
3649 0.082483
3679 0.048542
3691 0.023910
3697 0.065651
3700 0.041319
3841 0.015359
3883 0.059080
3891 0.084672
3904 0.048542
3938 0.039699
4033 0.247912
4120 0.108013
4186 0.059982
4196 0.047261
4237 0.039269
4279 0.055961
4304 0.088152
4307 0.116465
4374 0.058233
4426 0.059982
4520 0.023493
4547 0.102513
4550 0.041566
4566 0.026629
4613 0.029059
4614 0.045925
4633 0.092540
4727 0.061983
4734 0.059823
4764 0.037114
4793 0.047360
5026 0.039919
5181 0.064319
5190 0.072793
5319 0.082483
5394 0.032052
5399 0.152298
5521 0.042074
5591 0.118160
5675 0.082483
5692 0.024268
5709 0.064319
5732 0.050641
5792 0.031385
5880 0.053778
5948 0.083374
5964 0.106823
6043 0.078461
6047 0.060947
6060 0.031265
6069 0.072793
6071 0.019941
6153 0.051765
6173 0.088152
6193 0.046270
6217 0.155407
6232 0.072793
6280 0.150683
6291 0.129798
6317 0.022629
6466 0.034626
6514 0.049390
6665 0.059080
6814 0.039269
6925 0.055961
6964 0.113355
7095 0.177241
7118 0.059033
7182 0.085747
7348 0.082483
7502 0.063102
7587 0.050292
7598 0.064319
7655 0.207794
7656 0.084672
7694 0.025011
7758 0.032001
7760 0.021455
7826 0.041818
7872 0.091176
7874 0.041075
7915 0.033600
8061 0.057434
8074 0.078461
8157 0.030229
8225 0.078461
8227 0.026290
8241 0.032778
8332 0.047743
8394 0.039699
8624 0.072793
8667 0.052841
8677 0.043721
8731 0.065651
8779 0.235384
8826 0.051362
8919 0.048973
9040 0.059080
9047 0.106862
9061 0.296351
9087 0.050292
9088 0.063102
9118 0.348835
9130 0.098836
9138 0.151861
9144 0.059584
9346 0.068771
9378 0.089247
9383 0.049390
9438 0.050292
9516 0.070638
9607 0.055961
9635 0.049834
9642 0.041319
9723 0.061983
9761 0.053778
9783 0.027979
9899 0.059080
9908 0.050292
9934 0.058233
9937 0.059982
9944 0.038053
9965 0.164966
10033 0.054628
10085 0.033460
10116 0.088152
10117 0.075342
10134 0.052841
10201 0.156922
10210 0.082483
10285 0.262604
10348 0.088152
10369 0.088152
10385 0.057434
10434 0.065651
10475 0.034749
10715 0.091176
10866 0.063102
10983 0.082483
11003 0.046270
11115 0.286458
11121 0.038635
11152 0.028756
11185 0.176303
11199 0.078461
11249 0.059982
11298 0.038053
11306 0.056898
11319 0.078461
11353 0.072793
11384 0.088152
11385 0.082483
11445 0.055961
11451 0.056919
11457 0.054007
11458 0.082543
11459 0.106823
11466 0.035732
11502 0.032645
11503 0.056919
11516 0.206312
11600 0.011328
11611 0.051765
