158

98 1.066286
99 1.090024
122 0.978716
126 2.738384
198 1.152923
213 0.840757
455 0.753857
457 1.061691
458 0.747158
476 1.784142
523 2.340444
586 0.747158
637 2.551972
798 1.307020
810 2.085172
831 0.819306
895 0.846290
1002 1.307020
1269 0.939044
1296 0.974956
1376 2.340444
1387 3.255515
1436 1.534264
1466 0.909080
1666 0.753857
1803 1.254084
1838 1.548052
1859 3.032224
1991 2.132573
2022 3.434390
2115 1.844286
2137 1.738384
2150 2.039414
2154 0.677686
2174 0.949509
2246 3.318406
2248 1.141787
2524 1.048188
2532 1.226501
2627 0.765256
2806 1.035093
2818 1.641474
2980 1.998021
3171 1.471212
3286 2.791923
3374 1.170182
3415 1.386202
3436 1.367316
3445 3.355373
3535 1.005990
3624 2.340444
3637 1.136324
3691 0.742749
3694 1.240074
3695 1.405946
3917 1.206905
4005 1.094931
4091 0.693061
4105 2.562293
4148 0.978716
4249 1.358173
4266 1.052642
4351 2.437354
4352 1.426630
4462 1.141787
4738 0.572546
4830 1.426630
4927 2.085172
4943 0.572546
4987 1.592256
5023 1.070931
5133 1.507935
5178 0.832588
5217 1.299051
5304 2.085172
5712 0.967532
5734 0.562293
5740 1.268562
5743 0.749380
5811 2.562293
5821 0.918840
5869 1.052642
5880 0.835294
5885 0.706976
5926 0.698970
6035 1.925471
6041 2.562293
6110 4.078828
6153 1.608050
6283 1.075626
6367 1.405946
6428 19.898617
6433 0.758381
6601 2.990692
6816 1.957433
6864 0.436270
6978 2.039414
7023 1.483112
7061 0.478313
7062 0.343932
7130 1.960233
7143 0.922143
7154 1.376656
7308 1.562293
7368 7.562609
7385 0.769901
7485 1.760661
7534 1.608050
7571 2.562293
7660 1.548052
7664 1.206905
7859 0.602854
7861 0.696991
7862 0.960233
7891 2.261263
7899 1.774252
7971 1.520900
7981 1.850942
7989 1.048188
8010 1.507935
8271 2.776412
8272 0.884078
8292 1.120336
8455 0.436270
8476 1.717195
8504 2.340444
8512 0.875061
8539 0.668346
8583 1.349218
8662 1.188156
8826 0.531848
8919 0.760661
9042 2.562293
9059 2.712422
9130 1.535145
9142 1.520900
9143 2.136324
9329 1.507935
9592 1.070931
9669 0.774596
9783 0.869152
9903 0.793901
9933 1.075626
10051 2.261263
10058 0.606445
10487 0.596934
10825 3.039414
11079 1.659203
11193 1.548052
11296 2.194316
11298 1.182082
11376 0.928453
11423 1.633395
11454 2.136324
11523 0.538355
11566 1.405946
11600 1.055655
11621 2.562293
