58

97 0.086677
346 0.048308
791 0.115074
1295 0.116310
1387 0.103467
1666 0.215632
1721 0.071239
1779 0.159961
1792 0.209220
1859 0.231289
2091 0.348930
2174 0.090532
2340 0.097084
2716 0.203691
2762 0.044817
2999 0.198813
3060 0.136024
3498 0.139170
3531 0.075228
3611 0.094043
3683 0.102109
3691 0.070818
3694 0.118236
4352 0.136024
4541 0.198813
4582 0.142576
4677 0.051461
4738 0.054590
4752 0.203691
4943 0.054590
5320 0.086677
5485 0.147601
5817 0.132169
5869 0.100366
6367 0.134052
6428 0.172478
6485 0.203691
6492 0.215603
6517 0.215603
6792 0.049541
7368 0.412038
7394 0.136024
7436 0.215603
7453 0.180518
7660 0.147601
7859 0.057480
7899 0.084584
8271 0.088240
8650 0.123860
8677 0.129497
9051 0.107322
9052 0.080426
9903 0.075696
10088 0.145012
11150 0.097480
11298 0.112707
11372 0.203691
11425 0.335745
