65

98 1.066286
511 2.039414
660 1.677686
661 1.182082
1069 3.039414
1243 2.261263
1516 1.577016
1740 2.562293
1896 1.349218
2435 1.893286
2642 2.562293
3131 1.507935
3676 3.039414
3679 1.507935
3891 1.315138
3904 1.507935
4325 2.340444
4526 1.641474
4601 2.194316
4633 1.437354
4943 0.572546
5398 2.194316
5399 1.577016
5526 1.592256
5889 2.194316
6047 1.893286
6153 1.608050
6193 1.437354
6217 2.413810
6300 1.592256
6317 1.405909
6661 2.039414
6964 1.760661
7008 0.878046
7111 0.499085
7118 0.611279
7182 1.331844
7297 1.534264
7348 2.562293
7598 1.998021
8225 2.437354
8462 1.226501
9061 10.521106
9104 0.893286
9118 1.548052
9146 3.124586
9310 2.136324
9383 1.534264
9677 1.268562
9865 0.796376
9965 2.562293
10201 2.437354
10209 3.039414
10307 2.562293
11003 1.437354
11115 1.483112
11152 0.893286
11199 2.437354
11299 2.562293
11353 2.261263
11451 0.884078
11466 1.109995
11502 2.028217
11532 0.652024
11611 1.608050
