221

74 0.022759
97 0.043904
98 0.025748
108 0.028257
127 0.034708
213 0.020302
318 0.019911
346 0.012234
404 0.013167
452 0.043082
508 0.037409
531 0.022187
536 0.021874
538 0.043682
552 0.024195
586 0.018042
630 0.013370
637 0.061623
678 0.033709
783 0.048247
791 0.029143
794 0.058855
1037 0.030994
1096 0.146787
1102 0.030112
1132 0.015282
1270 0.600636
1296 0.047085
1314 0.050351
1499 0.076255
1503 0.041466
1542 0.078634
1572 0.033242
1616 0.035813
1649 0.021275
1656 0.058855
1666 0.145629
1670 0.040065
1710 0.066124
1796 0.035246
1859 0.043932
1872 0.015406
1986 0.027180
1991 0.102992
1994 0.026321
2003 0.167909
2006 0.058855
2045 0.052987
2062 0.032160
2115 0.044534
2125 0.043082
2146 0.039637
2174 0.045856
2217 0.040065
2246 0.040065
2248 0.027571
2268 0.036736
2319 0.034197
2339 0.166228
2417 0.041466
2466 0.146787
2518 0.019911
2608 0.056515
2638 0.076911
2639 0.056515
2720 0.025418
2762 0.022700
2849 0.058855
2875 0.037048
2916 0.035246
3050 0.040065
3054 0.064321
3095 0.014264
3112 0.058855
3217 0.049246
3423 0.022348
3437 0.034708
3455 0.028691
3492 0.066942
3494 0.051586
3533 0.033473
3557 0.049246
3567 0.017170
3621 0.043443
3685 0.034708
3754 0.044994
3758 0.028544
3760 0.035813
3926 0.023817
3952 0.027439
3973 0.056515
4071 0.049175
4127 0.052987
4147 0.047334
4215 0.024103
4249 0.032796
4310 0.024688
4333 0.054878
4352 0.034449
4362 0.033017
4376 0.293574
4400 0.146787
4413 0.024292
4510 0.043682
4623 0.037048
4734 0.014958
4745 0.045718
4833 0.040512
4910 0.047334
4931 0.058855
4943 0.055302
4970 0.066034
5032 0.034449
5107 0.066124
5135 0.014339
5143 0.087190
5178 0.020105
5256 0.032368
5278 0.042515
5304 0.050351
5363 0.029944
5397 0.047334
5491 0.019556
5689 0.020236
5692 0.018204
5719 0.028544
5753 0.031403
5773 0.051586
5774 0.050351
5807 0.038081
5811 0.061872
5885 0.017072
6088 0.056515
6110 0.098493
6112 0.012112
6153 0.038830
6161 0.058855
6308 0.036191
6433 0.018313
6540 0.047334
6616 0.043443
6771 0.146787
6864 0.042139
6986 0.054603
6992 0.036413
7023 0.035813
7061 0.092400
7062 0.016610
7111 0.012052
7125 0.034197
7143 0.022267
7215 0.041466
7368 0.026088
7383 0.310221
7498 0.025751
7509 0.045718
7519 0.054603
7641 0.015616
7660 0.037381
7704 0.034438
7759 0.043682
7782 0.039637
7859 0.021836
7899 0.257060
7919 0.040065
7920 0.025099
7926 0.045718
7936 0.032160
7945 0.041977
7972 0.090848
8117 0.038081
8126 0.040065
8245 0.025099
8272 0.021348
8373 0.066124
8387 0.082557
8404 0.012610
8605 0.017830
8642 0.043682
8647 0.043682
8650 0.219580
8712 0.956673
8750 0.049246
8761 0.018042
8826 0.042809
8919 0.091839
8931 0.006432
9059 0.026199
9105 0.205095
9130 0.092674
9263 0.061872
9522 0.036413
9973 0.066124
10057 0.031369
10088 0.073451
10185 0.022510
10326 0.017674
10452 0.058855
10487 0.014414
10589 0.031757
10619 0.038312
10621 0.054360
10651 0.029779
10658 0.029944
10663 0.044317
10807 0.054603
10861 0.050351
10905 0.048247
10929 0.056515
11186 0.061872
11195 0.037048
11295 0.029299
11306 0.014227
11307 0.058855
11362 0.056232
11366 0.033017
11423 0.039442
11451 0.021348
11523 0.013000
11600 0.093468
11620 0.052408
