455

63 0.015166
97 0.014574
98 0.034188
104 0.034248
109 0.059311
121 0.033428
122 0.015690
139 0.019556
151 0.030868
163 0.035178
185 0.023972
194 0.011598
217 0.025938
308 0.014678
345 0.014944
346 0.064979
394 0.029872
463 0.034248
508 0.012418
552 0.016063
553 0.012571
584 0.029872
586 0.035934
594 0.057204
630 0.008876
636 0.032695
672 0.039074
683 0.039074
689 0.020337
697 0.013135
739 0.030352
764 0.025282
771 0.018950
802 0.026599
831 0.013135
875 0.018304
895 0.013567
897 0.013794
917 0.009202
986 0.039074
992 0.018574
1018 0.043900
1037 0.061731
1074 0.053881
1082 0.034248
1258 0.019880
1269 0.015054
1295 0.019556
1305 0.075041
1333 0.026020
1385 0.520919
1387 0.034793
1409 0.074452
1456 0.040836
1489 0.153156
1506 0.017877
1548 0.043840
1600 0.072502
1613 0.063648
1636 0.017877
1652 0.024817
1662 0.061736
1689 0.046085
1691 0.043900
1694 0.024174
1704 0.074452
1721 0.011978
1757 0.030352
1777 0.022539
1798 0.094271
1803 0.040209
1831 0.024610
1859 0.165276
1924 0.052630
1939 0.022539
1943 0.035178
1952 0.024174
1979 0.026315
1989 0.023400
1997 0.023776
2000 0.015812
2011 0.075041
2044 0.027869
2062 0.021351
2071 0.015570
2076 0.023219
2084 0.031748
2085 0.023219
2149 0.044758
2151 0.036251
2165 0.012969
2174 0.045666
2176 0.025779
2212 0.030868
2248 0.018304
2259 0.013679
2265 0.064062
2268 0.048778
2313 0.021773
2363 0.016390
2421 0.031625
2467 0.032031
2499 0.020953
2507 0.024396
2524 0.016804
2550 0.025694
2552 0.033466
2554 0.021773
2565 0.022703
2572 0.042519
2575 0.015336
2576 0.027405
2627 0.024536
2633 0.017553
2651 0.012571
2680 0.024174
2697 0.025779
2752 0.023776
2762 0.007535
2768 0.016192
2801 0.019247
2892 0.048764
2954 0.029998
2996 0.021489
3038 0.026599
3043 0.041077
3052 0.048726
3053 0.048726
3060 0.022871
3106 0.043900
3122 0.012268
3131 0.024174
3150 0.037709
3171 0.047171
3177 0.037148
3179 0.012380
3190 0.041077
3200 0.036251
3203 0.099670
3204 0.018217
3241 0.055737
3255 0.043840
3266 0.030352
3275 0.019599
3313 0.024174
3316 0.019770
3328 0.035178
3347 0.041077
3349 0.027869
3392 0.035178
3455 0.057143
3521 0.020105
3562 0.025046
3567 0.011399
3578 0.029422
3599 0.092870
3621 0.014421
3626 0.015511
3691 0.023814
3715 0.024596
3770 0.021630
3818 0.011301
3841 0.007649
3846 0.034248
3893 0.043900
3902 0.037520
4063 0.017553
4071 0.016323
4110 0.046710
4162 0.048726
4169 0.039074
4196 0.011768
4199 0.027205
4205 0.078650
4215 0.016002
4217 0.036786
4221 0.036251
4266 0.016875
4267 0.025282
4278 0.024596
4347 0.064062
4404 0.048726
4441 0.041077
4458 0.016733
4541 0.033428
4563 0.037520
4586 0.048726
4613 0.014471
4624 0.040673
4634 0.032695
4643 0.034248
4644 0.025046
4645 0.034041
4677 0.008653
4701 0.020456
4708 0.011048
4734 0.019861
4738 0.110144
4772 0.035178
4873 0.043900
4879 0.027529
4901 0.014471
4903 0.024817
4928 0.338545
4943 0.018357
4945 0.092604
4970 0.021920
5050 0.015166
5171 0.026896
5178 0.053390
5268 0.043900
5320 0.043721
5338 0.022703
5394 0.007981
5395 0.066376
5452 0.054410
5627 0.043900
5651 0.021083
5678 0.015812
5692 0.024171
5704 0.078148
5732 0.012610
5734 0.027043
5735 0.024174
5749 0.015511
5753 0.052122
5765 0.032031
5833 0.016002
5841 0.023585
5842 0.032695
5845 0.035178
5885 0.022668
5946 0.070356
5989 0.041077
6071 0.009931
6088 0.037520
6097 0.017553
6205 0.023400
6274 0.019247
6284 0.061736
6291 0.012928
6308 0.036041
6315 0.020456
6336 0.030868
6346 0.022379
6374 0.043900
6415 0.014890
6463 0.046438
6466 0.017244
6505 0.021216
6561 0.031425
6594 0.082154
6608 0.037520
6616 0.014421
6677 0.041077
6780 0.033428
6792 0.066637
6794 0.027869
6813 0.012610
6828 0.011498
6838 0.017960
6864 0.069940
6871 0.024174
6878 0.020456
6941 0.029000
7018 0.092604
7043 0.028226
7060 0.029889
7061 0.069012
7062 0.005514
7111 0.032004
7118 0.009800
7124 0.050091
7125 0.022703
7143 0.073916
7193 0.033428
7208 0.029422
7276 0.087800
7298 0.039074
7306 0.043900
7353 0.082587
7368 0.051959
7369 0.020220
7374 0.021773
7385 0.012343
7394 0.022871
7436 0.036251
7493 0.051558
7498 0.011397
7511 0.025526
7559 0.036251
7641 0.010368
7650 0.025282
7664 0.038697
7694 0.024911
7704 0.011432
7709 0.010895
7721 0.048726
7738 0.017094
7758 0.015937
7787 0.033428
7788 0.017000
7809 0.027869
7830 0.029000
7847 0.014944
7856 0.020105
7859 0.096645
7861 0.022347
7892 0.028226
7895 0.029872
7906 0.033428
7936 0.021351
7946 0.082287
7981 0.044510
7985 0.029872
8007 0.040304
8044 0.047552
8083 0.011399
8095 0.041077
8128 0.018950
8147 0.043900
8150 0.017633
8157 0.015054
8279 0.037520
8292 0.017960
8294 0.014837
8334 0.044139
8365 0.087800
8452 0.027869
8463 0.046181
8469 0.020700
8499 0.025534
8509 0.039074
8563 0.023400
8605 0.011837
8627 0.041077
8671 0.021920
8677 0.021773
8704 0.048726
8728 0.019770
8767 0.011301
8826 0.022737
8856 0.034248
8919 0.036583
8931 0.008540
8939 0.019451
8944 0.078148
8959 0.018217
8971 0.020953
9034 0.039541
9047 0.013304
9052 0.013523
9059 0.026090
9062 0.017244
9093 0.030444
9106 0.027205
9130 0.024610
9132 0.023467
9138 0.032412
9142 0.024382
9153 0.034248
9189 0.046438
9204 0.048726
9261 0.022070
9279 0.021920
9328 0.029355
9366 0.021489
9381 0.018045
9410 0.039074
9452 0.023400
9510 0.032031
9520 0.024382
9540 0.039074
9562 0.063004
9613 0.033428
9618 0.015394
9623 0.015937
9625 0.020826
9629 0.070356
9653 0.028602
9729 0.021630
9734 0.026599
9747 0.015166
9767 0.013637
9770 0.016390
9811 0.072869
9863 0.039112
9905 0.025779
9923 0.030352
9928 0.035178
9969 0.035178
9971 0.023219
10000 0.023219
10036 0.011803
10058 0.019444
10063 0.065760
10067 0.016323
10140 0.041077
10141 0.025282
10242 0.046085
10251 0.018950
10309 0.015937
10337 0.017020
10359 0.035178
10360 0.043900
10397 0.054269
10411 0.036251
10419 0.041077
10461 0.025282
10487 0.009570
10509 0.022603
10545 0.043900
10552 0.030868
10558 0.044445
10579 0.025779
10619 0.016957
10701 0.012610
10717 0.036251
10813 0.030352
10890 0.014921
10891 0.026896
10917 0.025779
11146 0.017397
11152 0.014321
11196 0.043900
11213 0.048726
11256 0.049976
11257 0.039325
11287 0.016733
11295 0.019451
11296 0.070356
11332 0.011465
11335 0.050199
11349 0.020577
11362 0.018666
11366 0.021920
11376 0.029769
11378 0.032695
11396 0.030219
11423 0.144020
11425 0.028226
11437 0.019451
11443 0.045497
11451 0.014173
11458 0.013702
11466 0.035589
11468 0.039074
11502 0.016257
11521 0.017244
11523 0.060414
11541 0.029872
11600 0.022565
11620 0.034793
11628 0.036251
11671 0.025526
