116

7 0.075660
70 0.114365
122 0.054884
179 0.071137
346 0.028412
897 0.048251
921 0.086810
1385 0.058779
1659 0.112043
1694 0.084561
1779 0.094080
1792 0.123051
1822 0.083169
1859 0.204046
1911 0.136680
2174 0.106492
2363 0.057332
2438 0.112043
2507 0.021335
2716 0.119799
2806 0.058045
2983 0.076675
2999 0.116931
3034 0.076163
3255 0.076675
3275 0.068558
3417 0.060318
3578 0.205836
3611 0.055311
3635 0.136680
3691 0.041651
3952 0.127444
4005 0.061401
4071 0.057099
4110 0.054464
4195 0.065621
4196 0.041164
4211 0.102320
4215 0.027987
4249 0.228488
4266 0.059029
4352 0.080001
4537 0.062245
4541 0.116931
4582 0.083855
4663 0.049920
4677 0.030266
4701 0.071554
4734 0.138950
4738 0.128427
4790 0.170442
4793 0.082501
4943 0.032107
5122 0.212340
5217 0.072847
5320 0.101957
5529 0.108798
5689 0.046994
5743 0.084046
5817 0.077734
5821 0.051526
5833 0.027987
5920 0.207469
5948 0.048413
6112 0.056256
6220 0.079415
6492 0.126805
6557 0.131246
6658 0.143686
6864 0.048930
6909 0.041899
7368 0.181753
7436 0.126805
7498 0.019934
7660 0.086810
7788 0.059466
7859 0.101419
7861 0.039085
7906 0.116931
7985 0.104490
8157 0.052659
8241 0.057099
8343 0.110622
8594 0.101442
8605 0.041407
8677 0.076163
8826 0.009942
8928 0.153561
8931 0.029873
9052 0.047302
9065 0.051342
9093 0.053246
9130 0.086087
9424 0.083169
9653 0.100050
9680 0.106170
9767 0.047700
10058 0.034008
10067 0.057099
10088 0.085288
10141 0.088435
10329 0.092049
10352 0.054464
10378 0.038323
10487 0.033474
10589 0.073749
10619 0.059315
10890 0.052195
11295 0.068041
11332 0.080205
11423 0.137394
11505 0.080001
11523 0.060379
11600 0.019733
11609 0.068041
11620 0.060853
