75

23 0.087635
103 0.104990
109 0.212280
213 0.072361
322 0.209774
418 0.070968
956 0.261591
965 0.082956
1859 0.052194
1860 0.261591
1979 0.141276
2507 0.130975
2762 0.040455
2999 0.179463
3177 0.099716
3211 0.147793
3275 0.052611
3535 0.086582
3588 0.201433
3681 0.099716
4110 0.167180
4211 0.078519
4249 0.116893
4437 0.126622
4631 0.220527
4645 0.182752
4646 0.188857
4734 0.053314
4738 0.049277
4879 0.295585
4908 0.153554
4928 0.139810
5012 0.071196
5324 0.083590
5345 0.253244
5363 0.106729
5827 0.119305
5833 0.042954
5926 0.060158
5949 0.158162
6272 0.146054
6367 0.242009
6433 0.065271
6466 0.092575
6616 0.077420
7368 0.092984
7498 0.030594
7704 0.061372
7859 0.025943
8128 0.101737
8237 0.100713
8404 0.044945
8470 0.099228
8539 0.057522
8826 0.015258
8939 0.104428
9634 0.429306
9813 0.261591
9903 0.068328
9986 0.194619
10067 0.087635
10088 0.130898
10352 0.083590
10378 0.117633
10475 0.046452
10487 0.051376
10507 0.087993
10619 0.045518
10701 0.135393
10917 0.138399
11423 0.070290
11505 0.122785
11523 0.046334
11543 0.108552
11600 0.060571
