165

20 0.069760
71 0.041300
175 0.057690
176 0.063883
252 0.075636
297 0.055600
404 0.102587
466 0.172650
477 0.077208
512 0.065201
602 0.068655
798 0.061477
885 0.092202
990 0.063049
1136 0.128803
1167 0.068655
1374 0.100484
1378 0.065201
1384 0.082815
1409 0.072814
1444 0.137310
1466 0.128279
1467 0.087643
1487 0.039417
1507 0.063883
1803 0.058987
1804 0.124496
1807 0.043688
1818 0.061477
1872 0.030010
1902 0.190799
1917 0.089053
1924 0.077208
1989 0.068655
2126 0.095926
2131 0.047893
2224 0.053965
2249 0.082815
2259 0.060201
2263 0.132260
2268 0.107335
2653 0.070927
2662 0.114643
2690 0.045858
2768 0.047508
2950 0.065661
2996 0.063049
3028 0.087643
3095 0.027785
3150 0.055319
3177 0.054496
3203 0.079754
3217 0.095926
3243 0.047130
3246 0.110085
3449 0.081767
3493 0.082815
3547 0.086325
3591 0.100484
3661 0.085087
3683 0.050372
3694 0.058328
3841 0.022442
3951 0.033159
3982 0.089053
4079 0.068655
4340 0.274621
4439 0.114643
4488 0.086325
4582 0.070335
4738 0.026930
4943 0.026930
5023 0.100745
5053 0.050816
5100 0.032970
5112 0.045166
5157 0.085087
5199 0.250579
5200 0.156085
5386 0.319279
5460 0.058655
5532 0.041727
5549 0.092202
5689 0.039417
5706 0.074177
5734 0.105792
5758 0.057378
5869 0.049512
5925 0.076407
5948 0.040607
6060 0.091365
6071 0.029137
6112 0.023593
6204 0.142962
6272 0.079820
6421 0.027785
6456 0.037931
6616 0.042311
6635 0.116013
6792 0.097757
6823 0.073484
6838 0.052696
6864 0.020520
6962 0.056470
7062 0.016177
7111 0.046950
7126 0.108639
7154 0.064752
7178 0.514389
7182 0.062645
7369 0.118650
7385 0.036213
7387 0.059325
7498 0.016720
7523 0.080770
7709 0.031965
7713 0.066611
7760 0.031350
7788 0.049878
7859 0.014178
7861 0.032784
7876 0.072814
7931 0.078042
7946 0.048286
8085 0.070927
8157 0.044169
8183 0.066130
8245 0.048890
8377 0.058987
8404 0.024563
8461 0.106361
8499 0.037458
8508 0.060373
8653 0.050816
8761 0.140573
8767 0.066317
8826 0.025016
8919 0.071557
9059 0.025516
9075 0.071537
9461 0.033929
9747 0.044496
9767 0.026673
9783 0.040881
9811 0.042760
9871 0.057071
9903 0.037342
9977 0.077208
10018 0.069760
10058 0.114099
10063 0.192939
10275 0.055600
10401 0.048089
10433 0.049512
10509 0.033159
10556 0.055600
10714 0.103212
10880 0.078042
10933 0.085087
11015 0.050593
11031 0.068125
11194 0.095399
11256 0.073314
11320 0.047130
11396 0.044332
