215

26 1.070931
39 2.437354
103 1.219870
122 0.978716
143 2.738384
179 3.805686
194 1.446888
213 2.522271
217 3.235861
228 1.349218
313 1.448350
394 5.589969
460 2.738384
463 2.136324
538 1.808965
553 2.352425
594 1.784142
604 2.990692
637 1.275986
671 1.784142
693 1.624441
697 0.819306
831 1.638612
863 2.194316
1028 1.376656
1034 2.738384
1037 1.283539
1117 2.738384
1174 2.039414
1284 1.080373
1384 1.760661
1385 3.144564
1501 2.562293
1596 1.677686
1613 1.323411
1632 1.808965
1700 1.808965
1721 0.747158
1744 1.426630
1832 2.340444
1859 11.522452
1881 1.717195
1995 1.141787
2003 1.738384
2131 1.018225
2345 2.562293
2363 2.044762
2421 0.986336
2506 1.717195
2572 0.884078
2577 2.738384
2627 0.765256
2652 1.738384
2762 1.880161
2983 1.367316
3051 3.039414
3134 1.641474
3193 1.659203
3227 3.039414
3255 1.367316
3372 2.039414
3414 1.109995
3471 2.340444
3512 2.738384
3573 0.788994
3578 1.835294
3599 1.158601
3618 1.760661
3626 0.967532
3691 0.742749
3714 2.340444
3766 3.041800
3814 2.562293
3841 1.431364
3952 5.681621
4071 2.036450
4077 2.437354
4091 0.693061
4126 1.717195
4196 2.936251
4197 4.680888
4211 0.912309
4266 1.052642
4333 1.136324
4413 1.005990
4445 2.437354
4462 1.141787
4467 1.835294
4624 1.268562
4677 1.619181
4701 1.275986
4738 1.717639
4764 1.152923
4928 1.624441
4994 1.863323
5100 0.700958
5178 0.832588
5234 1.835294
5263 3.726646
5307 1.030814
5320 0.909080
5346 1.760661
5394 3.484844
5452 1.696991
5529 1.293434
5532 0.887126
5651 1.315138
5715 2.340444
5740 1.268562
5743 0.749380
5753 1.950744
5821 1.837680
5827 1.386202
5833 0.499085
5842 2.039414
5845 2.194316
5920 1.233234
5949 2.756521
6112 0.501595
6247 2.437354
6315 1.275986
6466 1.075626
6506 1.299051
6559 1.996043
6590 3.039414
6616 2.698605
6643 1.998021
6792 0.519586
6864 1.745079
7008 0.878046
7061 1.434938
7082 1.147320
7111 0.998169
7217 0.796376
7231 4.874708
7307 3.039414
7368 1.080373
7523 1.717195
7580 2.508169
7637 2.437354
7643 2.827512
7647 2.437354
7687 6.078828
7742 2.738384
7859 1.808561
7861 0.696991
7911 1.240074
8157 1.878087
8227 0.816698
8293 1.835294
8326 1.268562
8412 1.608050
8427 2.039414
8455 0.436270
8552 1.331844
8594 1.808965
8671 1.367316
8711 1.520900
8767 0.704960
8826 1.772827
8856 2.136324
8919 3.042642
8931 0.532719
9022 1.835294
9051 1.125600
9105 1.061691
9106 1.696991
9107 1.291226
9132 0.731918
9137 1.448350
9241 2.738384
9328 1.831125
9339 1.760661
9379 2.942425
9435 1.608050
9438 3.124586
9593 0.949509
9618 0.960233
9619 1.760661
9623 0.994091
9643 1.170182
9679 1.520900
9696 3.039414
9725 1.213339
9767 0.567079
9863 1.219870
9865 0.796376
9926 1.659203
10251 2.364163
10276 0.808965
10317 2.261263
10337 1.061691
10475 0.539727
10487 0.596934
10509 0.704960
10535 3.039414
10559 1.659203
10580 2.261263
10701 1.573122
10836 3.039414
10890 0.930766
11220 2.340444
11287 1.043779
11295 1.213339
11306 0.589165
11314 1.893286
11332 2.145395
11376 0.464226
11423 2.450093
11451 0.884078
11462 1.405946
11475 1.459631
11521 1.075626
11600 0.703770
11620 2.170343
