37

123 0.164221
217 0.091016
831 0.092179
1387 0.122091
1694 0.169656
1859 0.341152
2651 0.088223
3040 0.188754
3385 0.200732
3683 0.120489
3841 0.053680
4677 0.060724
4738 0.064417
5135 0.066809
5178 0.093673
5468 0.134371
5743 0.084312
5753 0.073159
6258 0.288280
6864 0.049084
7061 0.107629
7217 0.089599
7368 0.243103
7394 0.160508
7636 0.229452
7859 0.067826
7861 0.078418
7895 0.209640
8237 0.131656
8931 0.059936
9328 0.103009
10088 0.171115
10475 0.121448
11332 0.080459
11340 0.110971
11423 0.183771
11620 0.122091
