125

243 2.340444
457 2.123381
637 2.551972
1063 4.170343
1090 1.641474
1333 0.811527
1434 3.039414
1542 1.628210
1647 22.612629
1649 0.881052
1725 1.200565
1787 2.136324
1797 0.702954
1807 0.928824
1831 0.767573
1859 3.032224
2003 6.953536
2057 1.659203
2146 1.641474
2174 0.949509
2257 1.495346
2264 1.437354
2268 3.042642
2497 1.608050
2504 1.275986
2507 0.380449
2530 3.585974
2534 5.124586
2550 1.602736
2762 0.470040
2763 1.512226
2916 1.459631
3060 2.853261
3122 0.765256
3177 2.317201
3423 0.925471
3455 2.376312
3473 0.767573
3621 3.598140
3829 2.261263
4091 0.693061
4179 4.449335
4215 1.497254
4351 2.437354
4508 6.078828
4566 0.827227
4573 0.543870
4751 12.157656
5024 2.136324
5032 1.426630
5036 3.124586
5111 1.893286
5234 1.835294
5338 1.416165
5363 1.240074
5368 1.659203
5376 2.522526
5460 1.247022
5491 0.809874
5712 0.967532
5719 1.182082
5740 1.268562
5757 1.960233
5795 1.170182
5821 0.918840
5851 1.692579
5857 1.120336
6060 0.971228
6065 1.358173
6160 2.340444
6192 1.738384
6267 3.039414
6273 1.893286
6708 1.323411
6816 0.978716
6966 2.039414
6980 1.194316
7050 1.164353
7080 1.925471
7143 0.922143
7282 1.835294
7283 1.608050
7340 3.670588
7368 1.080373
7383 1.835294
7498 0.710934
7530 2.994064
7556 1.835294
7694 0.776963
7808 3.355373
7859 0.904280
7899 1.774252
7920 1.039414
7966 1.608050
7971 1.520900
7981 0.925471
8266 2.136324
8271 0.925471
8377 2.508169
8427 2.039414
8458 2.562293
8550 1.659203
8694 1.925471
8767 0.704960
8826 1.418262
8919 1.521321
8959 1.136324
9104 0.893286
9105 6.370143
9138 0.673926
9302 3.039414
9422 1.960233
9731 2.562293
10063 1.367316
10313 6.078828
10331 1.760661
10396 1.014108
10452 2.437354
10560 1.696991
10621 1.125600
10984 3.039414
11256 1.558685
11443 1.891985
11570 1.426630
11600 0.351885
