338

40 0.077176
97 0.023083
99 0.027678
100 0.044706
127 0.036497
188 0.028447
198 0.029275
213 0.021348
243 0.118856
297 0.060030
345 0.023670
346 0.025730
352 0.033818
373 0.037063
398 0.069912
404 0.013845
418 0.020937
424 0.034487
441 0.050733
457 0.026958
508 0.019668
522 0.055718
526 0.040430
536 0.023002
538 0.045933
586 0.018972
665 0.016070
791 0.091937
1063 0.052946
1082 0.054245
1132 0.016070
1270 0.057418
1295 0.061949
1355 0.057418
1387 0.082663
1400 0.035446
1409 0.039308
1456 0.043120
1489 0.040430
1499 0.026729
1507 0.034487
1538 0.051784
1542 0.041343
1633 0.032985
1647 0.172253
1666 0.076567
1718 0.057418
1721 0.037943
1792 0.111435
1803 0.031844
1822 0.037659
1831 0.019490
1838 0.039308
1859 0.215582
1872 0.016200
1881 0.043603
1910 0.054245
1919 0.055718
1996 0.050733
2000 0.025045
2003 0.132422
2046 0.025855
2067 0.032026
2091 0.061949
2124 0.057418
2125 0.045303
2145 0.052946
2166 0.038289
2174 0.192878
2185 0.030015
2248 0.028992
2257 0.037970
2268 0.019315
2340 0.051709
2421 0.025045
2504 0.032400
2507 0.019321
2518 0.020937
2524 0.133077
2530 0.018211
2534 0.065061
2548 0.026067
2550 0.020348
2575 0.024291
2578 0.059428
2651 0.019911
2716 0.162736
2762 0.023870
2806 0.026283
2851 0.029713
2915 0.041248
3060 0.072450
3095 0.014999
3177 0.029419
3179 0.019609
3275 0.031043
3287 0.041680
3310 0.069533
3316 0.031314
3318 0.059428
3353 0.050733
3370 0.028185
3406 0.059428
3409 0.048074
3415 0.035198
3455 0.060339
3509 0.038618
3531 0.020034
3546 0.024851
3562 0.039669
3566 0.057418
3611 0.050090
3621 0.091363
3636 0.048891
3677 0.069533
3683 0.054386
3691 0.037720
3694 0.062975
3705 0.049774
3758 0.030015
3807 0.035198
3908 0.037357
3917 0.122582
3928 0.036497
3951 0.017900
3975 0.030015
4071 0.025855
4179 0.037659
4213 0.031844
4215 0.012673
4217 0.029133
4219 0.047313
4237 0.030975
4255 0.045933
4256 0.065061
4284 0.069533
4333 0.028853
4352 0.072450
4413 0.025544
4458 0.026503
4486 0.069533
4526 0.041680
4541 0.105893
4563 0.118856
4582 0.037970
4624 0.032211
4644 0.039669
4663 0.022604
4667 0.052946
4677 0.013705
4734 0.047188
4738 0.014538
4752 0.054245
4770 0.032026
4772 0.055718
4796 0.030015
4843 0.040831
4849 0.035446
4910 0.049774
4943 0.043614
4967 0.034259
4970 0.069437
5012 0.021005
5084 0.040043
5131 0.059428
5135 0.060312
5177 0.030015
5217 0.032985
5227 0.032787
5243 0.037659
5320 0.023083
5330 0.049774
5363 0.062975
5389 0.049774
5394 0.012641
5395 0.026283
5460 0.031664
5485 0.078616
5491 0.020564
5532 0.022526
5612 0.042600
5681 0.029133
5689 0.021279
5692 0.057425
5712 0.049135
5734 0.028555
5743 0.019028
5753 0.033022
5781 0.051784
5789 0.061889
5801 0.065061
5807 0.040043
5814 0.044706
5817 0.035198
5869 0.053457
5894 0.043090
6011 0.123778
6071 0.015729
6141 0.042600
6259 0.298643
6283 0.027312
6307 0.061889
6367 0.035700
6421 0.014999
6428 0.045933
6485 0.162736
6492 0.114835
6517 0.057418
6529 0.041248
6540 0.049774
6572 0.038958
6587 0.031627
6708 0.033604
6728 0.052946
6792 0.026386
6795 0.090605
6799 0.034487
6801 0.185667
6806 0.017208
6978 0.051784
7018 0.048891
7061 0.012145
7062 0.008733
7111 0.012673
7143 0.093660
7282 0.046601
7288 0.044141
7368 0.301759
7387 0.032026
7394 0.108674
7427 0.054245
7453 0.048074
7480 0.049774
7497 0.023932
7498 0.009026
7530 0.050683
7550 0.041248
7660 0.078616
7706 0.048074
7716 0.057418
7760 0.016924
7808 0.042600
7859 0.045923
7899 0.337886
7913 0.038958
7915 0.026503
7972 0.191061
7981 0.023499
8083 0.036109
8117 0.040043
8126 0.084260
8150 0.027928
8271 0.023499
8292 0.056895
8343 0.025045
8387 0.021703
8404 0.026520
8429 0.059428
8463 0.024382
8469 0.032787
8479 0.044706
8485 0.028315
8508 0.032591
8539 0.033941
8569 0.061889
8582 0.040043
8605 0.018749
8613 0.076578
8650 0.032985
8662 0.030169
8665 0.061889
8671 0.034719
8677 0.068973
8684 0.032211
8694 0.048891
8711 0.038618
8712 0.105893
8826 0.022508
8871 0.030169
8919 0.038629
8924 0.030809
8930 0.026615
8939 0.030809
9051 0.028581
9052 0.021418
9093 0.024110
9104 0.068047
9105 0.188708
9130 0.019490
9142 0.077237
9153 0.054245
9270 0.027312
9328 0.046496
9424 0.037659
9475 0.087205
9584 0.068073
9613 0.211785
9646 0.061949
9725 0.030809
9729 0.034259
9814 0.055718
9865 0.020221
9903 0.020159
9956 0.077176
10008 0.055718
10088 0.038618
10132 0.046601
10134 0.041680
10146 0.061889
10148 0.139065
10242 0.036497
10251 0.030015
10308 0.052946
10309 0.050484
10329 0.083360
10331 0.089413
10337 0.026958
10378 0.017352
10504 0.055718
10557 0.050733
10558 0.035198
10621 0.028581
10624 0.052946
10800 0.061889
11155 0.039669
11193 0.039308
11298 0.030015
11372 0.054245
11425 0.312945
11443 0.024020
11451 0.022448
11462 0.035700
11471 0.045933
11505 0.036225
11526 0.022604
11532 0.016556
11544 0.041248
11600 0.026805
