283

71 0.878046
92 2.340444
99 1.090024
261 2.562293
318 0.824570
397 1.925471
531 1.837680
536 0.905875
538 1.808965
552 2.003975
597 2.039414
600 0.971228
637 1.275986
689 1.268562
791 1.206905
793 2.340444
798 1.307020
831 0.819306
1003 2.085172
1014 2.562293
1132 1.265748
1157 3.945415
1213 2.562293
1251 1.437354
1270 2.261263
1295 1.219870
1355 2.261263
1400 1.395961
1456 2.547247
1489 3.184512
1497 2.437354
1499 1.052642
1538 2.039414
1542 0.814105
1666 4.523141
1718 2.261263
1725 1.200565
1779 3.355373
1792 6.582948
1797 0.702954
1807 1.857649
1822 1.483112
1859 3.638669
1910 2.136324
1994 1.090024
1996 1.998021
2003 5.215152
2005 1.158601
2024 1.022381
2062 1.331844
2067 1.261263
2091 1.219870
2115 0.922143
2124 2.261263
2125 7.136566
2145 2.085172
2165 0.808965
2174 4.747545
2248 1.141787
2257 1.495346
2263 1.405946
2268 0.760661
2321 2.437354
2340 1.018225
2395 2.562293
2507 0.380449
2518 0.824570
2519 1.315138
2524 2.096376
2530 0.717195
2543 1.141787
2550 0.801368
2575 0.956629
2576 0.854723
2627 0.765256
2651 0.784142
2707 1.998021
2716 8.545297
2806 1.035093
2827 2.437354
2915 1.624441
2916 1.459631
2925 2.136324
3054 1.331844
3060 1.426630
3095 2.362831
3121 0.784142
3282 1.376656
3370 1.109995
3406 7.021332
3409 1.893286
3492 0.693061
3509 1.520900
3562 1.562293
3567 0.711035
3613 1.005990
3621 0.899535
3685 1.437354
3705 1.960233
3758 1.182082
3841 0.477121
3908 1.471212
3973 4.680888
4091 0.693061
4137 2.738384
4147 1.960233
4195 1.170182
4213 1.254084
4215 0.998169
4234 3.920466
4333 1.136324
4352 8.559782
4498 7.686879
4534 1.182082
4541 4.170343
4563 2.340444
4564 2.437354
4566 0.827227
4582 1.495346
4617 1.471212
4677 1.079454
4738 1.145093
4849 2.791923
4879 1.717195
4896 1.893286
4903 1.548052
4941 2.194316
5017 2.738384
5055 1.925471
5100 0.700958
5101 1.808965
5135 0.593810
5178 0.832588
5320 0.909080
5324 0.971228
5356 2.562293
5363 1.240074
5376 1.261263
5483 2.261263
5485 1.548052
5491 0.404937
5651 1.315138
5681 1.147320
5692 0.753857
5719 1.182082
5734 1.124586
5743 0.749380
5753 1.300496
5807 1.577016
5817 2.772403
5842 2.039414
5846 2.261263
5869 1.052642
5894 1.696991
5902 1.349218
6011 9.749417
6141 1.677686
6144 1.268562
6163 2.085172
6220 1.416165
6242 1.562293
6259 3.920466
6283 1.075626
6307 2.437354
6308 0.749380
6363 1.925471
6433 1.516762
6485 2.136324
6517 2.261263
6540 1.960233
6546 2.340444
6570 0.998021
6587 1.245547
6792 1.558758
6801 2.437354
6860 1.254084
6864 0.436270
6878 1.275986
7039 1.254084
7060 0.932204
7061 0.956625
7143 1.844286
7368 2.160745
7387 2.522526
7427 2.136324
7450 1.376656
7453 1.893286
7497 0.942504
7498 0.355467
7519 4.522526
7530 0.998021
7550 1.624441
7660 7.740262
7704 0.713078
7706 1.893286
7707 1.066286
7759 1.808965
7859 0.904280
7877 1.608050
7895 1.863323
7899 7.097006
7912 2.340444
7913 1.534264
7920 1.039414
7945 1.738384
7955 1.760661
7972 1.254084
7981 1.850942
8117 3.154032
8126 3.318406
8271 0.925471
8343 2.959007
8348 1.534264
8382 1.039414
8404 0.522218
8419 1.141787
8429 2.340444
8485 1.115135
8512 0.875061
8569 7.312062
8582 1.577016
8613 3.015870
8650 2.598103
8662 1.188156
8665 2.437354
8677 1.358173
8684 2.537124
8712 6.255515
8750 2.039414
8767 0.704960
8826 0.354565
8871 1.188156
8919 0.760661
9051 1.125600
9052 0.843514
9093 0.949509
9105 8.493524
9130 5.373008
9132 0.731918
9138 0.673926
9144 0.925471
9153 2.136324
9154 1.863323
9238 1.738384
9351 1.367316
9366 1.340444
9390 1.998021
9643 1.170182
9712 2.562293
9767 0.567079
9871 1.213339
10008 2.194316
10010 1.061691
10058 1.212890
10088 3.041800
10132 1.835294
10134 1.641474
10146 2.437354
10242 1.437354
10276 0.808965
10309 2.982273
10317 2.261263
10329 3.282948
10337 1.061691
10556 1.182082
10557 1.998021
10621 2.251201
10623 2.039414
10800 2.437354
10893 2.562293
10901 1.893286
10922 2.437354
10946 2.437354
11332 0.715132
11362 1.164353
11425 1.760661
11451 1.768156
11462 1.405946
11526 0.890195
11544 1.624441
11569 2.136324
11600 2.111311
11620 2.170343
