429

33 2.039414
63 0.945992
79 0.922143
97 0.909080
98 3.198859
104 2.136324
109 1.233234
122 0.978716
131 1.808965
151 1.925471
188 1.120336
194 0.723444
213 0.840757
217 0.808965
308 0.915562
345 3.728817
346 2.533299
394 1.863323
428 2.261263
463 2.136324
477 1.641474
481 3.039414
553 0.784142
697 0.819306
764 3.154032
783 1.998021
802 3.318406
828 1.960233
831 0.819306
857 2.317201
872 1.677686
895 0.846290
986 4.874708
1032 1.760661
1037 3.850618
1062 2.437354
1071 2.340444
1074 2.240672
1093 1.405946
1240 2.261263
1284 1.080373
1295 1.219870
1296 0.974956
1333 1.623055
1354 3.039414
1382 2.039414
1385 30.397453
1387 1.085172
1409 6.192210
1456 0.849082
1457 3.039414
1489 3.184512
1499 2.105285
1532 0.779343
1537 3.039414
1605 0.893286
1632 1.808965
1636 1.115135
1649 0.881052
1662 1.925471
1666 0.753857
1694 1.507935
1704 3.096105
1721 0.747158
1777 1.405946
1779 1.677686
1798 1.176091
1803 1.254084
1859 6.670893
1872 0.638014
1875 1.534264
1905 2.136324
1939 1.405946
1943 2.194316
1981 0.935610
2011 2.340444
2017 1.696991
2062 1.331844
2071 0.971228
2076 1.448350
2084 1.980392
2085 1.448350
2149 1.395961
2151 2.261263
2169 2.136324
2259 1.279891
2265 1.998021
2268 1.521321
2363 3.067142
2421 0.986336
2438 3.996043
2467 5.994064
2499 1.307020
2507 1.141348
2550 0.801368
2552 1.043779
2565 4.248494
2572 1.768156
2576 2.564168
2608 2.340444
2627 3.061025
2633 2.189863
2651 0.784142
2697 1.608050
2716 2.136324
2768 1.010030
2806 1.035093
2892 1.520900
2926 1.520900
2927 1.624441
2974 1.495346
2996 1.340444
3034 1.358173
3038 1.659203
3060 1.426630
3095 0.590708
3150 1.176091
3156 2.753313
3179 0.772242
3181 2.340444
3190 2.562293
3203 2.260791
3204 2.272648
3275 2.445117
3285 1.577016
3313 1.507935
3338 1.998021
3347 2.562293
3349 1.738384
3384 1.349218
3392 2.194316
3413 2.340444
3417 1.075626
3455 2.376312
3473 0.767573
3474 3.039414
3498 1.459631
3521 1.254084
3531 0.788994
3567 2.133104
3599 5.793003
3621 0.899535
3627 1.254084
3691 0.742749
3697 2.039414
3700 2.567079
3735 1.483112
3770 1.349218
3778 1.863323
3787 1.416165
3818 1.409921
3841 0.477121
3869 1.416165
3885 1.283539
3887 1.386202
3893 2.738384
3934 2.738384
4081 2.039414
4091 1.386122
4110 1.942457
4165 2.562293
4176 1.760661
4196 0.734063
4205 6.132504
4208 3.039414
4211 1.824619
4221 2.261263
4278 1.534264
4295 2.340444
4315 1.512226
4347 1.998021
4420 1.696991
4451 0.878046
4462 1.141787
4520 0.729784
4532 1.863323
4541 4.170343
4550 2.582452
4566 1.654453
4573 0.543870
4624 1.268562
4638 1.998021
4645 2.123381
4663 1.780390
4677 1.079454
4720 2.562293
4734 0.619458
4738 4.007825
4763 1.893286
4829 2.562293
4928 11.371085
4943 1.145093
5019 2.437354
5099 2.340444
5217 1.299051
5263 3.726646
5268 2.738384
5320 2.727241
5379 1.808965
5394 0.497835
5395 4.140371
5460 1.247022
5625 1.534264
5627 2.738384
5689 0.838017
5692 1.507714
5704 4.874708
5714 1.426630
5715 2.340444
5732 0.786561
5734 1.124586
5743 0.749380
5753 2.600992
5765 1.998021
5842 6.118242
5926 0.698970
5948 0.863323
5949 0.918840
5958 2.261263
5989 2.562293
6070 1.485498
6071 0.619458
6167 2.219990
6205 1.459631
6259 1.960233
6284 3.850942
6291 0.806418
6308 1.498759
6346 1.395961
6463 1.448350
6492 2.261263
6505 1.323411
6559 0.998021
6561 1.960233
6616 0.899535
6643 1.998021
6779 1.592256
6792 4.156689
6864 4.362697
6871 1.507935
6909 0.747158
6941 1.808965
7018 7.701883
7060 0.932204
7061 1.913251
7111 0.499085
7113 2.085172
7118 0.611279
7124 6.249171
7125 1.416165
7135 2.085172
7143 2.766428
7150 0.978716
7249 1.925471
7306 2.738384
7353 5.151584
7368 2.160745
7374 1.358173
7394 1.426630
7411 0.893286
7427 2.136324
7436 2.261263
7439 1.641474
7498 0.355467
7612 2.085172
7635 0.704960
7655 0.922143
7664 3.620716
7694 1.553926
7704 1.426157
7709 0.679579
7723 5.124586
7738 1.066286
7787 2.085172
7818 1.760661
7859 3.014268
7861 0.696991
7883 1.925471
7919 1.659203
7945 1.738384
7946 5.132884
7978 2.199790
7981 2.776412
8083 0.711035
8087 1.158601
8091 1.925471
8095 2.562293
8146 3.248882
8157 1.878087
8175 1.448350
8219 2.738384
8227 0.816698
8240 1.534264
8271 0.925471
8277 3.039414
8279 2.340444
8287 1.760661
8294 0.925471
8334 1.376656
8365 2.738384
8412 1.608050
8463 3.840931
8499 0.796376
8546 2.136324
8563 1.459631
8583 1.349218
8595 3.039414
8605 1.476768
8613 1.507935
8619 1.275986
8629 1.426630
8671 1.367316
8677 1.358173
8685 1.624441
8728 1.233234
8761 1.494316
8766 2.194316
8767 0.704960
8826 1.063696
8856 4.272648
8919 0.760661
8930 1.048188
8931 0.266359
8944 2.437354
8971 1.307020
9047 2.489697
9051 2.251201
9052 3.374058
9059 1.627453
9093 4.747545
9097 0.939044
9132 0.731918
9138 0.673926
9144 0.925471
9189 1.448350
9196 1.893286
9201 2.562293
9264 1.315138
9325 2.562293
9328 0.915562
9339 1.760661
9366 2.680888
9473 4.449335
9492 4.170343
9520 1.520900
9540 2.437354
9562 1.965019
9623 0.994091
9625 1.299051
9629 4.388632
9641 2.261263
9643 1.170182
9653 1.784142
9662 1.677686
9667 1.158601
9679 1.520900
9725 1.213339
9748 1.784142
9761 0.835294
9762 2.738384
9767 0.567079
9811 0.909080
9848 3.039414
9863 1.219870
9865 0.796376
9908 1.562293
9928 2.194316
9977 1.641474
9998 1.534264
10058 1.212890
10063 2.734633
10088 1.520900
10112 2.261263
10126 1.998021
10140 2.562293
10141 4.731048
10228 1.213339
10242 1.437354
10249 0.963867
10251 2.364163
10279 1.005990
10290 1.925471
10352 0.971228
10378 0.683388
10415 1.659203
10487 0.596934
10509 0.704960
10528 1.893286
10552 1.925471
10558 1.386202
10587 1.925471
10603 2.738384
10644 1.863323
10694 2.437354
10717 2.261263
10742 2.738384
10887 1.268562
10891 1.677686
10981 1.577016
11069 2.738384
11146 2.170343
11152 0.893286
11256 3.896714
11257 1.226501
11295 1.213339
11296 2.194316
11332 1.430263
11335 5.218895
11362 1.164353
11364 1.437354
11376 0.464226
11386 1.349218
11396 0.942504
11423 4.083488
11425 1.760661
11437 1.213339
11443 3.783970
11451 1.768156
11459 1.659203
11462 1.405946
11466 1.109995
11470 1.835294
11478 3.039414
11502 1.014108
11503 1.768156
11523 3.230129
11541 1.863323
11600 1.407541
11620 2.170343
