413

97 1.818161
109 1.233234
141 1.717195
191 1.659203
255 1.784142
285 2.562293
313 1.448350
318 0.824570
373 1.459631
404 1.090519
450 3.039414
457 1.061691
512 1.386202
536 4.529376
586 1.494316
625 1.925471
632 0.990196
644 1.835294
665 0.632874
666 3.216101
763 1.641474
831 0.819306
838 1.863323
846 2.261263
870 1.925471
895 0.846290
913 2.078828
917 0.574031
951 4.272648
960 1.066286
965 0.963867
1037 1.283539
1042 1.863323
1082 2.136324
1084 2.738384
1132 0.632874
1149 1.624441
1157 1.315138
1188 1.998021
1231 2.044762
1275 2.582452
1277 5.994064
1279 2.738384
1291 3.039414
1307 3.670588
1333 2.434582
1428 2.085172
1498 1.275986
1558 3.039414
1585 3.039414
1609 2.230270
1611 1.659203
1617 1.291226
1644 2.340444
1663 2.194316
1666 0.753857
1721 0.747158
1726 4.272648
1730 1.548052
1731 4.078828
1831 3.070290
1835 1.291226
1899 1.548052
1974 3.476768
1981 0.935610
1994 1.090024
2000 0.986336
2002 1.275986
2013 2.039414
2073 1.376656
2076 2.896699
2108 2.085172
2131 1.018225
2154 0.677686
2165 1.617930
2259 0.426630
2267 2.494045
2268 0.760661
2278 1.219870
2291 2.039414
2339 2.294639
2342 1.448350
2348 1.913257
2427 2.562293
2507 1.141348
2550 0.801368
2584 2.194316
2606 2.194316
2609 1.483112
2618 1.164353
2626 1.182082
2627 0.765256
2690 0.974956
2699 5.124586
2720 1.052642
2754 3.039414
2755 3.039414
2756 1.577016
2758 4.078828
2762 0.470040
2777 2.136324
2804 1.164353
2846 2.039414
2889 1.960233
3095 0.590708
3103 6.078828
3121 0.784142
3150 1.176091
3177 2.317201
3203 1.130396
3211 1.717195
3213 2.261263
3275 1.833838
3282 2.753313
3316 1.233234
3366 1.367316
3374 2.340365
3383 1.835294
3392 2.194316
3401 4.021332
3414 1.109995
3455 2.376312
3463 2.738384
3465 3.476768
3480 1.376656
3490 2.194316
3520 3.039414
3531 0.788994
3535 1.005990
3539 1.677686
3546 2.936149
3558 7.241431
3598 1.534264
3621 3.598140
3634 1.459631
3642 3.039414
3691 1.485498
3735 1.483112
3841 2.862728
3858 2.085172
3886 2.437354
3951 0.704960
4005 1.094931
4035 2.194316
4091 0.693061
4118 2.340444
4120 1.677686
4121 1.240074
4148 0.978716
4163 1.760661
4168 2.738384
4181 1.520900
4215 0.499085
4246 1.925471
4396 3.041800
4462 1.141787
4598 4.522526
4645 1.061691
4663 1.780390
4677 0.539727
4770 2.522526
4827 2.340444
4830 1.426630
4858 6.369024
4859 1.592256
4942 2.437354
4943 0.572546
4946 2.738384
4955 4.686879
4964 1.057143
4969 1.141787
4970 1.367316
4988 2.340444
4989 2.738384
5010 2.136324
5021 3.039414
5024 2.136324
5062 2.738384
5071 1.998021
5100 1.401915
5160 2.437354
5174 1.507935
5204 1.738384
5324 0.971228
5330 1.960233
5460 1.247022
5475 3.039414
5496 0.978716
5544 1.808965
5562 4.101949
5569 4.106308
5689 0.838017
5712 0.967532
5719 1.182082
5734 0.562293
5743 0.749380
5749 2.902596
5827 1.386202
5833 0.998169
5841 1.471212
5880 0.835294
5920 1.233234
5948 1.726646
6038 2.738384
6106 1.608050
6112 1.003190
6117 1.608050
6148 2.194316
6151 1.641474
6171 2.039414
6192 1.738384
6211 1.226501
6237 2.738384
6281 1.206905
6317 0.702954
6331 1.808965
6346 1.395961
6354 1.863323
6436 12.772330
6456 0.806418
6467 2.562293
6514 1.534264
6542 1.659203
6559 0.998021
6583 1.677686
6627 2.283574
6657 4.413637
6673 2.562293
6792 0.519586
6793 1.863323
6796 1.367316
6820 1.863323
6824 2.136324
6864 0.436270
6901 2.136324
6941 1.808965
6957 10.971580
7006 2.085172
7047 1.213339
7060 0.932204
7118 0.611279
7126 1.539802
7143 1.844286
7202 2.136324
7283 1.608050
7354 3.039414
7377 5.103945
7386 1.998021
7409 2.738384
7411 1.786572
7435 3.920466
7448 2.085172
7460 0.990196
7498 1.421868
7509 1.893286
7529 2.039414
7535 3.039414
7576 5.124586
7584 3.282948
7617 3.039414
7625 1.808965
7631 2.261263
7635 0.704960
7646 1.760661
7655 1.844286
7662 2.738384
7677 2.562293
7694 0.776963
7704 3.565391
7709 2.038736
7738 1.066286
7788 2.120846
7794 1.448350
7800 3.039414
7826 1.299051
7861 0.696991
7862 0.960233
7864 1.170182
7887 0.971228
7937 1.495346
7951 1.960233
7955 1.760661
7981 6.478295
7987 4.129969
7991 1.562293
8046 1.219870
8049 2.562293
8076 3.039414
8083 2.844138
8098 1.247022
8234 1.275986
8272 1.768156
8351 4.932937
8367 6.078828
8377 1.254084
8404 0.522218
8419 1.141787
8458 2.562293
8459 2.085172
8462 1.226501
8487 4.644157
8510 2.562293
8558 5.589969
8559 6.249171
8560 1.998021
8605 0.738384
8619 2.551972
8629 1.426630
8689 2.261263
8690 2.562293
8731 2.039414
8759 1.483112
8761 1.494316
8762 1.448350
8826 0.709131
8930 1.048188
8931 0.532719
8934 1.760661
8954 1.925471
8975 2.261263
9022 1.835294
9051 2.251201
9099 1.315138
9104 0.893286
9114 4.047654
9115 9.944241
9116 7.092490
9138 0.673926
9278 2.738384
9290 1.738384
9394 1.925471
9444 0.939044
9480 1.624441
9528 4.078828
9538 1.052642
9547 2.738384
9579 1.315138
9602 4.731048
9614 1.784142
9642 1.283539
9648 2.437354
9688 1.315138
9704 1.696991
9718 1.405946
9750 2.136324
9767 0.850618
9774 0.956629
9852 2.437354
9863 1.219870
9873 4.129969
9884 2.437354
9893 1.784142
9895 1.738384
9919 1.109995
9922 1.960233
9926 1.659203
9934 1.808965
9938 2.136324
9950 5.260553
9963 3.476768
9999 1.194316
10058 0.606445
10062 3.920466
10080 1.507935
10215 1.641474
10251 1.182082
10258 1.416165
10276 0.808965
10303 1.784142
10309 0.994091
10411 2.261263
10427 3.039414
10432 2.194316
10475 1.079454
10505 1.507935
10515 1.624441
10531 3.039414
10533 3.039414
10561 1.358173
10617 1.863323
10619 0.528869
10627 3.124586
10669 1.717195
10735 3.096105
10779 1.608050
10818 1.299051
10820 1.998021
10887 1.268562
10985 2.039414
10993 2.340444
11015 1.075626
11121 1.200163
11150 1.022381
11152 0.893286
11194 1.014108
11195 3.068528
11205 3.039414
11242 1.048188
11256 0.779343
11298 2.364163
11302 2.738384
11375 0.791441
11376 1.392679
11443 1.891985
11454 2.136324
11466 1.109995
11526 0.890195
11534 1.696991
11600 0.703770
11611 1.608050
11636 2.328706
11637 0.928824
11656 3.039414
