187

45 1.405946
97 0.909080
151 1.925471
188 1.120336
398 1.376656
404 0.545260
407 1.998021
418 0.824570
424 1.358173
457 1.061691
469 5.476768
524 3.039414
526 3.184512
553 0.784142
595 1.808965
791 1.206905
794 2.437354
1363 2.194316
1387 3.255515
1532 1.558685
1542 0.814105
1666 0.753857
1760 1.507935
1838 1.548052
1859 5.458003
1986 1.125600
2000 1.972671
2005 1.158601
2058 0.899535
2115 0.922143
2125 3.568283
2145 2.085172
2154 0.677686
2174 7.596072
2246 1.659203
2248 2.283574
2340 1.018225
2524 2.096376
2532 1.226501
2543 1.141787
2627 0.765256
2651 0.784142
2704 4.078828
2762 0.940080
2763 0.756113
3095 0.590708
3385 1.784142
3531 0.788994
3546 0.978716
3562 3.124586
3621 0.899535
3635 2.437354
3636 3.850942
3685 1.437354
3691 0.742749
3695 2.811891
3715 3.068528
3917 4.827621
3952 1.136324
3984 1.323411
4213 1.254084
4249 1.358173
4255 1.808965
4266 1.052642
4332 5.476768
4352 7.133151
4377 1.520900
4534 1.182082
4624 2.537124
4663 0.890195
4677 1.079454
4714 2.136324
4734 0.619458
4738 0.572546
4752 4.272648
4770 1.261263
4784 1.677686
4796 2.364163
4916 1.268562
4943 0.572546
4964 1.057143
5036 3.124586
5112 0.960233
5135 2.375240
5143 0.902694
5227 1.291226
5297 1.331844
5307 1.030814
5363 1.240074
5382 1.426630
5389 1.960233
5395 1.035093
5448 2.194316
5496 0.978716
5529 0.646717
5651 1.315138
5712 2.902596
5770 1.998021
5792 0.974956
5821 0.918840
5826 2.261858
5833 0.499085
5857 1.120336
5869 1.052642
5880 0.835294
5885 0.706976
5894 3.393983
6026 5.124586
6071 0.619458
6112 0.501595
6144 1.268562
6259 19.602329
6479 2.738384
6485 2.136324
6587 3.113868
6799 1.358173
7061 0.478313
7062 0.343932
7111 0.998169
7329 6.582948
7368 7.562609
7394 4.279891
7487 1.998021
7498 0.710934
7660 6.192210
7709 0.679579
7794 1.448350
7859 0.904280
7899 3.548503
7912 4.680888
7915 1.043779
7929 3.041800
8007 0.838017
8046 1.219870
8083 0.711035
8227 1.633395
8237 1.170182
8343 0.986336
8372 1.784142
8387 0.854723
8605 0.738384
8653 1.080373
8662 1.188156
8671 2.734633
8711 1.520900
8767 1.409921
8783 3.039414
8826 2.127393
8848 2.562293
8919 2.281982
8924 1.213339
8930 1.048188
9062 1.075626
9105 6.370143
9130 4.605435
9132 0.731918
9475 5.151584
9584 1.340444
9710 2.738384
9759 6.078828
9770 1.022381
9814 2.194316
9860 1.784142
9865 0.796376
10088 3.041800
10251 1.182082
10253 3.039414
10275 1.182082
10309 0.994091
10378 1.366777
10544 1.331844
10621 2.251201
10674 6.078828
10769 1.893286
10892 3.679502
10929 2.340444
11256 0.779343
11275 4.874708
11306 1.178330
11372 2.136324
11405 2.562293
11425 8.803303
11502 1.014108
11505 1.426630
11521 2.151253
11523 0.538355
11600 1.055655
