66

183 0.117680
346 0.043606
391 0.116893
394 0.160369
660 0.144392
661 0.101737
875 0.098269
1243 0.194619
1896 0.116122
1994 0.093814
2320 0.149616
2762 0.080909
2881 0.139810
2969 0.157957
3121 0.067488
3188 0.160369
3414 0.095533
3626 0.166544
3695 0.121005
4211 0.078519
4237 0.104990
4266 0.090597
4526 0.141276
4581 0.168710
4677 0.046452
4746 0.157957
4764 0.099228
4845 0.209774
5394 0.042847
5398 0.188857
5526 0.137040
5529 0.055661
5833 0.085909
6136 0.138399
6192 0.149616
6217 0.103874
6291 0.069405
7118 0.105221
7123 0.100212
7182 0.114627
7411 0.076882
7428 0.111805
7549 0.251250
7655 0.238096
7733 0.194619
8073 0.139810
8137 0.138399
8241 0.087635
8605 0.127100
8822 0.135728
8867 0.134461
9047 0.071426
9061 0.679134
9130 0.066062
9138 0.174007
9383 0.132048
9407 0.109819
9677 0.109180
10396 0.087281
10430 0.175525
10475 0.046452
10476 0.147793
11121 0.051647
11299 0.220527
11466 0.095533
11532 0.056117
