132

7 0.135773
79 0.046398
227 0.110408
318 0.041489
404 0.027435
586 0.037594
637 0.064202
831 0.041224
965 0.048497
1003 0.209833
1174 0.102614
1400 0.070238
1498 0.064202
1506 0.056109
1542 0.122886
1649 0.044331
1659 0.100531
1666 0.113792
1677 0.085385
1798 0.059176
1859 0.152568
1872 0.032102
1994 0.054845
2005 0.058296
2116 0.080115
2161 0.068797
2246 0.083484
2248 0.057450
2344 0.065763
2507 0.019142
2537 0.095262
2627 0.038504
2641 0.095262
2725 0.093754
2762 0.023650
2999 0.104916
3095 0.029722
3179 0.038856
3243 0.050415
3286 0.070238
3401 0.067445
3409 0.095262
3485 0.075239
3550 0.069747
3695 0.070741
3758 0.059477
3975 0.059477
4071 0.051232
4124 0.305859
4147 0.098630
4196 0.036935
4211 0.045903
4249 0.136674
4541 0.104916
4725 0.079348
4734 0.031168
4943 0.028808
4970 0.068797
5009 0.069267
5148 0.093754
5204 0.174935
5339 0.305859
5394 0.050098
5529 0.032540
5712 0.097364
5743 0.037705
5869 0.052964
5949 0.046232
6070 0.037372
6097 0.055092
6112 0.025238
6141 0.168827
6185 0.098630
6242 0.078607
6433 0.038158
6570 0.050216
6864 0.065853
6874 0.025175
7059 0.092344
7061 0.024067
7062 0.017305
7072 0.070741
7280 0.137783
7308 0.314430
7368 0.271797
7436 0.113776
7498 0.035771
7534 0.080910
7859 0.060666
7881 0.077891
7904 0.064202
7972 0.063100
8007 0.042165
8083 0.035776
8096 0.201063
8117 0.079348
8245 0.052299
8272 0.044483
8292 0.056370
8315 0.080910
8404 0.026276
8582 0.714135
8725 0.092344
8826 0.008920
8931 0.040206
9255 0.070741
9522 0.075872
9642 0.064582
9643 0.176635
9767 0.014266
10088 0.076525
10134 0.165183
10242 0.072321
10365 0.152930
10378 0.034385
10507 0.051442
10509 0.035470
10537 0.077197
10548 0.050018
10556 0.059477
10557 0.100531
10619 0.053221
10621 0.056635
10802 0.104916
10890 0.023416
10975 0.137783
11084 0.084414
11121 0.060387
11423 0.041093
11600 0.070821
11609 0.061050
11620 0.163803
