133

139 0.050565
194 0.029988
411 0.113510
413 0.071180
434 0.074984
661 0.195995
802 0.068776
875 0.047329
876 0.064169
960 0.044199
992 0.048026
1231 0.042379
1284 0.044783
1382 0.084536
1444 0.060504
1760 0.062506
1818 0.054178
1849 0.082821
2268 0.031530
2365 0.088553
2502 0.173593
2538 0.125988
2565 0.058702
2575 0.039654
2585 0.060984
2715 0.081254
2769 0.046224
2967 0.060504
2995 0.123968
3034 0.056298
3229 0.081254
3417 0.044586
3446 0.086433
3531 0.032705
3573 0.032705
3626 0.080211
3681 0.048026
3691 0.030788
3700 0.053204
3770 0.055927
3818 0.058443
3891 0.218057
4033 0.106409
4040 0.082821
4186 0.077237
4195 0.048506
4196 0.030428
4211 0.113449
4237 0.202261
4266 0.043633
4451 0.036396
4452 0.061477
4566 0.034290
4633 0.119160
4754 0.113510
4767 0.106210
4943 0.023733
5190 0.093732
5494 0.072058
5529 0.053615
5572 0.773768
5732 0.065208
5797 0.044199
5826 0.046879
5833 0.020688
5849 0.177407
5851 0.035080
5945 0.047329
5948 0.071572
5962 0.055927
5975 0.101032
6069 0.093732
6070 0.030788
6071 0.025677
6153 0.066656
6193 0.119160
6217 0.200111
6279 0.084536
6300 0.066001
7043 0.072982
7095 0.076075
7111 0.020688
7118 0.152030
7374 0.056298
7589 0.052281
7598 0.082821
7655 0.152896
7656 0.218057
7694 0.032206
7909 0.093732
7925 0.063043
8070 0.134670
8073 0.134670
8157 0.038925
8227 0.067706
8241 0.084414
8292 0.046439
8405 0.093732
8512 0.036272
8547 0.079813
8605 0.030607
8626 0.404126
8767 0.029222
8826 0.051440
8931 0.011041
9047 0.103201
9061 0.218057
9085 0.084536
9088 0.081254
9130 0.031817
9144 0.038362
9366 0.055563
9383 0.063597
9407 0.211565
9761 0.034624
10029 0.069542
10036 0.061034
10118 0.071180
10465 0.111126
10467 0.113510
10509 0.029222
10537 0.127195
10541 0.057460
10947 0.081254
11003 0.059580
11376 0.019243
11457 0.208627
11458 0.035429
11466 0.138032
11501 0.051983
11532 0.027027
11600 0.058344
11609 0.050295
