203

81 0.051056
106 0.056647
121 0.066204
183 0.130237
204 0.041756
346 0.016086
391 0.086244
413 0.054521
418 0.026180
602 0.046343
661 0.112593
681 0.069670
697 0.026013
833 0.058271
876 0.049151
923 0.067828
955 0.086944
960 0.101564
965 0.061206
994 0.045985
1028 0.043709
1064 0.045296
1068 0.086944
1090 0.052117
1231 0.032461
1259 0.052680
1284 0.034302
1285 0.042838
1444 0.046343
1492 0.048289
1529 0.081353
1641 0.082490
1643 0.033140
1827 0.077386
1994 0.034608
1997 0.047089
2024 0.032461
2172 0.074309
2259 0.013546
2264 0.091272
2290 0.097426
2320 0.055194
2359 0.062237
2489 0.096501
2497 0.051056
2502 0.044322
2507 0.024159
2554 0.043122
2572 0.084209
2575 0.060746
2687 0.045985
2708 0.032864
2762 0.029848
2769 0.035406
2818 0.052117
2886 0.050070
2967 0.046343
2969 0.058271
3054 0.042286
3058 0.096501
3218 0.048713
3229 0.062237
3275 0.019408
3414 0.035242
3539 0.106533
3546 0.031074
3626 0.030719
3634 0.046343
3691 0.047165
3695 0.044639
3826 0.044639
3938 0.039155
3952 0.072157
4033 0.040752
4196 0.023307
4211 0.028966
4237 0.038731
4374 0.057435
4377 0.048289
4437 0.046711
4451 0.027878
4464 0.081353
4581 0.062237
4746 0.116541
4783 0.063437
4982 0.071795
5064 0.075062
5270 0.044322
5361 0.061134
5394 0.047419
5529 0.041067
5532 0.028166
5572 0.053880
5591 0.058271
5678 0.031316
5693 0.040045
5732 0.099893
5753 0.020645
5833 0.047538
5849 0.045296
5880 0.026521
5945 0.145007
5947 0.079186
5948 0.082232
6070 0.070747
6112 0.047777
6136 0.051056
6192 0.662325
6217 0.191596
6218 0.071795
6300 0.050554
6317 0.022319
6412 0.069670
6445 0.047089
6572 0.048713
6828 0.022771
6858 0.071814
7111 0.031692
7118 0.097041
7123 0.036968
7182 0.042286
7190 0.077386
7310 0.049151
7389 0.045296
7416 0.061134
7428 0.041245
7549 0.139030
7655 0.117112
7656 0.125267
7694 0.074006
7733 0.071795
7775 0.042559
7847 0.029598
7872 0.044963
7915 0.033140
7987 0.043709
8073 0.154728
8137 0.102111
8175 0.045985
8227 0.025930
8255 0.069670
8271 0.029384
8292 0.035571
8302 0.086944
8343 0.031316
8404 0.033161
8529 0.033855
8539 0.042440
8731 0.064751
8780 0.040996
8822 0.100141
8826 0.045030
8867 0.694440
8988 0.096501
9033 0.057435
9047 0.026349
9061 0.041756
9079 0.049603
9110 0.039593
9130 0.146223
9132 0.023238
9138 0.064192
9173 0.086944
9288 0.062237
9328 0.058138
9357 0.043709
9407 0.081025
9460 0.077386
9461 0.022903
9492 0.066204
9568 0.033855
9664 0.063437
9734 0.052680
9899 0.116541
9944 0.037531
10036 0.070125
10069 0.050554
10151 0.067828
10195 0.026870
10378 0.021698
10423 0.022192
10465 0.042559
10475 0.034273
10476 0.054521
10544 0.169144
10619 0.016792
10638 0.096501
10677 0.026180
10745 0.052680
11003 0.091272
11031 0.045985
11139 0.045296
11152 0.113447
11249 0.059161
11290 0.049151
11350 0.086944
11366 0.043412
11457 0.106533
11458 0.081412
11466 0.070485
11502 0.032198
11532 0.041404
11600 0.044689
