249

23 1.018225
60 2.437354
71 0.878046
83 1.548052
85 1.299051
99 5.450121
122 0.978716
127 1.437354
191 1.659203
198 2.305847
247 2.340444
297 1.182082
398 1.376656
404 0.545260
508 0.774596
512 2.772403
600 1.942457
632 0.990196
665 1.265748
697 0.819306
791 2.413810
792 2.039414
798 1.307020
895 0.846290
899 2.136324
917 0.574031
960 1.066286
965 0.963867
1140 1.808965
1269 0.939044
1278 1.268562
1282 6.078828
1286 2.194316
1287 3.039414
1336 1.608050
1387 5.425858
1436 1.534264
1465 9.703411
1483 1.760661
1507 1.358173
1542 1.628210
1594 3.039414
1633 1.299051
1649 1.762103
1651 1.784142
1668 4.680888
1803 1.254084
1807 0.928824
1859 1.212890
1949 1.677686
1991 1.066286
2005 3.475802
2024 1.022381
2067 1.261263
2115 0.922143
2145 2.085172
2154 1.355373
2161 1.367316
2208 3.039414
2213 1.863323
2248 2.283574
2259 0.426630
2340 1.018225
2354 2.194316
2400 3.039414
2483 3.039414
2507 0.380449
2519 1.315138
2638 2.123381
2717 3.039414
2736 2.340444
2768 1.010030
2806 1.035093
2846 2.039414
2853 4.170343
3041 3.039414
3095 0.590708
3118 3.039414
3171 2.942425
3179 0.772242
3286 1.395961
3374 1.170182
3437 1.437354
3445 1.677686
3530 2.437354
3535 1.005990
3542 1.677686
3567 2.133104
3619 2.562293
3621 4.497675
3624 4.680888
3626 0.967532
3636 1.925471
3693 2.874708
3694 3.720221
3886 2.437354
3888 2.136324
3917 2.413810
3952 2.272648
3984 2.646822
4081 2.039414
4091 0.693061
4095 3.039414
4105 2.562293
4148 0.978716
4212 1.998021
4227 2.340444
4352 2.853261
4479 2.136324
4520 0.729784
4556 2.085172
4573 1.087740
4613 1.805387
4738 0.572546
4849 1.395961
4858 1.592256
4875 1.520900
4903 1.548052
4943 0.572546
5023 1.070931
5067 2.328706
5133 3.015870
5135 0.593810
5385 2.039414
5531 3.670588
5701 1.331844
5712 1.935064
5734 0.562293
5740 1.268562
5758 1.219870
5814 1.760661
5821 0.918840
5825 2.437354
5885 0.706976
5949 0.918840
6071 1.238917
6112 2.006380
6167 1.109995
6168 7.604501
6185 1.960233
6283 2.151253
6308 0.749380
6336 1.925471
6367 2.811891
6428 54.268956
6433 2.275142
6445 1.483112
6481 3.039414
6514 1.534264
6587 0.622774
6601 2.990692
6792 0.519586
6952 2.562293
6985 2.437354
7032 1.386202
7059 1.835294
7061 0.478313
7062 0.343932
7111 0.499085
7125 1.416165
7265 2.039414
7368 8.642982
7408 2.039414
7411 0.893286
7485 1.760661
7498 0.710934
7571 2.562293
7572 7.312062
7635 0.704960
7641 0.646717
7660 3.096105
7664 1.206905
7847 0.932204
7859 1.507134
7861 1.393983
7899 1.774252
7929 3.041800
7948 1.376656
7971 1.520900
7972 1.254084
7976 5.476768
7989 1.048188
8007 2.514051
8030 1.696991
8085 1.507935
8271 0.925471
8349 2.194316
8358 1.960233
8362 2.437354
8377 1.254084
8387 1.709445
8414 1.925471
8442 2.738384
8469 1.291226
8476 10.303169
8498 1.340444
8508 1.283539
8513 1.577016
8539 0.668346
8583 1.349218
8826 1.595545
8869 2.136324
8931 0.532719
8971 2.614041
8984 1.960233
8989 1.471212
9042 2.562293
9059 3.797391
9097 0.939044
9105 1.061691
9130 0.767573
9187 6.078828
9237 2.136324
9568 1.066286
9587 1.291226
9596 1.213339
9642 1.283539
9669 1.549193
9777 1.784142
9903 1.587803
10010 1.061691
10015 1.066286
10172 1.863323
10215 1.641474
10261 2.562293
10378 2.050165
10663 1.835294
10704 3.039414
10810 1.893286
10892 4.906003
10903 3.096105
11078 2.085172
11146 2.170343
11193 3.096105
11200 1.261263
11202 2.562293
11296 6.582948
11298 2.364163
11306 0.589165
11321 2.261263
11358 2.136324
11423 0.816698
11458 0.854723
11523 0.538355
11532 0.652024
11544 1.624441
11570 2.853261
11600 0.351885
11625 1.104916
