253

118 0.062314
139 0.069284
173 0.090434
183 0.077658
194 0.020544
203 0.086314
308 0.026000
391 0.077139
458 0.021218
465 0.050666
475 0.038315
509 0.048191
657 0.059215
660 0.047643
661 0.033569
726 0.053766
764 0.044784
828 0.055667
833 0.104238
876 0.043962
917 0.016301
930 0.043962
960 0.030280
965 0.109488
992 0.065804
1068 0.077765
1112 0.043464
1216 0.064216
1370 0.031522
1382 0.057915
1393 0.062314
1507 0.077139
1592 0.031815
1605 0.025368
1643 0.059283
1719 0.077765
1897 0.052915
1976 0.051371
1979 0.046615
1994 0.061909
2005 0.032902
2021 0.040818
2032 0.066464
2067 0.071635
2165 0.022973
2264 0.040818
2268 0.064804
2313 0.038570
2345 0.072764
2363 0.029034
2473 0.029153
2572 0.050212
2583 0.056740
2609 0.042118
2632 0.069216
2651 0.022268
2756 0.044784
2762 0.106786
2969 0.052119
3034 0.038570
3099 0.054680
3156 0.039094
3285 0.044784
3322 0.039643
3346 0.086314
3366 0.116488
3370 0.031522
3417 0.030546
3446 0.059215
3455 0.033741
3466 0.046615
3480 0.039094
3489 0.039926
3498 0.041451
3531 0.022406
3546 0.027794
3573 0.022406
3626 0.109904
3627 0.035614
3637 0.129078
3679 0.042822
3691 0.063278
3695 0.119779
3755 0.077765
3803 0.077765
3816 0.062314
3841 0.013549
3883 0.052119
3952 0.032269
4033 0.182250
4063 0.031094
4066 0.086314
4195 0.033231
4196 0.041692
4211 0.051816
4266 0.029893
4268 0.051371
4362 0.077658
4377 0.043191
4444 0.047643
4451 0.049870
4469 0.052915
4566 0.046983
4575 0.069216
4581 0.167001
4593 0.052915
4594 0.060668
4746 0.052119
4764 0.032741
4943 0.032518
5050 0.026864
5064 0.033569
5224 0.054680
5394 0.056550
5460 0.070826
5521 0.037117
5529 0.036731
5709 0.056740
5732 0.022337
5759 0.066464
5826 0.032116
5833 0.070865
5873 0.062314
5880 0.023721
5926 0.079398
5945 0.032425
5947 0.035413
5948 0.049033
6070 0.042185
6071 0.052774
6087 0.086314
6136 0.045666
6192 0.691135
6217 0.342738
6300 0.045217
6313 0.069216
6315 0.036236
6316 0.086314
6468 0.057915
6492 0.064216
6536 0.051371
6559 0.056684
6813 0.022337
6817 0.069216
6843 0.069216
6852 0.066464
6858 0.032116
7043 0.049999
7069 0.054680
7111 0.028346
7118 0.017359
7124 0.044366
7297 0.043570
7404 0.031965
7428 0.036891
7460 0.028120
7505 0.086314
7509 0.053766
7549 0.082901
7587 0.044366
7641 0.018366
7655 0.157123
7656 0.037347
7694 0.044129
7733 0.064216
7760 0.018927
7847 0.026473
7856 0.035614
7864 0.033231
7872 0.040216
7987 0.039094
8073 0.092262
8091 0.054680
8098 0.035413
8117 0.044784
8137 0.136997
8157 0.026667
8240 0.043570
8292 0.031815
8394 0.035021
8408 0.066464
8445 0.045217
8479 0.049999
8482 0.029641
8511 0.053766
8605 0.041937
8667 0.046615
8728 0.035021
8822 0.179137
8825 0.086314
8826 0.030207
8867 0.576760
8916 0.052915
8956 0.030681
9033 0.051371
9047 0.023568
9130 0.130786
9132 0.041570
9138 0.019138
9283 0.052119
9407 0.036236
9458 0.064216
9537 0.049999
9656 0.086314
9680 0.053766
9756 0.062314
9832 0.050666
9863 0.034642
9865 0.022616
9881 0.047643
9899 0.052119
9944 0.033569
9947 0.086314
9949 0.059215
9969 0.062314
10036 0.041814
10079 0.069216
10113 0.069216
10130 0.086314
10228 0.034457
10286 0.086314
10378 0.019407
10401 0.029034
10433 0.029893
10448 0.077765
10475 0.091963
10476 0.048765
10487 0.016952
10504 0.062314
10509 0.020020
10537 0.043570
10541 0.039365
10548 0.028230
10619 0.015019
10701 0.022337
10784 0.086314
10866 0.167001
10925 0.060668
10959 0.086314
10981 0.044784
11031 0.082261
11121 0.068165
11152 0.050735
11208 0.041780
11249 0.052915
11332 0.020308
11376 0.026366
11436 0.086314
11457 0.095286
11458 0.024272
11503 0.025106
11523 0.015288
11600 0.019986
