536

63 0.945992
71 0.878046
74 0.942504
92 4.680888
99 2.180048
127 1.437354
188 1.120336
243 2.340444
261 2.562293
318 0.824570
343 2.738384
387 7.312062
397 1.925471
457 2.123381
466 1.835294
469 2.738384
512 1.386202
521 3.039414
522 2.194316
526 3.184512
531 1.837680
536 0.905875
538 1.808965
544 2.562293
552 3.005963
570 3.039414
597 4.078828
600 1.942457
632 0.990196
633 1.206905
637 1.275986
689 1.268562
791 6.034526
793 2.340444
794 7.312062
798 1.307020
917 0.574031
960 1.066286
965 0.963867
994 1.448350
1001 2.437354
1003 2.085172
1014 2.562293
1037 1.283539
1074 1.120336
1132 1.898622
1157 3.945415
1213 2.562293
1270 2.261263
1275 1.291226
1293 9.118242
1295 2.439740
1355 2.261263
1387 4.340686
1394 6.078828
1400 1.395961
1456 2.547247
1466 0.909080
1489 3.184512
1497 2.437354
1499 1.052642
1526 4.680888
1538 2.039414
1542 5.698734
1605 0.893286
1633 1.299051
1647 6.783789
1649 0.881052
1666 6.030854
1670 1.659203
1689 1.437354
1701 6.582948
1710 2.738384
1718 2.261263
1725 1.200565
1767 1.808965
1779 3.355373
1792 6.582948
1794 3.039414
1795 2.738384
1797 2.811818
1798 1.176091
1803 1.254084
1807 1.857649
1816 7.133151
1822 2.966223
1828 1.696991
1843 6.078828
1847 4.170343
1859 6.064448
1910 2.136324
1952 1.507935
1994 1.090024
1996 1.998021
2000 3.945343
2003 10.430305
2005 3.475802
2024 1.022381
2025 1.426630
2046 1.018225
2057 1.659203
2062 1.331844
2067 1.261263
2091 1.219870
2115 0.922143
2124 6.783789
2125 12.488991
2145 4.170343
2154 0.677686
2157 2.437354
2165 0.808965
2174 15.192144
2199 2.562293
2244 4.217837
2248 3.425361
2249 1.760661
2257 5.981384
2268 3.803303
2320 1.738384
2321 2.437354
2340 1.018225
2353 1.784142
2395 2.562293
2419 2.085172
2496 2.437354
2497 1.608050
2504 2.551972
2518 0.824570
2524 1.048188
2530 0.717195
2543 1.141787
2574 2.562293
2575 0.956629
2576 0.854723
2591 2.562293
2627 0.765256
2651 0.784142
2704 2.039414
2716 8.545297
2720 2.105285
2762 0.940080
2763 0.756113
2806 1.035093
2827 2.437354
2843 1.471212
2915 1.624441
2916 1.459631
2925 2.136324
2962 4.413637
2974 1.495346
3054 1.331844
3060 5.706521
3069 3.039414
3095 2.362831
3121 0.784142
3198 6.078828
3203 0.565198
3263 1.760661
3282 1.376656
3292 2.738384
3338 1.998021
3370 1.109995
3374 1.170182
3377 1.507935
3385 1.784142
3406 7.021332
3409 1.893286
3455 3.564467
3492 0.693061
3509 1.520900
3513 1.717195
3531 0.788994
3547 1.835294
3562 6.249171
3563 3.039414
3567 0.711035
3582 2.085172
3621 13.493025
3636 3.850942
3667 7.686879
3677 2.738384
3685 4.312062
3693 4.312062
3694 1.240074
3695 5.623783
3705 1.960233
3758 2.364163
3760 1.483112
3818 0.704960
3829 2.261263
3841 0.477121
3908 1.471212
3917 3.620716
3952 1.136324
3973 4.680888
3984 2.646822
3994 2.738384
4047 4.272648
4091 0.693061
4147 1.960233
4148 0.978716
4186 1.863323
4190 4.874708
4213 1.254084
4215 1.497254
4217 1.147320
4234 1.960233
4237 1.219870
4249 4.074519
4261 3.039414
4315 1.512226
4317 1.254084
4318 1.835294
4332 2.738384
4333 1.136324
4339 2.562293
4352 15.692933
4413 3.017971
4451 1.756092
4495 7.686879
4498 7.686879
4529 1.307020
4541 4.170343
4563 2.340444
4564 2.437354
4566 0.827227
4582 1.495346
4610 1.315138
4617 1.471212
4624 1.268562
4645 1.061691
4656 3.039414
4677 2.158908
4738 2.290186
4745 1.893286
4804 5.476768
4844 2.085172
4849 2.791923
4879 3.434390
4903 1.548052
4943 0.572546
4970 1.367316
5036 1.562293
5055 1.925471
5074 1.998021
5081 2.061628
5100 0.700958
5101 1.808965
5135 0.593810
5153 3.039414
5178 2.497765
5210 3.039414
5217 2.598103
5227 1.291226
5232 2.085172
5241 6.787966
5286 7.021332
5307 1.030814
5320 2.727241
5324 0.971228
5345 1.471212
5356 2.562293
5363 4.960294
5376 2.522526
5389 1.960233
5395 1.035093
5405 3.039414
5483 2.261263
5485 1.548052
5491 0.809874
5635 2.261263
5651 1.315138
5663 6.078828
5681 2.294639
5692 2.261570
5712 0.967532
5716 2.039414
5719 2.364163
5734 0.562293
5737 1.863323
5743 0.749380
5753 1.300496
5807 1.577016
5817 2.772403
5821 0.918840
5842 2.039414
5846 2.261263
5851 0.846290
5869 1.052642
5880 0.835294
5894 15.272923
5897 2.194316
5902 1.349218
5939 3.039414
5957 1.226501
5969 3.039414
6011 9.749417
6026 2.562293
6035 1.925471
6097 1.094931
6104 2.194316
6129 3.920466
6141 1.677686
6144 1.268562
6160 7.021332
6163 2.085172
6217 1.206905
6220 1.416165
6242 3.124586
6259 5.880699
6277 4.078828
6291 0.806418
6301 2.194316
6307 2.437354
6308 1.498759
6317 1.405909
6363 1.925471
6421 0.590708
6433 6.067046
6479 2.738384
6485 4.272648
6517 2.261263
6521 2.738384
6536 1.808965
6540 1.960233
6546 2.340444
6570 3.992086
6587 6.227736
6614 9.118242
6708 1.323411
6718 2.437354
6735 6.078828
6736 3.039414
6792 3.117517
6801 4.874708
6802 1.005990
6813 0.786561
6860 1.254084
6864 1.745079
6878 2.551972
6966 2.039414
6968 1.268562
7037 2.562293
7039 2.508169
7050 1.164353
7058 1.925471
7059 1.835294
7060 0.932204
7061 0.956625
7064 1.998021
7118 0.611279
7125 1.416165
7143 4.610714
7282 1.835294
7308 1.562293
7329 4.388632
7368 2.160745
7387 2.522526
7394 2.853261
7427 2.136324
7439 1.641474
7450 2.753313
7453 1.893286
7458 6.078828
7494 2.562293
7497 0.942504
7498 0.710934
7519 2.261263
7530 3.992086
7550 1.624441
7584 1.641474
7607 1.835294
7635 0.704960
7660 17.028577
7694 0.776963
7704 0.713078
7706 1.893286
7707 1.066286
7759 1.808965
7761 1.200565
7774 2.562293
7788 0.530212
7859 2.109988
7877 1.608050
7895 1.863323
7899 14.194012
7909 2.261263
7912 4.680888
7913 1.534264
7917 2.340444
7920 1.039414
7929 1.520900
7945 3.476768
7955 1.760661
7971 1.520900
7972 6.270421
7975 9.118242
7981 1.850942
7987 1.376656
8010 1.507935
8015 3.039414
8030 1.696991
8044 1.483112
8046 1.219870
8117 3.154032
8126 3.318406
8150 1.099895
8175 2.896699
8183 4.217837
8217 6.078828
8237 1.170182
8271 0.925471
8292 1.120336
8315 4.824151
8343 2.959007
8382 2.078828
8404 0.522218
8429 2.340444
8442 8.215152
8463 0.960233
8485 2.230270
8508 1.283539
8539 0.668346
8569 4.874708
8582 1.577016
8613 1.507935
8621 1.283539
8650 2.598103
8653 1.080373
8662 3.564467
8664 2.194316
8665 9.749417
8671 1.367316
8677 1.358173
8684 5.074248
8694 1.925471
8712 6.255515
8750 2.039414
8767 1.409921
8826 0.531848
8855 2.340444
8869 2.136324
8871 1.188156
8905 2.738384
8919 0.760661
8924 2.426679
8960 2.085172
8994 5.476768
9051 2.251201
9052 0.843514
9059 0.542484
9083 3.786572
9093 1.899018
9105 29.727334
9107 1.291226
9130 9.978443
9132 0.731918
9138 1.347852
9144 2.776412
9153 2.136324
9154 1.863323
9238 1.738384
9351 1.367316
9366 1.340444
9390 1.998021
9475 3.434390
9520 1.520900
9526 3.039414
9562 0.982509
9587 1.291226
9593 1.899018
9619 1.760661
9642 1.283539
9646 1.219870
9712 2.562293
9748 1.784142
9767 0.567079
9770 1.022381
9788 6.432201
9814 2.194316
9819 2.562293
9820 3.850942
9871 1.213339
9873 1.376656
9925 7.021332
9977 1.641474
10008 2.194316
10010 1.061691
10021 3.039414
10058 2.425779
10088 3.041800
10093 1.641474
10096 1.483112
10134 3.282948
10146 2.437354
10147 1.548052
10148 2.738384
10242 2.874708
10276 0.808965
10304 1.641474
10309 2.982273
10329 4.924422
10405 1.835294
10412 1.808965
10487 0.596934
10556 1.182082
10557 1.998021
10560 1.696991
10589 1.315138
10608 3.039414
10621 4.502401
10623 6.118242
10624 2.085172
10800 2.437354
10887 1.268562
10892 2.453002
10893 2.562293
10922 2.437354
10946 2.437354
11033 2.261263
11194 1.014108
11275 4.874708
11332 1.430263
11344 3.039414
11355 1.592256
11362 1.164353
11378 2.039414
11425 10.563963
11451 2.652234
11462 2.811891
11526 0.890195
11570 1.426630
11600 6.333933
11608 9.118242
11620 5.425858
11630 1.863323
