232

74 0.029686
139 0.038422
183 0.129199
194 0.022786
199 0.042496
391 0.042778
404 0.017174
479 0.076433
511 0.064236
586 0.023533
657 0.065677
660 0.264211
661 0.111696
662 0.161409
883 0.047904
911 0.073717
912 0.142446
913 0.032738
934 0.056977
960 0.033585
1093 0.088566
1167 0.045974
1194 0.095733
1295 0.076845
1403 0.095733
1492 0.047904
1495 0.050649
1516 0.099343
1605 0.028136
1617 0.040670
1641 0.163665
1760 0.047495
1785 0.055456
1849 0.188795
1872 0.020096
1880 0.087937
1897 0.058689
2017 0.106900
2024 0.032202
2156 0.051165
2176 0.050649
2268 0.047917
2350 0.059633
2396 0.459737
2435 0.059633
2502 0.263812
2503 0.230308
2507 0.023966
2524 0.033015
2532 0.038631
2572 0.055692
2575 0.090393
2756 0.049671
2762 0.014805
2910 0.069114
2954 0.029469
2960 0.262707
2995 0.141297
3034 0.085557
3122 0.048207
3132 0.061742
3275 0.019253
3352 0.061742
3414 0.069923
3415 0.043661
3550 0.043661
3567 0.022395
3590 0.069114
3599 0.036492
3620 0.293446
3621 0.028333
3673 0.042496
3700 0.040428
3735 0.046714
3818 0.022204
3904 0.047495
4091 0.043659
4121 0.039059
4146 0.080705
4148 0.030827
4211 0.028735
4237 0.076845
4266 0.033155
4452 0.046714
4554 0.095733
4601 0.276458
4634 0.064236
4708 0.021707
4781 0.080705
4832 0.097518
4866 0.029796
4943 0.036067
4954 0.044605
4978 0.047099
5100 0.044156
5181 0.062932
5185 0.095733
5242 0.038843
5266 0.067288
5270 0.043969
5320 0.028633
5376 0.039726
5379 0.056977
5399 0.049671
5494 0.109508
5678 0.031067
5786 0.095733
5833 0.031439
5849 0.179739
5854 0.076769
5867 0.056977
5869 0.033155
5889 0.138229
5926 0.044031
5947 0.039278
5948 0.054384
5949 0.028941
6070 0.023394
6071 0.039022
6143 0.086251
6217 0.190070
6227 0.036492
6262 0.431255
6281 0.038014
6300 0.100303
6308 0.023603
6433 0.047773
6570 0.188608
6572 0.048325
6587 0.039231
6616 0.028333
6661 0.192707
6792 0.032731
6833 0.061742
6909 0.047067
6992 0.094991
7062 0.010833
7077 0.059633
7118 0.057760
7123 0.036674
7131 0.045619
7374 0.085557
7428 0.081833
7455 0.095733
7655 0.145224
7656 0.248538
7694 0.024472
7760 0.020993
7876 0.048759
7908 0.123483
8061 0.056195
8070 0.051165
8073 0.051165
8098 0.039278
8222 0.076769
8271 0.029150
8352 0.026921
8455 0.013741
8462 0.038631
8512 0.027562
8629 0.044935
8761 0.070600
8767 0.022204
8784 0.029362
8785 0.026744
8826 0.061423
8919 0.071876
8931 0.008390
9047 0.026139
9061 0.124269
9079 0.049208
9080 0.056195
9085 0.064236
9087 0.098415
9107 0.040670
9115 0.034802
9138 0.021227
9189 0.045619
9250 0.185225
9270 0.067758
9280 0.036492
9379 0.046339
9400 0.073717
9407 0.080380
9450 0.067288
9607 0.164262
9608 0.071223
9668 0.054087
9672 0.059633
9673 0.086251
9755 0.048325
9761 0.026309
9767 0.026792
9865 0.025083
9881 0.052842
9998 0.048325
10036 0.069566
10058 0.019101
10059 0.055456
10067 0.032071
10077 0.041684
10108 0.071223
10125 0.045619
10134 0.051702
10195 0.026656
10249 0.151795
10276 0.025480
10302 0.091237
10378 0.043049
10541 0.087322
10544 0.083898
10558 0.043661
10619 0.016658
10711 0.039956
10890 0.043975
11003 0.045272
11150 0.032202
11209 0.064236
11306 0.018557
11335 0.032876
11364 0.135817
11376 0.043865
11423 0.077171
11466 0.034962
11502 0.031941
11503 0.027846
11516 0.067288
11522 0.106900
11572 0.172502
11600 0.044333
11611 0.050649
11638 0.117378
