310

26 0.021770
28 0.049546
97 0.036959
99 0.022158
213 0.017091
223 0.045967
255 0.036268
266 0.045967
304 0.067382
319 0.043427
337 0.043427
536 0.018415
549 0.029671
586 0.015188
633 0.024534
665 0.012865
897 0.034982
904 0.052086
913 0.084516
1198 0.033021
1231 0.020783
1269 0.019089
1333 0.032993
1357 0.044606
1378 0.028179
1404 0.047576
1456 0.017260
1466 0.036959
1605 0.018159
1613 0.026902
1633 0.026407
1636 0.022668
1643 0.021218
1654 0.044606
1666 0.015324
1706 0.055666
1721 0.015188
1744 0.029000
1797 0.014290
1900 0.153266
1981 0.038038
2008 0.031469
2042 0.054854
2071 0.019743
2082 0.032057
2126 0.082914
2131 0.020698
2134 0.031758
2154 0.013776
2165 0.032889
2185 0.024029
2244 0.028580
2259 0.008672
2348 0.019446
2455 0.017317
2499 0.026569
2500 0.045967
2507 0.007734
2524 0.021307
2548 0.020868
2572 0.017971
2576 0.017375
2608 0.047576
2627 0.015556
2682 0.037877
2690 0.019819
2762 0.009555
2879 0.049546
2937 0.052086
3002 0.055666
3006 0.035791
3016 0.055666
3115 0.036268
3121 0.015940
3131 0.030653
3163 0.037308
3203 0.068936
3243 0.020368
3275 0.012426
3286 0.028377
3374 0.023787
3384 0.054854
3401 0.081745
3432 0.029907
3482 0.019668
3509 0.030917
3521 0.025493
3531 0.048116
3567 0.014454
3620 0.037877
3621 0.128000
3694 0.025208
3766 0.030917
3772 0.082280
3795 0.028377
3850 0.030833
3951 0.057321
3993 0.045967
4005 0.022258
4063 0.044515
4091 0.014088
4110 0.019743
4158 0.055666
4215 0.081163
4246 0.039141
4272 0.104172
4346 0.034496
4396 0.030917
4444 0.034104
4451 0.017849
4452 0.090446
4454 0.052086
4502 0.049546
4538 0.022774
4573 0.011056
4694 0.047576
4708 0.014009
4734 0.012592
4828 0.055666
4842 0.033021
4901 0.018350
4928 0.066043
4943 0.011639
4964 0.042979
5012 0.016816
5058 0.038487
5067 0.047338
5068 0.049546
5096 0.034496
5097 0.055666
5100 0.028498
5110 0.036772
5112 0.039039
5193 0.035338
5324 0.019743
5562 0.027795
5569 0.333890
5574 0.049546
5678 0.020050
5679 0.031469
5712 0.039336
5719 0.024029
5734 0.045721
5758 0.024797
5762 0.060297
5763 0.071581
5792 0.039638
5797 0.021675
5826 0.022989
5833 0.020291
5901 0.111331
5920 0.025069
5931 0.034104
6060 0.019743
6065 0.027609
6070 0.015099
6071 0.037777
6106 0.032688
6112 0.010196
6170 0.162462
6171 0.041457
6291 0.065571
6308 0.030467
6317 0.028579
6334 0.055666
6417 0.055666
6421 0.024016
6435 0.052086
6436 0.463633
6456 0.098357
6457 0.030397
6473 0.042387
6524 0.055666
6568 0.044118
6582 0.133817
6583 0.034104
6616 0.018286
6627 0.023210
6792 0.021124
6820 0.037877
6837 0.025208
6858 0.022989
6859 0.037877
6864 0.070948
6871 0.030653
6909 0.030376
6920 0.055666
6962 0.048810
6975 0.028580
6980 0.024278
6986 0.045967
7050 0.023669
7060 0.018950
7061 0.019446
7111 0.010145
7122 0.034104
7126 0.078252
7143 0.018745
7146 0.037308
7320 0.033728
7349 0.111331
7356 0.055666
7362 0.041457
7366 0.055666
7367 0.055666
7377 0.181567
7385 0.140854
7404 0.022881
7407 0.047576
7448 0.127161
7498 0.014452
7530 0.020288
7643 0.019159
7709 0.069072
7737 0.027609
7738 0.021675
7761 0.024405
7788 0.010778
7859 0.018382
7861 0.028337
7915 0.063653
7946 0.041736
8007 0.017035
8016 0.019089
8068 0.055666
8083 0.014454
8271 0.018813
8281 0.027795
8382 0.021129
8383 0.029000
8404 0.042462
8449 0.028377
8455 0.008868
8457 0.048556
8485 0.045337
8505 0.052086
8539 0.013586
8558 0.037877
8559 0.063516
8560 0.040616
8761 0.030376
8767 0.028661
8784 0.037899
8826 0.054057
8874 0.026902
8919 0.139164
8922 0.061785
8925 0.055666
8931 0.005415
8956 0.043923
8959 0.023099
9110 0.025349
9114 0.027427
9115 0.067382
9116 0.048058
9444 0.019089
9521 0.090446
9562 0.059917
9568 0.021675
9623 0.020208
9634 0.050699
9642 0.026092
9669 0.015746
9704 0.034496
9725 0.024665
9747 0.019230
9756 0.044606
9767 0.017291
9824 0.052086
9851 0.052086
9863 0.024797
9923 0.038487
9994 0.040616
10058 0.061639
10063 0.055589
10195 0.034407
10235 0.028580
10276 0.016445
10304 0.033368
10401 0.020783
10408 0.045967
10442 0.208344
10606 0.030653
10619 0.032252
10769 0.038487
10844 0.043427
10890 0.018921
10891 0.034104
11024 0.052086
11121 0.012198
11134 0.055666
11152 0.018159
11230 0.049546
11242 0.021307
11256 0.015842
11295 0.049329
11306 0.035929
11376 0.009437
11378 0.041457
11386 0.027427
11396 0.019159
11443 0.096150
11470 0.037308
11503 0.035943
11523 0.021887
11532 0.013254
11600 0.007153
11636 0.094675
11637 0.056643
11638 0.189387
