240

23 1.018225
74 0.942504
109 1.233234
148 2.240672
188 1.120336
213 0.840757
340 1.998021
466 1.835294
470 1.835294
538 1.808965
553 2.352425
586 0.747158
669 6.078828
739 1.893286
965 0.963867
1149 1.624441
1195 1.808965
1298 1.863323
1353 2.340444
1385 2.096376
1499 1.052642
1532 0.779343
1592 1.120336
1649 0.881052
1681 3.039414
1700 3.617930
1769 2.738384
1774 2.738384
1798 2.352183
1800 2.039414
1810 2.562293
1853 1.696991
1859 9.096672
1924 3.282948
1939 1.405946
1994 1.090024
2008 1.548052
2249 1.760661
2278 2.439740
2363 1.022381
2396 4.170343
2499 3.921061
2507 0.760899
2548 1.026577
2552 1.043779
2575 0.956629
2604 6.078828
2635 3.039414
2762 1.410121
3082 1.717195
3095 0.590708
3121 0.784142
3181 4.680888
3299 3.521321
3414 1.109995
3495 1.170182
3553 1.835294
3572 2.738384
3573 0.788994
3717 1.998021
3858 2.085172
3869 1.416165
3926 0.986336
3942 2.562293
4005 1.094931
4145 1.577016
4196 0.734063
4211 0.912309
4219 1.863323
4237 1.219870
4249 1.358173
4278 1.534264
4362 2.734633
4437 2.942425
4520 1.459568
4568 3.248882
4624 3.805686
4645 1.061691
4677 1.079454
4701 1.275986
4702 3.039414
4738 2.290186
4796 1.182082
4928 1.624441
5053 1.080373
5086 1.520900
5248 2.562293
5263 1.863323
5433 2.437354
5660 6.078828
5743 2.248139
5797 1.066286
5821 1.837680
5833 0.998169
5842 2.039414
5851 0.846290
5880 0.835294
5885 1.413951
5900 1.039414
6016 1.677686
6055 3.039414
6248 3.039414
6311 2.340444
6385 2.194316
6466 1.075626
6500 3.039414
6559 0.998021
6570 0.998021
6596 1.760661
6616 3.598140
6635 1.233234
6643 3.996043
6792 0.519586
6816 0.978716
6823 1.562293
6838 1.120336
6864 2.181349
6874 0.500338
6878 1.275986
7004 3.039414
7059 1.835294
7060 0.932204
7061 0.478313
7082 1.147320
7196 3.039414
7217 0.796376
7308 3.124586
7350 3.318406
7368 5.401864
7369 1.261263
7482 2.437354
7498 1.421868
7530 0.998021
7589 1.261263
7594 1.507935
7595 1.367316
7635 0.704960
7756 1.641474
7758 0.994091
7818 1.760661
7856 1.254084
7859 2.712841
7861 0.696991
7862 1.920466
7867 1.495346
7904 1.275986
7920 1.039414
7926 1.893286
7964 2.562293
8004 2.562293
8098 2.494045
8240 1.534264
8273 2.261263
8284 1.426630
8356 1.925471
8452 1.738384
8455 1.308809
8482 1.043779
8498 5.361776
8508 1.283539
8528 3.039414
8537 1.641474
8662 1.188156
8671 1.367316
8826 1.418262
8836 6.078828
8879 1.659203
8885 6.078828
8931 1.065438
8966 3.039414
9051 1.125600
9059 0.542484
9105 1.061691
9130 0.767573
9132 0.731918
9138 0.673926
9171 1.592256
9258 1.863323
9261 1.376656
9270 1.075626
9284 1.577016
9326 3.282948
9328 0.915562
9331 2.194316
9371 6.078828
9429 2.136324
9438 1.562293
9452 1.459631
9461 0.721351
9473 1.483112
9584 1.340444
9593 0.949509
9643 1.170182
9700 1.677686
9747 0.945992
9756 2.194316
9767 0.283539
9783 1.738305
9863 1.219870
9865 0.796376
9871 2.426679
9903 0.793901
9908 1.562293
9951 1.459631
9973 2.738384
9993 1.624441
10000 1.448350
10015 2.132573
10036 2.208654
10051 2.261263
10185 0.932204
10195 0.846290
10352 0.971228
10487 1.193869
10591 1.200565
10639 1.120336
10669 1.717195
10701 1.573122
10887 1.268562
10890 0.465383
10901 1.893286
10911 3.039414
10913 3.039414
11017 1.960233
11065 1.717195
11256 0.779343
11306 1.767495
11332 0.715132
11335 2.087558
11376 0.464226
11419 2.562293
11423 3.266791
11443 1.891985
11451 0.884078
11475 1.459631
11505 1.426630
11521 1.075626
11532 0.652024
11600 1.407541
11620 3.255515
