141

180 0.151168
242 0.588866
258 0.065581
292 0.179850
396 0.117967
478 0.105383
508 0.083285
759 0.147216
760 0.107414
849 0.137750
895 0.045497
917 0.030860
921 0.083224
1269 0.050483
1333 0.043628
1370 0.059674
1406 0.147216
1455 0.145069
1880 0.075047
1939 0.075584
1944 0.270579
2134 0.167979
2335 0.098442
2363 0.054964
2455 0.045798
2507 0.061359
2530 0.038557
2536 0.073507
2612 0.147216
2696 0.036739
2763 0.040649
2772 0.072534
2809 0.245292
2956 0.082483
2976 0.189307
3050 0.089199
3082 0.184634
3130 0.107308
3637 0.061089
3751 0.090193
3914 0.093456
3927 0.091231
3938 0.132598
4120 0.090193
4215 0.026831
4310 0.109927
4538 0.060230
4677 0.087048
4681 0.090193
4708 0.037050
4734 0.033302
4796 0.127098
4969 0.061383
5026 0.066667
5143 0.048529
5198 0.147216
5283 0.147216
5300 0.109640
5337 0.098666
5469 0.137750
5491 0.021770
5678 0.053026
5689 0.045052
5692 0.040528
5753 0.069915
5797 0.057324
5821 0.098794
5833 0.026831
5885 0.114022
5945 0.061383
5983 0.229699
6001 0.125823
6112 0.026966
6327 0.413249
6486 0.131033
6568 0.038893
6609 0.114849
6649 0.158186
6674 0.125823
6814 0.065581
6839 0.070266
6864 0.023454
6909 0.080335
6937 0.243132
7008 0.047204
7023 0.079733
7498 0.038220
7530 0.107308
7595 0.073507
7656 0.070702
7978 0.059131
8016 0.050483
8023 0.105383
8059 0.293000
8292 0.060230
8340 0.117967
8404 0.028075
8455 0.023454
8474 0.052820
8475 0.217603
8741 0.067040
8826 0.028592
8857 0.073507
8858 0.178399
8895 0.092317
8919 0.040893
9031 0.142585
9032 0.117967
9125 0.114849
9160 0.117967
9230 0.131033
9380 0.061089
9461 0.038780
9472 0.235934
9550 0.147216
9557 0.091231
9587 0.069417
9642 0.069003
9679 0.081764
9747 0.050857
9783 0.046726
9863 0.065581
9903 0.042680
10036 0.158317
10243 0.121566
10260 0.107414
10279 0.054082
10305 0.077864
10487 0.032091
10491 0.061680
10530 0.062596
10552 0.103514
10591 0.193628
10964 0.121566
11121 0.032261
11165 0.090193
11252 0.085600
11443 0.050857
11505 0.076696
11523 0.028942
11526 0.047857
