178

297 0.051443
345 0.040569
508 0.067420
531 0.079975
536 0.039423
552 0.087212
553 0.034125
642 0.076623
665 0.082627
877 0.111509
895 0.036830
917 0.049963
994 0.063031
1231 0.088987
1278 0.055207
1307 0.079871
1367 0.095495
1498 0.111060
1677 0.073852
1723 0.060327
1766 0.054577
1797 0.030592
1966 0.072208
1978 0.132274
1994 0.047437
2000 0.042925
2098 0.132274
2140 0.063522
2185 0.102887
2257 0.130153
2340 0.044313
2393 0.119173
2417 0.074731
2472 0.111509
2473 0.089352
2507 0.016557
2543 0.099380
2650 0.149463
2690 0.042430
2805 0.062553
2974 0.065077
3014 0.043093
3095 0.025707
3275 0.026603
3371 0.069294
3601 0.095495
3611 0.085850
3829 0.098409
3844 0.086953
3975 0.051443
4045 0.073012
4110 0.042267
4127 0.095495
4196 0.031946
4211 0.039703
4362 0.119010
4365 0.090745
4370 0.092972
4377 0.066189
4419 0.162181
4483 0.229869
4516 0.071436
4538 0.048756
4645 0.046204
4677 0.070466
4743 0.086953
4833 0.073012
5012 0.036000
5032 0.124172
5050 0.041169
5163 0.072208
5262 0.106072
5297 0.115922
5324 0.042267
5338 0.061631
5491 0.035245
5492 0.074731
5678 0.128774
5683 0.065624
5692 0.032807
5734 0.024471
5743 0.032613
5749 0.042106
5885 0.030767
5927 0.111509
6016 0.073012
6111 0.279926
6185 0.085308
6367 0.061186
6415 0.040422
6466 0.046811
6508 0.083795
6536 0.157450
6559 0.043433
6597 0.132274
6641 0.076623
6649 0.064026
6657 0.064026
6715 0.074731
6812 0.053377
6813 0.034231
6828 0.031212
6864 0.018986
6866 0.149463
6909 0.032516
7032 0.060327
7060 0.040569
7061 0.020816
7374 0.177321
7428 0.056534
7515 0.061186
7704 0.279295
7760 0.029006
7899 0.077214
8007 0.036470
8128 0.102887
8181 0.076623
8193 0.082395
8272 0.038475
8404 0.022727
8455 0.018986
8563 0.063522
8628 0.146024
8647 0.078725
8649 0.076623
8664 0.095495
8674 0.119173
8826 0.007715
8919 0.033103
8930 0.091233
8931 0.057959
8943 0.119173
9127 0.101855
9132 0.031853
9144 0.080552
9160 0.095495
9231 0.082395
9270 0.046811
9326 0.071436
9568 0.046404
9593 0.123966
9677 0.055207
9750 0.092972
9788 0.069981
9871 0.052804
9872 0.049690
10017 0.040422
10080 0.065624
10082 0.054577
10092 0.115822
10096 0.064544
10109 0.079871
10126 0.086953
10249 0.041947
10251 0.102887
10275 0.051443
10280 0.095495
10337 0.415837
10378 0.059481
10397 0.036830
10458 0.113068
10475 0.070466
10487 0.025978
10502 0.079871
10507 0.088987
10564 0.167591
10890 0.020253
11033 0.098409
11065 0.074731
11121 0.026115
11306 0.025640
11320 0.043606
11411 0.073012
11462 0.061186
11501 0.054577
11512 0.082395
11521 0.046811
11620 0.047226
