173

79 0.032027
97 0.031574
108 0.040642
122 0.033992
346 0.017597
514 0.061966
634 0.085664
637 0.044317
689 0.088118
697 0.028456
806 0.047813
839 0.048831
960 0.037034
992 0.040240
994 0.050303
1182 0.070832
1269 0.032614
1296 0.033862
1542 0.254475
1666 0.052365
1859 0.189564
2003 0.060377
2005 0.040240
2140 0.050695
2161 0.047489
2162 0.081287
2165 0.028097
2166 0.052373
2176 0.055850
2246 0.057626
2339 0.079696
2507 0.026427
2539 0.039279
2627 0.053157
2638 0.036874
2641 0.065757
2651 0.054469
2652 0.060377
2666 0.136163
2762 0.016325
3034 0.047171
3040 0.058268
3095 0.041032
3233 0.053766
3282 0.047813
3299 0.061150
3374 0.040642
3404 0.076212
3409 0.131513
3482 0.033604
3531 0.027403
3539 0.058268
3568 0.062828
3621 0.031242
3637 0.039466
3689 0.105563
3831 0.105563
3917 0.041918
3926 0.034257
3975 0.082111
4091 0.024071
4147 0.068082
4148 0.033992
4215 0.017334
4249 0.047171
4520 0.025346
4614 0.049549
4645 0.036874
4663 0.030918
4725 0.054772
4734 0.021515
4738 0.039771
4849 0.048484
4901 0.031352
4943 0.039771
5100 0.024345
5101 0.062828
5143 0.031352
5148 0.064716
5204 0.060377
5394 0.017291
5395 0.071901
5640 0.084653
5681 0.039848
5712 0.067208
5719 0.164222
5753 0.022584
5758 0.042368
5869 0.036560
5885 0.024554
5920 0.042832
5949 0.031913
6070 0.025797
6071 0.021515
6141 0.116537
6242 0.054261
6336 0.066874
6433 0.052679
6692 0.088992
6812 0.170393
6816 0.101977
6864 0.015152
6874 0.052132
7008 0.030496
7061 0.016612
7062 0.023891
7072 0.097661
7111 0.017334
7123 0.040440
7212 0.059641
7368 0.450275
7385 0.026740
7498 0.049384
7530 0.069325
7549 0.101390
7660 0.053766
7794 0.050303
7859 0.052345
7861 0.048415
7881 0.053766
7892 0.061150
7911 0.043070
7972 0.087112
8096 0.138788
8175 0.050303
8236 0.072421
8284 0.049549
8455 0.015152
8582 0.547720
8605 0.025645
8694 0.066874
8750 0.070832
8767 0.024484
8826 0.012315
8931 0.064757
8937 0.105563
9105 0.036874
9130 0.053318
9380 0.039466
9392 0.095108
9435 0.055850
9557 0.058939
9614 0.061966
9643 0.040642
9767 0.009848
9933 0.037358
9949 0.072421
9971 0.050303
10028 0.084653
10036 0.025570
10134 0.057011
10195 0.029393
10242 0.199685
10378 0.047470
10475 0.018745
10504 0.076212
10507 0.035509
10530 0.040440
10556 0.123166
10621 0.039094
10661 0.052373
10818 0.045118
10832 0.095108
10890 0.016163
10981 0.054772
11031 0.050303
11121 0.062525
11162 0.043556
11332 0.024838
11423 0.056730
11451 0.061411
11600 0.024443
11620 0.037690
