45

188 2.240672
531 0.918840
552 2.003975
598 1.659203
1573 1.784142
1712 2.136324
1966 1.659203
2473 1.026577
2518 0.824570
2543 1.141787
3370 2.219990
3611 0.986336
3891 1.315138
3975 2.364163
4370 2.136324
4483 1.760661
4552 1.548052
4784 1.677686
5032 1.426630
5227 1.291226
5683 1.507935
5900 1.039414
6088 2.340444
6167 1.109995
6324 1.471212
6342 4.272648
6377 2.340444
7374 2.716346
7704 0.713078
7899 1.774252
8296 2.085172
8404 0.522218
8641 1.254084
8794 4.388632
9144 0.925471
9264 1.315138
9623 1.988182
9767 0.567079
9865 0.796376
9971 5.793398
10080 1.507935
10337 2.123381
11096 2.753313
11121 0.600081
11547 1.039414
