116

139 0.218314
176 0.081022
326 0.107914
346 0.060450
392 0.112944
511 0.121661
544 0.152854
661 0.141034
857 0.069116
875 0.068113
960 0.063609
965 0.057499
991 0.181316
1274 0.087765
1516 0.094077
1635 0.163358
1641 0.077495
1839 0.197959
1922 0.109484
1976 0.107914
2154 0.040427
2320 0.103703
2435 0.112944
2438 0.119192
2509 0.181316
2678 0.111157
2818 0.097922
3034 0.081022
3090 0.181316
3131 0.089956
3247 0.163358
3275 0.072932
3531 0.094135
3679 0.089956
3691 0.132926
3904 0.179912
3941 0.163358
4186 0.111157
4210 0.181316
4211 0.054424
4266 0.125591
4279 0.103703
4633 0.171491
5297 0.079451
5299 0.181316
5360 0.181316
5399 0.094077
5493 0.152854
5753 0.038791
5976 0.103703
6047 0.112944
6193 0.085745
6300 0.094986
6317 0.041935
6568 0.043157
6610 0.181316
6661 0.243322
6833 0.116938
6964 0.105032
7008 0.104760
7118 0.072932
7238 0.229728
7411 0.053289
7440 0.163358
7589 0.075241
7655 0.275052
7758 0.059303
7872 0.084481
8070 0.193812
8605 0.044048
8784 0.055611
8792 0.362632
8931 0.031779
8978 0.181316
9033 0.107914
9039 0.163358
9047 0.049508
9061 0.392273
9065 0.054618
9118 0.184698
9138 0.201015
9378 0.082694
9382 0.152854
9383 0.091527
9593 0.056643
9607 0.103703
9677 0.075676
9761 0.099659
9828 0.145400
9881 0.200165
10117 0.279238
10134 0.097922
10302 0.172803
10307 0.152854
10352 0.057939
10396 0.060497
10475 0.032197
10487 0.035610
10505 0.089956
10544 0.158902
10619 0.031550
10947 0.233875
10991 0.106433
11003 0.085745
11115 0.088475
11121 0.035798
11152 0.053289
11354 0.181316
11445 0.103703
11451 0.105479
11458 0.152965
11466 0.066217
11467 0.181316
11523 0.032116
11600 0.020992
11610 0.181316
