71

97 0.909080
188 1.120336
531 1.837680
827 1.784142
831 0.819306
1605 0.893286
1712 2.136324
1766 1.254084
1966 1.659203
1994 1.090024
2417 3.434390
2452 1.562293
2473 1.026577
2543 1.141787
2843 1.471212
3048 1.254084
3370 2.219990
3371 1.592256
3513 1.717195
3535 1.005990
3596 2.136324
3611 0.986336
3679 3.015870
3891 1.315138
3975 1.182082
4071 1.018225
4196 0.734063
4552 1.548052
4677 0.539727
4734 0.619458
4901 0.902694
5025 0.840757
5032 1.426630
5050 0.945992
5112 0.960233
5491 0.404937
5529 0.646717
5678 0.986336
5692 0.753857
5870 1.592256
5885 0.706976
5900 1.039414
5931 1.677686
6167 1.109995
6342 2.136324
6536 1.808965
6568 0.723444
6813 0.786561
7061 0.478313
7374 1.358173
7704 2.852313
7899 1.774252
8007 0.838017
8404 0.522218
8482 1.043779
8647 1.808965
8931 0.266359
9144 1.850942
9264 1.315138
9280 1.158601
9677 1.268562
9767 0.283539
9871 1.213339
9971 2.896699
10017 0.928824
10082 1.254084
10092 0.887126
10337 2.123381
10458 1.299051
10564 1.925471
11121 0.600081
