163

71 0.038616
83 0.068083
98 0.046895
105 0.102933
158 0.069357
178 0.083267
186 0.042715
255 0.078466
304 0.048594
346 0.022283
423 0.054538
546 0.102933
627 0.089693
913 0.091427
917 0.025246
1102 0.054844
1132 0.027834
1272 0.112690
1345 0.112690
1456 0.074685
1620 0.112690
1649 0.038749
1730 0.612749
1731 0.179387
1744 0.062743
1830 0.198900
1872 0.028060
1986 0.049504
1997 0.065227
2082 0.069357
2339 0.050459
2340 0.044781
2507 0.033464
2575 0.042072
2626 0.103976
2720 0.046295
2801 0.052801
2966 0.080716
3095 0.025979
3203 0.049715
3278 0.112690
3394 0.198957
3437 0.063215
3471 0.102933
3558 0.106159
3613 0.044243
3841 0.041968
3850 0.066707
4091 0.030481
4215 0.043899
4266 0.046295
4396 0.066889
4535 0.091706
4546 0.120434
4559 0.120434
4594 0.093955
4615 0.065227
4770 0.055470
4841 0.074634
4890 0.107195
4970 0.180404
5077 0.112690
5100 0.061656
5101 0.079558
5291 0.193012
5307 0.045335
5382 0.125486
5491 0.017809
5562 0.240538
5569 0.045149
5734 0.024730
5803 0.225379
5857 0.049272
5885 0.031093
5910 0.120434
6070 0.032666
6071 0.027244
6112 0.022060
6279 0.089693
6281 0.053080
6346 0.061394
6421 0.025979
6436 0.401233
6457 0.065765
6725 0.056118
6792 0.022851
6796 0.120269
6853 0.086211
6864 0.057561
6871 0.066319
6874 0.022005
7062 0.030252
7111 0.021950
7123 0.051208
7126 0.033860
7377 0.056118
7489 0.120434
7498 0.031267
7694 0.034171
7709 0.059776
7737 0.059732
7738 0.046895
7753 0.087873
7758 0.043720
7788 0.046637
7801 0.070027
7856 0.055155
7859 0.039770
7871 0.120434
7892 0.077434
7947 0.070027
7974 0.068710
8352 0.037591
8382 0.045713
8398 0.093955
8407 0.063698
8455 0.038374
8459 0.091706
8494 0.056788
8605 0.032474
8619 0.056118
8806 0.102933
8826 0.007797
8919 0.066908
8931 0.023429
8960 0.091706
9059 0.023858
9104 0.039287
9116 0.051988
9366 0.058953
9381 0.049504
9444 0.041299
9486 0.091706
9601 0.093955
9669 0.034067
9718 0.061833
9755 0.067477
9781 0.120434
9907 0.066889
9999 0.052526
10033 0.074634
10058 0.053343
10428 0.120434
10559 0.072972
10627 0.068710
10701 0.034593
10999 0.061394
11095 0.112690
11109 0.120434
11203 0.072192
11210 0.037343
11242 0.046099
11376 0.020417
11458 0.037591
11475 0.064194
11565 0.087873
11578 0.120434
11600 0.046428
11636 0.051208
11637 0.285948
11638 0.081949
11640 0.120434
11659 0.096506
