155

3 0.104068
45 0.048139
79 0.031574
97 0.031126
99 0.037322
122 0.033511
457 0.036352
465 0.061088
466 0.251357
512 0.047463
514 0.061088
586 0.025582
637 0.043689
665 0.021669
798 0.044752
838 0.063799
1109 0.056810
1110 0.077424
1296 0.033382
1404 0.080135
1542 0.111498
1643 0.035738
1666 0.077435
1803 0.085878
1847 0.071395
1859 0.083057
1986 0.038540
1996 0.068411
2084 0.033904
2091 0.041768
2116 0.054518
2125 0.061088
2246 0.056810
2248 0.039094
2340 0.104590
2348 0.032754
2539 0.038722
2543 0.078188
2550 0.027438
2554 0.046503
2575 0.032754
2627 0.026202
2641 0.064825
2651 0.107394
2690 0.033382
2762 0.032188
2805 0.049214
2916 0.049977
2928 0.087731
3282 0.047136
3304 0.055059
3404 0.075132
3409 0.064825
3567 0.024345
3621 0.061599
3685 0.049214
3691 0.025431
3702 0.526387
3758 0.040474
3975 0.040474
4147 0.134234
4148 0.033511
4196 0.025134
4249 0.093006
4273 0.123876
4437 0.050373
4520 0.024987
4566 0.028324
4573 0.018622
4738 0.078414
4796 0.040474
4943 0.019604
5143 0.092723
5148 0.063799
5204 0.059521
5304 0.071395
5395 0.106323
5397 0.067117
5719 0.080947
5795 0.040066
5897 0.075132
5949 0.031460
6110 0.139656
6141 0.114886
6153 0.055059
6227 0.039670
6242 0.053492
6308 0.025658
6336 0.065927
6433 0.025966
6568 0.074311
6570 0.034172
7008 0.030064
7062 0.011776
7072 0.048139
7111 0.017088
7126 0.026361
7222 0.083453
7286 0.093760
7368 0.369913
7385 0.026361
7387 0.043185
7394 0.048847
7498 0.024342
7613 0.175462
7635 0.024137
7847 0.031918
7859 0.030962
7919 0.056810
7938 0.075132
7971 0.104149
7972 0.128817
8083 0.024345
8096 0.136822
8117 0.053996
8150 0.037660
8227 0.027963
8241 0.034863
8271 0.031688
8358 0.134234
8457 0.040893
8489 0.051200
8512 0.029962
8552 0.091203
8582 0.809940
8750 0.069828
8826 0.066770
8874 0.045313
8919 0.026045
9059 0.018574
9351 0.046816
9381 0.038540
9669 0.026522
9671 0.054518
10058 0.020764
10077 0.090625
10134 0.056203
10185 0.031918
10242 0.098428
10290 0.065927
10378 0.023399
10530 0.039867
10556 0.121421
10557 0.068411
10604 0.049591
10757 0.087731
11031 0.049591
11193 0.053004
11287 0.035738
11317 0.093760
11423 0.139816
11443 0.032390
11523 0.018433
11566 0.048139
11648 0.208135
