113

190 5.880699
297 1.182082
508 0.774596
531 2.756521
593 3.184512
659 1.784142
716 3.786572
734 1.448350
875 1.141787
1285 1.349218
1368 2.136324
1487 0.838017
1572 1.376656
1723 1.386202
1807 0.928824
1820 1.577016
1950 1.534264
2174 1.899018
2278 1.219870
2421 0.986336
2519 1.315138
2763 0.756113
2804 1.164353
2974 1.495346
3014 0.990196
3048 1.254084
3316 1.233234
3567 0.711035
3614 2.437354
3783 1.471212
3898 2.085172
4042 2.261263
4045 3.355373
4071 1.018225
4110 0.971228
4196 0.734063
4211 0.912309
4419 1.863323
4483 1.760661
4520 1.459568
4613 0.902694
4667 2.085172
4677 1.619181
4681 1.677686
4729 1.200565
4796 1.182082
5000 2.136324
5026 1.240074
5074 1.998021
5338 1.416165
5485 1.548052
5491 0.404937
5523 2.340444
5532 0.887126
5683 1.507935
5692 0.753857
5756 1.471212
5821 1.837680
5885 0.706976
5987 6.078828
6168 1.520900
6317 1.405909
6367 1.405946
6396 1.998021
6587 1.245547
6635 1.233234
6659 2.085172
6708 2.646822
6715 1.717195
6813 0.786561
6866 1.717195
6912 2.738384
7400 4.078828
7428 1.299051
7450 1.376656
7610 3.039414
7876 1.548052
8181 1.760661
8190 4.272648
8609 1.960233
8628 1.677686
8647 5.426896
8650 2.598103
8673 3.670588
8826 0.177283
8971 1.307020
9105 1.061691
9130 5.373008
9154 3.726646
9224 1.696991
9280 1.158601
9281 1.784142
9295 2.437354
9401 2.562293
9677 1.268562
9716 2.085172
9865 0.796376
9871 1.213339
10010 1.061691
10077 1.323411
10092 0.887126
10337 1.061691
10409 2.738384
10433 1.052642
10509 0.704960
10551 2.562293
10892 1.226501
11150 1.022381
11362 1.164353
11443 1.891985
11501 2.508169
11502 2.028217
11600 2.111311
