281

71 0.878046
97 0.909080
99 1.090024
127 1.437354
194 0.723444
248 1.760661
298 1.677686
300 1.696991
345 0.932204
352 1.331844
424 1.358173
438 1.624441
455 1.507714
508 0.774596
531 2.756521
549 2.919261
552 4.007950
553 0.784142
632 0.990196
642 1.760661
665 10.125983
689 1.268562
697 1.638612
798 1.307020
895 0.846290
917 0.574031
1044 1.291226
1055 2.261263
1079 2.437354
1095 2.340444
1112 0.765256
1284 1.080373
1412 2.738384
1498 7.655917
1544 1.696991
1598 2.738384
1649 1.762103
1689 1.437354
1712 2.136324
1721 0.747158
1723 1.386202
1766 1.254084
1880 1.395961
1898 2.136324
1966 3.318406
1974 1.738384
2000 0.986336
2090 1.659203
2168 3.670588
2174 7.596072
2257 1.495346
2278 1.219870
2340 2.036450
2394 2.340444
2507 0.380449
2518 0.824570
2634 2.738384
2650 1.717195
2651 2.352425
2762 0.940080
2832 1.925471
2974 1.495346
3000 2.738384
3056 1.696991
3095 1.181416
3264 4.021332
3275 0.611279
3356 2.261263
3370 6.659971
3431 2.136324
3495 1.170182
3513 1.717195
3553 1.835294
3567 0.711035
3599 1.158601
3611 0.986336
3613 1.005990
3614 2.437354
3618 1.760661
3628 8.215152
3679 1.507935
3758 1.182082
3818 0.704960
3829 2.261263
3911 1.592256
3952 1.136324
3975 3.546245
4045 1.677686
4057 2.738384
4110 0.971228
4195 1.170182
4196 0.734063
4255 1.808965
4286 1.760661
4362 5.469265
4365 2.085172
4370 2.136324
4403 5.589969
4406 3.039414
4419 7.453291
4433 1.960233
4483 3.521321
4516 4.924422
4542 1.416165
4552 1.548052
4645 1.061691
4663 0.890195
4677 2.158908
4793 1.471212
4830 1.426630
4910 1.960233
4943 1.145093
4954 1.416165
5012 0.827227
5032 15.692933
5036 1.562293
5050 2.837977
5135 0.593810
5163 4.977609
5250 2.340444
5260 1.998021
5338 1.416165
5395 2.070185
5451 1.760661
5467 2.261263
5485 1.548052
5491 0.809874
5492 1.717195
5529 0.646717
5585 3.039414
5681 1.147320
5683 1.507935
5689 0.838017
5692 0.753857
5732 0.786561
5740 1.268562
5749 0.967532
5753 1.300496
5821 1.837680
5833 0.998169
5870 1.592256
5902 1.349218
5926 2.795880
5931 1.677686
6097 1.094931
6167 1.109995
6272 1.696991
6317 0.702954
6342 2.136324
6367 1.405946
6415 1.857649
6504 0.872097
6542 1.659203
6568 2.893775
6570 1.996043
6587 0.622774
6633 2.136324
6635 2.466468
6641 7.042642
6708 1.323411
6715 1.717195
6813 0.786561
6816 0.978716
6858 1.130929
6866 1.717195
6874 0.500338
6909 1.494316
7041 1.376656
7060 1.864408
7061 1.913251
7062 0.343932
7082 1.147320
7111 0.499085
7135 2.085172
7217 1.592752
7257 1.808965
7315 1.738384
7369 1.261263
7374 9.507210
7385 0.769901
7411 1.786572
7428 1.299051
7430 1.738384
7460 0.990196
7498 0.355467
7592 2.039414
7614 2.085172
7641 1.293434
7704 2.139235
7705 3.786572
7753 1.998021
7788 0.530212
7809 1.738384
7899 7.097006
7948 1.376656
8016 0.939044
8050 2.136324
8128 1.182082
8181 1.760661
8190 2.136324
8193 1.893286
8268 2.261263
8272 0.884078
8395 4.170343
8404 0.522218
8416 2.738384
8552 1.331844
8563 1.459631
8609 1.960233
8628 10.066118
8647 1.808965
8649 1.760661
8650 5.196206
8673 1.835294
8767 1.409921
8794 4.388632
8826 4.254786
8871 1.188156
8919 1.521321
8950 2.738384
8953 2.562293
9014 2.194316
9062 1.075626
9105 1.061691
9130 0.767573
9144 1.850942
9231 1.893286
9264 1.315138
9280 1.158601
9295 2.437354
9422 3.920466
9438 1.562293
9593 0.949509
9594 1.495346
9597 1.760661
9618 0.960233
9677 1.268562
9690 1.592256
9767 1.417696
9855 1.641474
9871 3.640018
9872 1.141787
9952 2.562293
9993 1.624441
10036 0.736218
10067 1.018225
10082 1.254084
10083 3.617930
10092 1.774252
10097 1.925471
10280 2.194316
10337 6.370143
10376 2.261263
10458 2.598103
10487 0.596934
10564 1.925471
10609 1.925471
10647 2.340444
10673 2.562293
10771 2.562293
10816 2.738384
10890 0.465383
10898 1.459631
11096 1.376656
11121 0.600081
11295 1.213339
11306 4.124155
11307 2.437354
11352 3.039414
11362 1.164353
11376 0.464226
11377 1.226501
11396 0.942504
11411 1.677686
11459 1.659203
11512 5.679858
11544 1.624441
11547 2.078828
11600 0.351885
11628 2.261263
11642 10.953536
