195

81 0.055917
326 0.062904
398 0.047871
413 0.059713
458 0.025981
541 0.062904
661 0.123315
764 0.054838
833 0.063819
870 0.066955
895 0.117713
960 0.037078
965 0.067034
1064 0.049609
1284 0.037568
1295 0.042419
1451 0.057080
1492 0.740416
1516 0.054838
1632 0.062904
1641 0.045172
1839 0.057696
1872 0.044372
1897 0.064794
1922 0.063819
2024 0.035552
2058 0.031280
2064 0.041968
2071 0.033773
2107 0.055917
2147 0.060450
2205 0.052436
2268 0.026451
2363 0.035552
2421 0.034298
2497 0.055917
2502 0.097085
2507 0.013230
2565 0.049245
2690 0.033903
2715 0.068164
2762 0.016345
2967 0.050756
3029 0.052887
3040 0.058339
3060 0.049609
3122 0.026611
3218 0.053352
3281 0.062041
3366 0.047546
3415 0.048203
3455 0.041316
3531 0.027436
3558 0.041968
3599 0.040288
3626 0.067289
3633 0.084838
3691 0.077484
3727 0.055917
3787 0.049245
3818 0.024514
3891 0.045732
3926 0.034298
3938 0.042884
4033 0.089266
4237 0.169676
4295 0.081385
4307 0.125808
4313 0.068164
4374 0.062904
4451 0.030533
4452 0.051573
4462 0.079408
4633 0.099963
4677 0.018768
4916 0.088224
4943 0.019909
5270 0.048542
5394 0.051934
5399 0.054838
5460 0.043363
5484 0.072509
5496 0.034033
5506 0.074287
5572 0.059010
5591 0.063819
5693 0.043858
5732 0.027351
5753 0.022611
5833 0.017355
5849 0.049609
5945 0.039704
5947 0.086726
5948 0.090062
5949 0.063902
5962 0.046917
6047 0.065836
6112 0.017442
6136 0.055917
6193 0.049982
6217 0.209841
6240 0.050364
6291 0.028042
6317 0.024444
6346 0.048542
6412 0.076304
6504 0.030326
6572 0.053352
6635 0.042884
6661 0.070917
6874 0.017398
6909 0.025981
6964 0.061224
7082 0.039896
7084 0.072509
7111 0.052065
7118 0.106281
7123 0.040489
7308 0.054326
7530 0.034705
7549 0.050756
7587 0.054326
7655 0.128264
7694 0.054035
7767 0.095223
7775 0.046612
7876 0.053831
7915 0.036296
8073 0.056487
8117 0.054838
8157 0.097961
8227 0.028399
8272 0.030742
8332 0.051573
8384 0.068164
8412 0.055917
8512 0.030429
8605 0.025676
8630 0.070917
8822 0.054838
8826 0.049318
8867 0.054326
8924 0.042192
9040 0.063819
9047 0.144292
9061 0.091464
9079 0.434610
9087 0.108652
9088 0.068164
9118 0.053831
9138 0.164043
9144 0.032182
9280 0.080577
9407 0.177482
9473 0.051573
9579 0.045732
9801 0.081385
9865 0.027693
9934 0.062904
9971 0.050364
10172 0.064794
10302 0.100728
10303 0.062041
10378 0.023764
10405 0.063819
10406 0.081385
10461 0.109676
10465 0.046612
10491 0.039896
10509 0.024514
10536 0.095223
10541 0.048203
10544 0.092626
10677 0.057346
10711 0.044112
10744 0.078632
10947 0.068164
11115 0.051573
11120 0.076304
11152 0.062125
11306 0.020487
11320 0.034843
11335 0.036296
11366 0.047546
11375 0.055042
11382 0.065836
11451 0.061485
11458 0.059443
11466 0.038598
11502 0.035264
11503 0.061485
11523 0.018720
11559 0.072509
11600 0.036709
11611 0.055917
