209

81 0.052477
183 0.133862
326 0.059033
391 0.044322
398 0.044925
413 0.056039
458 0.024383
541 0.059033
661 0.115727
764 0.051464
833 0.059893
870 0.062835
875 0.037261
895 0.110470
960 0.034797
965 0.062909
1064 0.046556
1284 0.035257
1295 0.039809
1451 0.053567
1492 0.744491
1516 0.051464
1632 0.059033
1641 0.084786
1839 0.054146
1872 0.041642
1897 0.060807
1922 0.059893
1994 0.035572
2024 0.033364
2058 0.029355
2064 0.039386
2071 0.031695
2107 0.052477
2147 0.056730
2205 0.049210
2268 0.024823
2363 0.033364
2421 0.032188
2497 0.052477
2502 0.091111
2507 0.012415
2565 0.046215
2575 0.031218
2690 0.031816
2715 0.063970
2762 0.015339
2967 0.047633
2969 0.059893
3029 0.049633
3040 0.054749
3060 0.046556
3122 0.024973
3218 0.050069
3281 0.058223
3366 0.089241
3415 0.045237
3455 0.038774
3531 0.025748
3558 0.039386
3599 0.037809
3626 0.063148
3633 0.079618
3691 0.072716
3727 0.052477
3787 0.046215
3818 0.023006
3891 0.085836
3926 0.032188
3938 0.040245
4033 0.083773
4237 0.159236
4295 0.076378
4307 0.118067
4313 0.063970
4374 0.059033
4451 0.028654
4452 0.048400
4462 0.074522
4633 0.093813
4677 0.017613
4746 0.059893
4916 0.082796
4943 0.018684
5270 0.045555
5394 0.064985
5399 0.051464
5460 0.040695
5484 0.068047
5496 0.031939
5506 0.069716
5572 0.055379
5591 0.059893
5693 0.041160
5732 0.025668
5753 0.021220
5833 0.016287
5849 0.046556
5945 0.037261
5947 0.081390
5948 0.084520
5949 0.059970
5962 0.044030
6047 0.061785
6112 0.016369
6136 0.052477
6192 0.113460
6193 0.046906
6217 0.236315
6240 0.047265
6291 0.026316
6317 0.045880
6346 0.045555
6412 0.071609
6504 0.028460
6572 0.050069
6635 0.040245
6661 0.066554
6874 0.016328
6909 0.048765
6964 0.057457
7082 0.037441
7084 0.068047
7111 0.048861
7118 0.099742
7123 0.037997
7308 0.050984
7416 0.062835
7530 0.032569
7549 0.047633
7587 0.050984
7655 0.150465
7694 0.050710
7767 0.089364
7775 0.043744
7876 0.050519
7915 0.034062
8073 0.053012
8117 0.051464
8137 0.052477
8157 0.091934
8227 0.026652
8272 0.028851
8332 0.048400
8384 0.063970
8412 0.052477
8512 0.028557
8605 0.024096
8630 0.066554
8822 0.051464
8826 0.046283
8867 0.050984
8924 0.039596
9040 0.059893
9047 0.135414
9061 0.128754
9079 0.407868
9087 0.101967
9088 0.127940
9118 0.050519
9138 0.153949
9144 0.030202
9280 0.075619
9383 0.050069
9407 0.166561
9473 0.048400
9579 0.042918
9801 0.076378
9865 0.025989
9934 0.059033
9971 0.047265
10172 0.060807
10302 0.094530
10303 0.058223
10378 0.022302
10405 0.059893
10406 0.076378
10461 0.102928
10465 0.043744
10476 0.056039
10491 0.037441
10509 0.023006
10536 0.089364
10541 0.045237
10544 0.086926
10677 0.080727
10711 0.041398
10744 0.073794
10866 0.063970
10947 0.063970
11003 0.046906
11115 0.048400
11120 0.071609
11152 0.058303
11306 0.019227
11320 0.032699
11335 0.034062
11366 0.044621
11375 0.051655
11382 0.061785
11451 0.057702
11458 0.055786
11466 0.072447
11502 0.033094
11503 0.057702
11523 0.017569
11559 0.068047
11600 0.034450
11611 0.052477
