222

81 0.040417
95 0.058824
183 0.412392
318 0.020725
326 0.045466
391 0.136545
399 0.049268
413 0.043160
541 0.045466
556 0.051258
630 0.013916
657 0.052408
661 0.207972
764 0.039637
833 0.046128
875 0.200883
876 0.077817
895 0.021271
960 0.053600
965 0.024226
1028 0.034601
1053 0.025184
1074 0.028158
1231 0.025696
1259 0.041702
1284 0.054308
1285 0.067822
1331 0.117649
1492 0.191131
1516 0.039637
1561 0.046833
1572 0.034601
1617 0.032454
1641 0.163251
1643 0.026234
1649 0.022144
1677 0.042652
1839 0.041702
1874 0.039637
1922 0.046128
1981 0.023516
2067 0.031700
2259 0.010723
2268 0.057355
2295 0.068826
2502 0.105258
2507 0.009562
2575 0.048088
2583 0.100436
2715 0.049268
2762 0.035442
2886 0.039637
2912 0.053694
2954 0.023516
2969 0.046128
2995 0.037584
3034 0.034136
3122 0.038468
3275 0.030728
3366 0.103098
3531 0.019830
3570 0.051258
3573 0.019830
3603 0.087385
3626 0.048636
3633 0.030660
3691 0.037336
3748 0.050218
3826 0.035337
3891 0.033055
3926 0.024790
3938 0.030996
3968 0.036126
4033 0.193562
4071 0.025592
4195 0.029411
4196 0.036900
4211 0.068790
4237 0.214620
4307 0.090933
4333 0.028560
4374 0.045466
4444 0.042167
4462 0.028698
4566 0.020791
4573 0.013670
4633 0.072253
4663 0.022374
4677 0.054262
4708 0.017321
4746 0.138384
4764 0.028977
4767 0.064400
4789 0.053694
4793 0.036977
4916 0.031884
5105 0.048395
5270 0.035086
5394 0.012513
5399 0.039637
5460 0.031343
5496 0.024599
5521 0.065701
5526 0.040020
5572 0.127956
5591 0.046128
5692 0.018947
5732 0.039539
5833 0.012544
5849 0.035857
5880 0.020994
5896 0.053694
5945 0.057395
5947 0.062685
5948 0.043397
5949 0.046188
6047 0.047586
6071 0.015569
6112 0.025214
6136 0.040417
6151 0.041257
6167 0.055797
6192 0.349539
6193 0.036126
6217 0.121337
6263 0.068826
6291 0.040537
6317 0.053004
6329 0.056834
6504 0.021919
6559 0.025084
6561 0.049268
6568 0.018183
6572 0.038562
6661 0.051258
6813 0.019769
6816 0.024599
6909 0.018779
6934 0.036403
6964 0.044252
7082 0.028837
7111 0.050176
7118 0.122911
7411 0.022452
7428 0.032650
7549 0.036686
7655 0.139062
7656 0.033055
7665 0.055152
7694 0.078112
7794 0.036403
7874 0.032070
8073 0.122485
8117 0.039637
8137 0.202083
8157 0.047204
8227 0.082107
8255 0.055152
8292 0.056317
8404 0.013125
8408 0.117649
8412 0.040417
8605 0.018558
8731 0.051258
8767 0.035437
8822 0.079273
8826 0.044558
8867 0.196332
8916 0.046833
8924 0.030496
8931 0.006695
9040 0.046128
9047 0.166869
9061 0.099164
9079 0.117799
9087 0.274865
9088 0.049268
9118 0.038909
9130 0.077168
9138 0.169384
9144 0.023261
9146 0.039266
9280 0.029120
9288 0.049268
9407 0.224493
9761 0.020994
9881 0.042167
9899 0.046128
10007 0.045466
10125 0.036403
10133 0.043692
10302 0.036403
10378 0.017176
10408 0.056834
10412 0.045466
10465 0.033691
10475 0.013565
10476 0.043160
10507 0.025696
10544 0.167372
10563 0.034841
10644 0.046833
10677 0.020725
10715 0.035594
10744 0.056834
10947 0.049268
11115 0.037276
11121 0.045247
11152 0.044903
11249 0.093665
11287 0.026234
11320 0.025184
11375 0.019892
11451 0.044441
11457 0.126500
11458 0.107412
11502 0.025488
11503 0.111102
11510 0.068826
11523 0.013531
11600 0.061910
11611 0.040417
