201

81 0.041273
95 0.060071
183 0.561504
204 0.033755
391 0.139437
399 0.050312
413 0.044074
619 0.131529
630 0.042634
661 0.151699
833 0.094211
875 0.175833
876 0.079466
960 0.054735
965 0.074217
1028 0.035334
1053 0.025717
1074 0.028755
1231 0.026241
1259 0.042586
1284 0.055458
1285 0.069259
1331 0.120141
1492 0.156144
1561 0.047825
1572 0.035334
1617 0.033141
1641 0.133368
1643 0.026790
1677 0.043556
1874 0.040476
1947 0.028359
2067 0.032372
2101 0.065765
2259 0.010950
2268 0.039047
2363 0.026241
2502 0.071658
2507 0.009765
2575 0.073660
2633 0.028103
2715 0.050312
2762 0.024128
2912 0.054832
2954 0.048027
2969 0.047105
2995 0.038380
3034 0.034859
3275 0.015689
3366 0.070188
3531 0.020251
3603 0.044618
3606 0.048594
3626 0.074499
3633 0.031310
3691 0.057191
3748 0.051282
3891 0.067510
3926 0.025316
3938 0.031653
3968 0.036892
4033 0.197663
4071 0.026134
4195 0.030034
4196 0.056522
4211 0.070247
4212 0.051282
4237 0.187858
4266 0.027017
4333 0.029165
4444 0.043060
4462 0.058611
4520 0.018731
4550 0.033141
4566 0.021232
4573 0.027918
4663 0.022848
4677 0.041558
4708 0.017688
4746 0.141316
4764 0.029591
4767 0.065765
4789 0.054832
4916 0.032559
4956 0.045190
5105 0.049420
5132 0.056320
5270 0.035829
5496 0.025120
5521 0.033546
5526 0.040867
5529 0.016599
5572 0.130667
5692 0.019349
5732 0.040376
5833 0.012810
5849 0.036616
5880 0.042878
5896 0.054832
5900 0.026678
5926 0.017940
5945 0.058611
5948 0.022158
5949 0.047167
5962 0.034630
5991 0.053519
6071 0.031798
6112 0.012874
6136 0.041273
6151 0.042131
6167 0.056979
6192 0.356944
6217 0.092931
6263 0.070284
6291 0.041396
6317 0.018042
6329 0.058038
6561 0.050312
6572 0.039379
6813 0.020188
6816 0.025120
6934 0.037174
7008 0.022536
7082 0.029448
7111 0.038429
7118 0.094136
7123 0.029885
7428 0.033342
7450 0.035334
7501 0.027017
7549 0.037463
7655 0.071004
7665 0.056320
7694 0.099709
7794 0.037174
7872 0.036348
7911 0.031828
8016 0.024102
8073 0.041693
8098 0.032007
8117 0.040476
8137 0.412728
8157 0.024102
8227 0.062885
8255 0.056320
8292 0.086265
8294 0.023753
8408 0.060071
8412 0.041273
8605 0.018952
8731 0.052344
8767 0.036188
8822 0.040476
8826 0.054602
8867 0.200492
8916 0.047825
8924 0.031142
8931 0.006836
9047 0.127803
9061 0.101264
9079 0.080197
9087 0.240590
9088 0.050312
9130 0.098504
9138 0.121081
9144 0.023753
9146 0.040098
9280 0.029737
9288 0.050312
9355 0.045190
9407 0.196499
9881 0.043060
9963 0.089236
10007 0.046430
10063 0.035094
10133 0.044618
10302 0.037174
10378 0.017540
10408 0.058038
10412 0.046430
10475 0.013853
10476 0.044074
10544 0.136734
10563 0.035579
10644 0.047825
10677 0.021164
10715 0.036348
10744 0.058038
11121 0.046206
11152 0.068782
11249 0.047825
11287 0.026790
11320 0.025717
11457 0.129180
11458 0.087750
11502 0.026028
11503 0.090764
11510 0.070284
11523 0.027635
11536 0.033967
11600 0.063221
