88

186 0.080106
188 0.092404
404 0.044972
455 0.062177
508 0.063888
531 0.075785
548 0.225858
552 0.082643
632 0.081670
665 0.104397
827 0.147154
1298 0.307369
1498 0.210483
1499 0.086820
1766 0.103435
1797 0.057979
1831 0.063308
1966 0.547395
1994 0.089904
2065 0.168208
2171 0.294307
2257 0.123334
2411 0.211334
2452 0.128856
2473 0.084671
2565 0.116803
2650 0.141632
2974 0.123334
3121 0.064675
3371 0.131327
3473 0.063308
3611 0.081352
3844 0.329588
3975 0.194993
4110 0.080106
4127 0.361968
4483 0.145217
4520 0.060192
4552 0.127681
5050 0.078024
5217 0.107144
5394 0.041061
5529 0.053340
5683 0.124372
5689 0.069118
5902 0.111282
6111 0.132630
6177 0.250687
6317 0.057979
6715 0.141632
6866 0.141632
7061 0.039451
7111 0.041164
7217 0.065684
7374 0.112020
7425 0.145217
7428 0.107144
7704 0.176441
7760 0.054972
7899 0.073169
8007 0.069118
8352 0.070496
8404 0.043072
8628 0.138373
8826 0.014622
8931 0.043938
9146 0.128856
9262 0.143380
9690 0.262654
9767 0.046772
9811 0.074980
10017 0.076608
10082 0.103435
10185 0.076887
10272 0.250687
10337 0.087567
10475 0.044516
10564 0.158810
10669 0.141632
10898 0.120388
11065 0.283264
11096 0.113545
11121 0.049494
11423 0.067360
11462 0.115960
11512 0.156156
11523 0.044403
11609 0.200149
