422

71 0.049923
86 0.057604
122 0.148393
141 0.032545
148 0.021233
157 0.025741
175 0.023245
198 0.043701
199 0.025571
213 0.015934
217 0.015332
229 0.194247
233 0.048562
255 0.101442
259 0.129570
304 0.020941
308 0.034704
318 0.015628
334 0.129570
346 0.067217
403 0.040489
404 0.020668
418 0.015628
512 0.052544
514 0.067628
531 0.034829
536 0.034337
538 0.034284
558 0.057604
586 0.014160
599 0.021958
634 0.023373
664 0.051899
671 0.033814
693 0.030787
754 0.044357
763 0.155550
831 0.015528
893 0.057604
895 0.048118
897 0.016307
913 0.157596
917 0.010879
918 0.057604
958 0.046194
965 0.018268
1097 0.051899
1132 0.011995
1172 0.364924
1173 0.310500
1174 0.038652
1248 0.048562
1269 0.017797
1275 0.024472
1284 0.020476
1318 0.057604
1333 0.015380
1385 0.039731
1387 0.020567
1466 0.017229
1487 0.015882
1506 0.021135
1533 0.032947
1573 0.033814
1592 0.021233
1605 0.016930
1666 0.028575
1723 0.026272
1724 0.046194
1767 0.068569
1802 0.046194
1816 0.027038
1859 0.068962
1872 0.012092
1947 0.041882
1994 0.061976
2000 0.018693
2028 0.029339
2052 0.025914
2062 0.025242
2073 0.078273
2076 0.054900
2085 0.027450
2108 0.039519
2140 0.082991
2141 0.026091
2154 0.012844
2165 0.015332
2171 0.033814
2192 0.048562
2259 0.016171
2267 0.047268
2339 0.021745
2340 0.019298
2348 0.054391
2388 0.040489
2436 0.115209
2473 0.019456
2507 0.007210
2511 0.118557
2524 0.158926
2525 0.042856
2532 0.023245
2539 0.021434
2543 0.021640
2548 0.038912
2550 0.045564
2578 0.044357
2608 0.044357
2609 0.028109
2652 0.032947
2678 0.035315
2682 0.035315
2756 0.029888
2762 0.017817
2768 0.019143
2785 0.044357
2792 0.040489
2801 0.113768
2804 0.022067
2805 0.027241
2862 0.051899
2881 0.061574
2912 0.080977
2931 0.051899
2956 0.029078
2983 0.025914
3006 0.033369
3056 0.064324
3095 0.022391
3121 0.014861
3136 0.027241
3179 0.014636
3203 0.021424
3233 0.029339
3243 0.018990
3273 0.035315
3275 0.046341
3286 0.026457
3287 0.031110
3289 0.025405
3384 0.025571
3393 0.057604
3401 0.152428
3402 0.050164
3415 0.026272
3558 0.022874
3567 0.013476
3573 0.014953
3599 0.021958
3613 0.019066
3637 0.043072
3674 0.034783
3681 0.043917
3691 0.014077
3693 0.027241
3758 0.022403
3766 0.028825
3770 0.025571
3801 0.046194
3809 0.034783
3837 0.048562
3841 0.063298
3850 0.014373
3879 0.051899
3916 0.172813
3938 0.023373
3943 0.030177
3972 0.057604
4195 0.022178
4205 0.023245
4212 0.037867
4310 0.019377
4315 0.014330
4317 0.023768
4359 0.020297
4362 0.025914
4396 0.028825
4401 0.037867
4561 0.039519
4566 0.015678
4569 0.044357
4571 0.057604
4662 0.460835
4663 0.033743
4677 0.010229
4733 0.051899
4738 0.032553
4801 0.040489
4843 0.030476
4903 0.029339
4943 0.021702
4964 0.040071
4970 0.025914
5083 0.025571
5100 0.026570
5143 0.017108
5174 0.028579
5227 0.024472
5241 0.032162
5312 0.057604
5320 0.017229
5376 0.023904
5417 0.097123
5491 0.030698
5496 0.037098
5502 0.057604
5558 0.057604
5562 0.155484
5569 0.019456
5620 0.026091
5678 0.037387
5689 0.031765
5701 0.050483
5740 0.024042
5749 0.018337
5770 0.037867
5774 0.039519
5780 0.044357
5807 0.029888
5821 0.017414
5826 0.042868
5880 0.031662
5885 0.013399
5926 0.026494
5961 0.048562
6023 0.026840
6070 0.028154
6071 0.011740
6112 0.028519
6155 0.057604
6167 0.021037
6199 0.037867
6207 0.085713
6215 0.028825
6217 0.022874
6270 0.085713
6281 0.022874
6291 0.015284
6308 0.014203
6315 0.024183
6321 0.057604
6380 0.017863
6436 0.501424
6559 0.037830
6574 0.035315
6586 0.051899
6650 0.042856
6657 0.027883
6725 0.048366
6792 0.029542
6796 0.129570
6828 0.013593
6837 0.047005
6962 0.022754
6992 0.028579
7023 0.028109
7032 0.026272
7043 0.033369
7050 0.022067
7061 0.018130
7062 0.026073
7070 0.039519
7111 0.018918
7118 0.011585
7120 0.015780
7123 0.022067
7125 0.053680
7126 0.029183
7141 0.046194
7154 0.026091
7195 0.057604
7215 0.032545
7217 0.015093
7320 0.031446
7370 0.039519
7387 0.023904
7460 0.018767
7461 0.083175
7498 0.020211
7513 0.044357
7515 0.053292
7528 0.023120
7530 0.037830
7532 0.023904
7534 0.091429
7635 0.013361
7643 0.017863
7704 0.013515
7707 0.080835
7709 0.012880
7788 0.050244
7847 0.017668
7859 0.028564
7861 0.013210
7915 0.079129
7991 0.029609
8027 0.025741
8042 0.065893
8083 0.013476
8085 0.028579
8110 0.057604
8133 0.048562
8186 0.029339
8192 0.036492
8227 0.015478
8237 0.022178
8245 0.019699
8253 0.042856
8284 0.027038
8348 0.029078
8351 0.070118
8368 0.037867
8382 0.039399
8399 0.051899
8404 0.009897
8419 0.021640
8459 0.039519
8469 0.024472
8512 0.033169
8539 0.025334
8583 0.025571
8594 0.034284
8641 0.023768
8653 0.020476
8702 0.025082
8761 0.028321
8767 0.013361
8812 0.044357
8826 0.010080
8874 0.050164
8904 0.092388
9051 0.021333
9052 0.095920
9083 0.035882
9093 0.017996
9097 0.017797
9106 0.032162
9110 0.023634
9114 0.204568
9115 0.020941
9116 0.134420
9131 0.042856
9284 0.029888
9290 0.032947
9328 0.017352
9329 0.028579
9394 0.036492
9399 0.057604
9444 0.017797
9551 0.035882
9593 0.017996
9623 0.018840
9676 0.057604
9747 0.017929
9767 0.037616
9783 0.016473
9842 0.035882
9865 0.015093
9893 0.033814
9903 0.030093
9904 0.033814
9906 0.057604
9919 0.021037
9937 0.105944
9938 0.040489
9939 0.057604
10015 0.020209
10058 0.011494
10081 0.044357
10097 0.036492
10118 0.032545
10195 0.048118
10228 0.045992
10276 0.015332
10284 0.046194
10305 0.027450
10320 0.051899
10331 0.033369
10397 0.016039
10401 0.019377
10509 0.013361
10541 0.026272
10604 0.027450
10619 0.030070
10627 0.029609
10646 0.068987
10657 0.097123
10701 0.014907
10733 0.048562
10735 0.029339
10753 0.044357
10767 0.057604
10890 0.035281
10914 0.057604
10923 0.057604
10987 0.051899
11004 0.057604
11085 0.046194
11121 0.034119
11146 0.020567
11177 0.028579
11186 0.048562
11210 0.032184
11242 0.019866
11245 0.033814
11295 0.022996
11306 0.011166
11314 0.035882
11325 0.079038
11332 0.094874
11376 0.008798
11395 0.048562
11423 0.046435
11451 0.016755
11523 0.010203
11532 0.012357
11543 0.023904
11600 0.026676
11636 0.022067
11637 0.105621
11664 0.057604
