249

65 1.534264
179 1.268562
186 0.971228
188 1.120336
190 1.960233
194 0.723444
216 1.495346
217 0.808965
262 2.340444
298 1.677686
319 2.136324
345 0.932204
387 2.437354
438 1.624441
458 0.747158
531 1.837680
552 2.003975
556 2.039414
593 1.592256
659 1.784142
665 5.062992
824 2.738384
875 1.141787
917 1.148063
965 0.963867
1102 1.247022
1195 1.808965
1204 2.437354
1237 1.960233
1284 2.160745
1364 1.520900
1367 2.194316
1498 3.827958
1499 1.052642
1544 1.696991
1633 1.299051
1708 2.562293
1766 1.254084
1898 2.136324
1966 4.977609
1981 0.935610
2000 0.986336
2064 1.206905
2090 1.659203
2134 1.562293
2143 2.437354
2147 1.738384
2165 0.808965
2168 1.835294
2174 5.697054
2257 1.495346
2259 0.426630
2278 1.219870
2340 2.036450
2417 1.717195
2452 1.562293
2507 0.380449
2543 1.141787
2585 1.471212
2650 5.151584
2651 1.568283
2762 0.470040
2915 1.624441
2926 1.520900
2974 1.495346
3034 1.358173
3048 1.254084
3056 1.696991
3095 1.181416
3121 0.784142
3243 1.001988
3370 4.439981
3473 0.767573
3573 0.788994
3611 0.986336
3621 2.698605
3705 3.920466
3818 3.524802
3829 2.261263
3913 2.136324
4045 1.677686
4110 0.971228
4196 1.468125
4362 1.367316
4364 3.039414
4419 7.453291
4433 1.960233
4483 1.760661
4520 0.729784
4552 1.548052
4645 1.061691
4677 2.698635
4738 0.572546
4747 2.551972
4922 2.437354
4943 0.572546
4978 1.495346
5000 2.136324
5012 0.827227
5032 7.133151
5050 2.837977
5107 2.738384
5163 1.659203
5260 1.998021
5320 0.909080
5338 1.416165
5395 2.070185
5451 1.760661
5470 2.738384
5486 2.261263
5491 2.429621
5492 1.717195
5529 0.646717
5681 1.147320
5683 1.507935
5692 1.507714
5732 3.932805
5753 1.300496
5885 0.706976
5902 1.349218
5926 0.698970
5948 0.863323
6009 2.437354
6039 2.562293
6074 6.078828
6157 3.039414
6167 1.109995
6239 1.738384
6317 3.514772
6342 2.136324
6367 1.405946
6415 0.928824
6504 2.616290
6542 1.659203
6568 2.170331
6570 1.996043
6633 2.136324
6641 8.803303
6708 1.323411
6715 1.717195
6813 0.786561
6814 2.439740
6816 0.978716
6858 2.261858
6866 1.717195
6874 0.500338
6980 2.388632
7008 0.878046
7060 0.932204
7061 1.913251
7082 1.147320
7111 0.499085
7130 1.960233
7283 1.608050
7374 6.790864
7400 4.078828
7428 1.299051
7430 1.738384
7460 0.990196
7624 2.136324
7694 0.776963
7704 2.139235
7705 1.893286
7758 0.994091
7855 1.483112
7899 5.322755
8044 1.483112
8142 4.272648
8175 1.448350
8181 1.760661
8190 2.136324
8240 1.534264
8272 0.884078
8482 1.043779
8487 1.548052
8491 1.659203
8563 1.459631
8582 1.577016
8609 1.960233
8628 1.677686
8647 1.808965
8649 1.760661
8650 2.598103
8673 1.835294
8794 4.388632
8826 2.127393
8871 1.188156
8919 0.760661
8930 1.048188
8931 0.266359
9002 2.437354
9059 0.542484
9104 0.893286
9127 2.340444
9130 0.767573
9144 0.925471
9146 1.562293
9154 1.863323
9184 1.608050
9231 1.893286
9279 1.367316
9280 1.158601
9281 1.784142
9392 2.738384
9407 1.275986
9594 1.495346
9597 1.760661
9677 2.537124
9767 1.134157
9856 1.925471
9871 3.640018
9925 2.340444
10010 1.061691
10017 1.857649
10036 0.736218
10080 1.507935
10082 2.508169
10092 0.887126
10110 5.476768
10249 0.963867
10317 2.261263
10337 8.493524
10396 1.014108
10458 3.897154
10473 2.562293
10487 0.596934
10552 3.850942
10559 1.659203
10563 1.386202
10564 3.850942
10647 7.021332
10658 1.240074
10677 4.947422
10701 1.573122
10711 1.268562
10757 2.562293
10890 0.465383
11065 3.434390
11295 1.213339
11306 0.589165
11362 4.657411
11376 0.928453
11395 2.562293
11512 1.893286
11521 2.151253
11526 0.890195
11543 1.261263
11547 1.039414
11570 1.426630
