188

5 0.066059
98 0.047878
179 0.056960
297 0.053077
359 0.076197
404 0.048966
446 0.136474
508 0.034780
531 0.082514
549 0.065539
552 0.134972
593 0.071494
632 0.044461
665 0.028417
697 0.036788
739 0.085011
897 0.038635
917 0.025775
1024 0.136474
1079 0.109440
1298 0.083666
1346 0.115050
1459 0.136474
1487 0.037628
1499 0.094530
1514 0.245914
1532 0.034994
1542 0.036554
1544 0.076197
1666 0.067698
1708 0.230101
1887 0.072204
1898 0.095924
1913 0.101534
1966 0.372502
1972 0.091572
2168 0.082407
2174 0.298439
2176 0.072204
2257 0.067143
2290 0.068890
2417 0.077104
2473 0.046095
2518 0.037024
2530 0.032203
2687 0.065033
3029 0.068290
3035 0.081225
3048 0.056310
3054 0.059802
3079 0.122957
3089 0.088017
3109 0.122957
3148 0.136474
3156 0.061814
3243 0.044991
3356 0.101534
3370 0.049840
3371 0.071494
3390 0.136474
3473 0.034465
3509 0.068290
3531 0.035427
3611 0.044288
3621 0.080781
3628 0.122957
3679 0.067708
3691 0.066701
3818 0.031654
3891 0.059051
3911 0.071494
3975 0.053077
4037 0.162450
4045 0.075330
4110 0.043609
4127 0.197055
4196 0.032960
4403 0.083666
4433 0.088017
4483 0.079056
4520 0.065537
4552 0.069510
4610 0.059051
4734 0.027815
4956 0.079056
5012 0.037144
5032 0.064058
5050 0.084953
5084 0.070810
5260 0.179428
5338 0.063588
5379 0.081225
5394 0.022353
5492 0.077104
5626 0.136474
5678 0.044288
5683 0.067708
5692 0.033849
5693 0.113265
5753 0.029197
5821 0.041257
5833 0.022410
5892 0.060188
5900 0.046671
5926 0.031385
5949 0.082514
6112 0.022522
6308 0.033648
6367 0.063129
6415 0.083411
6504 0.039158
6560 0.136474
6568 0.032484
6587 0.027963
6616 0.080781
6708 0.059423
6812 0.055072
6853 0.088017
6980 0.053626
7061 0.021477
7082 0.051516
7374 0.121968
7404 0.050541
7430 0.078056
7485 0.079056
7498 0.031922
7530 0.089625
7704 0.320182
7899 0.039833
8016 0.042164
8234 0.057293
8270 0.098528
8271 0.041555
8404 0.023448
8455 0.019589
8503 0.095924
8552 0.059802
8601 0.079056
8605 0.033154
8609 0.088017
8628 0.075330
8673 0.082407
8767 0.031654
8794 0.197055
8930 0.047065
8931 0.035880
9031 0.039696
9138 0.030260
9144 0.083110
9221 0.109440
9231 0.085011
9281 0.080110
9328 0.041110
9380 0.051022
9475 0.077104
9495 0.136474
9635 0.069510
9690 0.142989
9761 0.037506
9767 0.012731
9871 0.054481
9957 0.064539
10017 0.041705
10036 0.066114
10080 0.067708
10082 0.056310
10083 0.162450
10092 0.119499
10224 0.078056
10249 0.043279
10280 0.098528
10337 0.143014
10397 0.038000
10458 0.116658
10475 0.024234
10507 0.137719
10555 0.061394
10591 0.053907
10647 0.105089
11065 0.231313
11136 0.095924
11287 0.046867
11335 0.046867
11362 0.156843
11396 0.042320
11397 0.043777
11609 0.108961
11642 0.122957
