141

7 0.067630
23 0.051039
98 0.053448
188 0.056157
404 0.027331
452 0.089431
455 0.037787
458 0.037452
508 0.077654
632 0.049634
697 0.082136
739 0.094902
831 0.041068
917 0.057547
992 0.058075
1056 0.152352
1278 0.127175
1298 0.093400
1498 0.191878
1499 0.052764
1514 0.274526
1561 0.093400
1649 0.088326
1870 0.152352
1872 0.031981
1887 0.080604
1913 0.113347
1965 0.193030
1966 0.499010
1994 0.054638
2024 0.051247
2044 0.087137
2174 0.142784
2175 0.152352
2339 0.057510
2348 0.047951
2417 0.172150
2444 0.158097
2507 0.038140
2667 0.138011
2762 0.023561
2843 0.073745
2929 0.122174
2983 0.137075
3081 0.152352
3275 0.030641
3286 0.139946
3370 0.111278
3404 0.219982
3445 0.084095
3611 0.049441
3621 0.045090
3807 0.069484
3818 0.035336
3844 0.100152
3936 0.234632
4037 0.362701
4110 0.048683
4211 0.045730
4266 0.052764
4377 0.076236
4403 0.373600
4542 0.141972
4573 0.027262
4598 0.113347
4608 0.128436
4708 0.069090
4729 0.120358
4832 0.077597
5023 0.053681
5050 0.047418
5217 0.065116
5260 0.100152
5496 0.098117
5521 0.065515
5529 0.032417
5712 0.096996
5732 0.039427
5734 0.056370
5740 0.063587
5821 0.046057
5885 0.035437
5892 0.067190
5900 0.052101
5920 0.061816
5926 0.070072
5931 0.084095
6131 0.107084
6215 0.076236
6308 0.075126
6401 0.255187
6415 0.046558
6504 0.043714
6559 0.050026
6651 0.152352
6813 0.039427
6864 0.021868
7062 0.068959
7374 0.136158
7530 0.050026
7550 0.162852
7595 0.068537
7704 0.142974
8234 0.063959
8296 0.104520
8404 0.026176
8455 0.043736
8628 0.336379
8767 0.035336
8826 0.008886
8931 0.040054
9031 0.044315
9144 0.139169
9461 0.036158
9690 0.239438
9762 0.137263
9774 0.047951
9872 0.057233
9957 0.072048
10017 0.046558
10077 0.066337
10185 0.046727
10195 0.042421
10249 0.048314
10276 0.040550
10337 0.106435
10352 0.048683
10475 0.027054
10507 0.102495
10564 0.193030
11065 0.172150
11096 0.069006
11121 0.030079
11254 0.234632
11306 0.029532
11362 0.058364
11376 0.023270
11512 0.094902
11555 0.152352
11600 0.017638
11609 0.121638
