156

103 1.219870
151 1.925471
194 0.723444
217 1.617930
283 2.738384
345 1.864408
346 0.506660
404 0.545260
616 2.738384
684 1.893286
697 0.819306
739 1.893286
791 1.206905
897 1.720874
1278 2.537124
1393 2.194316
1456 0.849082
1464 1.459631
1498 5.103945
1542 3.256419
1666 0.753857
1721 0.747158
1796 1.459631
1797 0.702954
1902 2.028217
2174 0.949509
2259 0.853261
2339 2.294639
2340 1.018225
2473 2.053154
2504 1.275986
2507 0.380449
2666 1.960233
2675 2.136324
2762 0.470040
2809 1.520900
3286 1.395961
3370 1.109995
3417 1.075626
3455 1.188156
3531 0.788994
3599 1.158601
3611 2.959007
3618 3.521321
3636 1.925471
3682 1.893286
3874 2.562293
3884 1.863323
3892 2.261263
3952 1.136324
3975 9.456653
4037 1.808965
4148 0.978716
4211 0.912309
4217 1.147320
4377 1.520900
4573 2.175479
4613 1.805387
4618 1.998021
4681 1.677686
4724 1.696991
4796 1.182082
4830 1.426630
4908 1.784142
4968 2.340444
5084 1.577016
5217 1.299051
5227 1.291226
5394 0.995670
5485 1.548052
5491 0.404937
5529 1.293434
5692 0.753857
5712 0.967532
5749 0.967532
5792 0.974956
5833 0.499085
5900 2.078828
5921 3.039414
5926 1.397940
5931 1.677686
6112 1.003190
6185 3.920466
6631 1.386202
6708 2.646822
6792 0.519586
6794 1.738384
6812 3.679502
6816 0.978716
6828 0.717195
6860 2.508169
6864 0.436270
6874 1.000676
7044 1.893286
7060 0.932204
7062 0.343932
7082 1.147320
7120 0.832588
7411 0.893286
7498 0.355467
7549 2.919261
7580 1.254084
7635 0.704960
7704 2.139235
7847 0.932204
7896 1.437354
7899 0.887126
7925 1.520900
7931 1.659203
7936 5.327376
7987 2.753313
8128 1.182082
8203 1.863323
8292 1.120336
8455 0.436270
8474 0.982509
8493 2.039414
8653 1.080373
8767 1.409921
8931 0.799078
9067 2.562293
9132 0.731918
9144 0.925471
9224 1.696991
9378 1.386202
9557 1.696991
9562 0.982509
9667 1.158601
9679 1.520900
9767 0.567079
9774 0.956629
9869 3.039414
9903 0.793901
10276 0.808965
10337 3.185072
10341 3.039414
10458 1.299051
10507 2.044762
10555 1.367316
10619 0.528869
10701 0.786561
10711 1.268562
10981 1.577016
11096 1.376656
11121 2.400326
11150 2.044762
11163 4.522526
11306 4.124155
11332 0.715132
11376 1.392679
11451 1.768156
11523 0.538355
11564 1.608050
11588 2.738384
11600 0.703770
11620 1.085172
