301

39 2.437354
188 1.120336
198 1.152923
345 0.932204
359 1.696991
404 0.545260
429 1.608050
471 4.874708
475 2.698436
508 1.549193
549 1.459631
556 2.039414
593 1.592256
599 1.158601
600 0.971228
602 1.459631
633 3.620716
634 1.233234
637 1.275986
655 2.437354
665 3.164370
689 1.268562
697 1.638612
754 2.340444
857 1.158601
917 0.574031
945 3.039414
986 2.437354
1130 1.960233
1197 1.495346
1295 1.219870
1349 3.039414
1368 2.136324
1498 1.275986
1499 1.052642
1532 0.779343
1544 3.393983
1554 2.738384
1666 2.261570
1708 2.562293
1721 0.747158
1756 1.925471
1764 3.216101
1766 1.254084
1781 2.738384
1816 2.853261
1831 0.767573
1898 8.545297
1924 3.282948
1966 6.636812
2005 1.158601
2024 1.022381
2027 2.738384
2064 2.413810
2079 3.039414
2140 1.459631
2143 2.437354
2168 3.670588
2169 2.136324
2171 1.784142
2417 1.717195
2504 1.275986
2507 0.760899
2530 0.717195
2650 3.434390
2762 1.410121
2851 1.170182
2962 2.942425
2966 1.835294
2974 1.495346
2983 1.367316
3034 1.358173
3035 1.808965
3054 1.331844
3056 1.696991
3095 0.590708
3121 0.784142
3193 1.659203
3275 0.611279
3286 1.395961
3370 1.109995
3374 1.170182
3414 1.109995
3417 1.075626
3423 0.925471
3476 2.437354
3509 1.520900
3521 1.254084
3583 2.136324
3598 1.534264
3611 0.986336
3621 0.899535
3637 1.136324
3679 1.507935
3727 3.216101
3818 0.704960
3891 1.315138
3943 1.592256
3952 1.136324
3975 4.728326
4045 1.677686
4071 2.036450
4110 0.971228
4141 3.039414
4195 1.170182
4196 0.734063
4310 1.022381
4315 0.756113
4358 3.039414
4362 2.734633
4419 1.863323
4433 3.920466
4483 5.281982
4538 1.120336
4573 0.543870
4610 1.315138
4611 2.437354
4620 1.760661
4665 2.437354
4677 3.238362
4734 0.619458
4783 1.998021
4834 1.057143
4943 1.145093
4956 1.760661
5012 0.827227
5050 1.891985
5055 1.925471
5062 2.738384
5112 0.960233
5135 2.375240
5163 1.659203
5260 1.998021
5297 1.331844
5320 0.909080
5362 9.749417
5394 0.497835
5460 1.247022
5482 1.893286
5485 1.548052
5491 0.809874
5521 1.307020
5529 0.646717
5532 1.774252
5678 1.972671
5683 1.507935
5692 0.753857
5712 0.967532
5732 1.573122
5743 0.749380
5749 0.967532
5753 0.650248
5885 2.120927
5892 1.340444
5900 2.078828
5931 1.677686
5949 1.837680
5953 1.925471
6071 0.619458
6097 1.094931
6161 2.437354
6167 2.219990
6185 1.960233
6254 3.039414
6317 11.950225
6342 10.681621
6367 1.405946
6415 1.857649
6451 2.562293
6559 0.998021
6568 2.170331
6616 0.899535
6633 6.408972
6641 10.563963
6715 1.717195
6716 13.691921
6723 3.850942
6740 1.808965
6813 1.573122
6814 1.219870
6838 3.361008
6866 1.717195
6874 1.000676
6909 0.747158
6982 1.760661
6984 1.738384
7052 2.039414
7060 0.932204
7061 1.913251
7085 2.085172
7111 0.499085
7217 1.592752
7288 1.738384
7308 1.562293
7374 17.656247
7414 2.738384
7428 1.299051
7498 0.355467
7509 1.893286
7584 1.641474
7595 1.367316
7655 1.844286
7704 0.713078
7758 0.994091
7760 1.333004
7899 1.774252
7911 1.240074
7920 1.039414
7931 1.659203
7936 1.331844
7989 1.048188
8030 1.696991
8089 1.893286
8144 2.340444
8181 3.521321
8237 1.170182
8264 1.808965
8270 2.194316
8280 2.562293
8348 1.534264
8360 2.437354
8381 2.328706
8396 4.824151
8404 0.522218
8410 1.307020
8482 2.087558
8503 4.272648
8563 1.459631
8605 0.738384
8628 3.355373
8647 1.808965
8673 1.835294
8761 0.747158
8767 0.704960
8826 4.786634
8864 3.039414
8930 2.096376
9031 0.884078
9130 0.767573
9137 1.448350
9142 1.520900
9144 3.701883
9235 2.340444
9264 2.630276
9280 1.158601
9281 1.784142
9461 2.164052
9562 1.965019
9594 1.495346
9596 1.213339
9623 0.994091
9677 1.268562
9690 1.592256
9774 0.956629
9783 1.738305
9871 6.066697
9912 5.476768
9993 1.624441
10036 1.472436
10080 1.507935
10082 1.254084
10092 0.887126
10095 1.925471
10185 1.864408
10195 1.692579
10264 2.437354
10276 0.808965
10303 1.784142
10337 8.493524
10378 1.366777
10397 2.538869
10423 0.698970
10487 0.596934
10548 0.994091
10555 1.367316
10564 5.776412
10596 1.194316
10619 0.528869
10677 5.771992
10833 2.261263
10985 2.039414
11031 2.896699
11065 5.151584
11096 2.753313
11121 0.600081
11136 4.272648
11210 1.698165
11295 1.213339
11306 0.589165
11335 1.043779
11362 3.493059
11376 0.928453
11377 1.226501
11397 0.974956
11411 1.677686
11455 3.039414
11512 7.573144
11523 1.076710
11526 0.890195
11600 0.351885
11609 1.213339
