263

23 0.025275
45 0.034899
71 0.021795
85 0.032245
99 0.027057
109 0.061223
362 0.058095
466 0.182224
512 0.034409
531 0.045615
586 0.018546
599 0.028759
629 0.046252
634 0.030612
635 0.135946
637 0.063346
687 0.121001
688 0.067973
714 0.067973
900 0.075445
917 0.014249
990 0.033273
1044 0.032051
1065 0.053028
1390 0.064886
1666 0.056137
1668 0.116190
1721 0.018546
1725 0.029801
1797 0.017449
1798 0.029193
1859 0.120426
1872 0.015837
1996 0.049595
2000 0.024483
2163 0.075445
2166 0.037430
2176 0.039915
2246 0.041185
2248 0.028342
2259 0.021180
2264 0.035678
2267 0.030954
2340 0.025275
2348 0.023746
2405 0.032850
2497 0.079831
2543 0.028342
2576 0.021216
2627 0.018995
2641 0.234978
2651 0.019464
2762 0.023335
2805 0.035678
2806 0.051387
2873 0.063602
2954 0.023224
3014 0.049158
3035 0.044903
3095 0.014663
3179 0.057506
3193 0.041185
3218 0.038084
3259 0.051759
3281 0.044286
3282 0.034172
3299 0.043704
3401 0.066546
3403 0.041185
3404 0.054468
3409 0.046996
3455 0.029493
3464 0.035412
3605 0.033491
3608 0.046996
3621 0.044657
3693 0.035678
3694 0.030781
3702 0.254407
3715 0.038084
3734 0.075445
3758 0.029342
3818 0.017499
3888 0.212113
3927 0.042123
3954 0.056130
4092 0.067973
4131 0.088573
4147 0.048657
4148 0.024294
4196 0.018221
4205 0.030444
4249 0.101139
4273 0.089805
4411 0.067973
4437 0.036519
4452 0.036814
4488 0.045556
4520 0.054345
4573 0.013500
4638 0.099191
4677 0.013397
4722 0.054357
4738 0.014212
4745 0.046996
4901 0.022407
4943 0.042636
4970 0.033940
4978 0.037118
5010 0.053028
5050 0.023482
5060 0.045556
5064 0.029342
5081 0.051174
5135 0.014740
5143 0.044814
5148 0.046252
5176 0.071357
5177 0.205393
5178 0.020667
5204 0.043151
5286 0.058095
5289 0.048657
5324 0.024108
5330 0.048657
5395 0.025693
5397 0.048657
5433 0.060501
5496 0.024294
5629 0.075445
5712 0.024016
5719 0.234735
5732 0.019524
5743 0.018601
5749 0.024016
5753 0.016141
5795 0.261419
5869 0.026129
5885 0.017549
5926 0.034700
6071 0.030753
6097 0.027179
6110 0.101246
6112 0.024901
6140 0.075445
6141 0.124932
6242 0.116339
6296 0.127204
6317 0.052347
6324 0.036519
6362 0.048657
6456 0.020017
6568 0.017957
6587 0.030917
6616 0.022328
6630 0.150890
6721 0.054468
6832 0.075445
6837 0.061563
6864 0.010829
7039 0.062258
7061 0.011873
7062 0.025612
7111 0.024777
7150 0.048588
7154 0.034172
7368 0.321807
7385 0.019111
7394 0.070824
7422 0.044903
7498 0.026470
7530 0.024773
7534 0.039915
7556 0.045556
7571 0.063602
7572 0.060501
7574 0.150890
7613 0.063602
7623 0.075445
7713 0.035152
7859 0.029928
7861 0.017301
7904 0.031673
7906 0.051759
7945 0.043151
7971 0.037752
7972 0.124517
8083 0.017649
8096 0.198381
8117 0.039145
8227 0.020272
8264 0.044903
8265 0.075445
8271 0.068917
8326 0.062977
8343 0.024483
8356 0.047794
8457 0.029646
8469 0.064102
8474 0.024388
8479 0.043704
8487 0.076852
8489 0.037118
8539 0.033180
8582 0.861191
8653 0.026817
8743 0.135946
8749 0.075445
8750 0.050623
8826 0.035204
8874 0.032850
8919 0.056644
8931 0.013223
9051 0.055880
9062 0.026699
9104 0.022173
9157 0.067973
9159 0.075445
9200 0.150890
9254 0.075445
9255 0.034899
9357 0.034172
9461 0.017906
9522 0.037430
9607 0.043151
9623 0.024676
9669 0.038454
9725 0.030118
9767 0.014076
9895 0.043151
9957 0.035678
9999 0.029646
10010 0.026354
10036 0.018275
10058 0.060213
10077 0.032850
10134 0.040745
10242 0.035678
10249 0.023925
10271 0.121001
10352 0.024108
10556 0.029342
10557 0.049595
10677 0.020468
10867 0.044903
10890 0.023104
10901 0.046996
10926 0.067973
11031 0.035951
11146 0.026936
11193 0.038426
11203 0.040745
11332 0.017751
11423 0.020272
11497 0.060501
11521 0.026699
11523 0.026726
11565 0.049595
11570 0.247885
11581 0.075445
11600 0.017469
11654 0.067973
11674 0.075445
