279

5 0.043574
98 0.031581
108 0.034658
188 0.033181
190 0.058057
345 0.027610
359 0.050261
404 0.016149
438 0.048112
455 0.022327
508 0.045883
531 0.027214
547 0.090020
552 0.029676
593 0.094317
633 0.071491
655 0.072188
665 0.093721
697 0.024266
739 0.056074
873 0.052842
875 0.033817
892 0.090020
917 0.051004
986 0.144376
994 0.042896
1079 0.072188
1182 0.060402
1231 0.030280
1284 0.063996
1346 0.151777
1367 0.064990
1498 0.037791
1532 0.023082
1544 0.050261
1666 0.066982
1689 0.085142
1764 0.095253
1898 0.126545
1913 0.066973
1924 0.048616
1965 0.057028
1966 0.196565
2000 0.029213
2141 0.040773
2147 0.051486
2168 0.054357
2174 0.253098
2257 0.044288
2300 0.063272
2304 0.032875
2340 0.030157
2417 0.050859
2467 0.059176
2507 0.045072
2530 0.042483
2569 0.049689
2643 0.090020
2650 0.050859
2651 0.046449
2834 0.058057
2844 0.058057
2858 0.061757
2875 0.045441
2915 0.048112
2974 0.044288
2983 0.040496
3000 0.081104
3014 0.029327
3045 0.057028
3079 0.081104
3095 0.034991
3109 0.081104
3275 0.036209
3363 0.090020
3370 0.032875
3476 0.072188
3531 0.023368
3567 0.042118
3611 0.029213
3618 0.052146
3621 0.053284
3637 0.033655
3679 0.044661
3705 0.058057
3943 0.047159
3952 0.033655
3975 0.105031
4045 0.099378
4110 0.028765
4177 0.180039
4196 0.065223
4315 0.067182
4318 0.108713
4362 0.040496
4403 0.220747
4419 0.055187
4483 0.156439
4520 0.021614
4543 0.081104
4608 0.075889
4645 0.031445
4667 0.123515
4677 0.079927
4729 0.035558
4747 0.075583
4866 0.028018
4908 0.052842
4922 0.072188
4943 0.016957
5000 0.063272
5012 0.024500
5036 0.092542
5037 0.090020
5050 0.084054
5135 0.017587
5163 0.049141
5187 0.090020
5338 0.041943
5362 0.072188
5395 0.030657
5451 0.052146
5460 0.110801
5467 0.066973
5486 0.066973
5491 0.035980
5492 0.050859
5508 0.058057
5531 0.054357
5678 0.029213
5683 0.044661
5692 0.022327
5712 0.028656
5732 0.046592
5743 0.022195
5753 0.019259
5833 0.014782
5885 0.041878
5892 0.039701
5903 0.052146
5926 0.062105
5949 0.027214
5953 0.057028
6071 0.018347
6111 0.047626
6131 0.063272
6167 0.032875
6283 0.031857
6306 0.075889
6308 0.022195
6317 0.145738
6342 0.126545
6367 0.083281
6504 0.025829
6536 0.053577
6568 0.021427
6570 0.029559
6631 0.041056
6633 0.126545
6641 0.208585
6708 0.078392
6715 0.050859
6723 0.171083
6813 0.023296
6814 0.036129
6838 0.033181
6858 0.033495
6864 0.025842
6866 0.050859
6910 0.075889
6962 0.035558
6980 0.035373
7060 0.027610
7061 0.056666
7135 0.061757
7146 0.054357
7374 0.321805
7411 0.026457
7428 0.038475
7430 0.051486
7460 0.058654
7485 0.052146
7530 0.059118
7607 0.054357
7635 0.020879
7655 0.054623
7704 0.042239
7705 0.056074
7812 0.044661
7855 0.043926
7899 0.078823
8030 0.050261
8044 0.087852
8128 0.035010
8181 0.052146
8193 0.056074
8234 0.037791
8237 0.034658
8245 0.030785
8270 0.064990
8272 0.052368
8396 0.095253
8404 0.015467
8482 0.092742
8563 0.043231
8601 0.052146
8602 0.090020
8609 0.058057
8628 0.099378
8649 0.052146
8673 0.108713
8767 0.041758
8794 0.324950
8819 0.038475
8826 0.068259
8871 0.035190
8919 0.022529
8930 0.031045
8931 0.007889
8971 0.077421
9012 0.090020
9065 0.081350
9130 0.022734
9137 0.042896
9144 0.082230
9154 0.055187
9156 0.069318
9181 0.090020
9264 0.038951
9270 0.031857
9280 0.034315
9281 0.052842
9422 0.058057
9461 0.021365
9594 0.044288
9597 0.052146
9632 0.082690
9677 0.112715
9690 0.094317
9767 0.025193
9856 0.057028
9871 0.143744
9950 0.038951
9951 0.086461
10032 0.180039
10037 0.081104
10077 0.039196
10080 0.089322
10082 0.037143
10092 0.026274
10096 0.043926
10185 0.027610
10280 0.064990
10337 0.157223
10396 0.030035
10397 0.050130
10458 0.076949
10487 0.017680
10548 0.058885
10552 0.057028
10579 0.047626
10647 0.069318
10677 0.097687
10701 0.023296
10711 0.037572
10816 0.081104
10818 0.038475
11065 0.203436
11136 0.126545
11210 0.025148
11295 0.035936
11306 0.017450
11362 0.068970
11376 0.013749
11512 0.112149
11521 0.031857
11522 0.050261
11526 0.026365
11600 0.010422
