198

81 0.052787
127 0.047183
158 0.051768
176 0.044584
183 0.044884
326 0.059382
391 0.044584
455 0.024747
586 0.024527
661 0.038804
764 0.051768
875 0.037481
895 0.055562
942 0.063207
965 0.031640
990 0.044002
994 0.047544
1231 0.033561
1284 0.106395
1483 0.057797
1492 0.049926
1572 0.045191
1605 0.029324
1640 0.068449
1641 0.042643
1643 0.034264
1650 0.068449
1872 0.041888
1922 0.361479
1994 0.107345
2021 0.047183
2024 0.033561
2052 0.044884
2107 0.105574
2147 0.057065
2259 0.014005
2268 0.024970
2325 0.076829
2421 0.032378
2502 0.045825
2507 0.012489
2572 0.029021
2575 0.062806
2583 0.065588
2601 0.049500
2690 0.032005
2715 0.064348
2762 0.030860
2836 0.080010
2969 0.060246
3029 0.049926
3034 0.044584
3095 0.038782
3122 0.025121
3156 0.045191
3275 0.020066
3364 0.070128
3366 0.269306
3374 0.038413
3480 0.045191
3498 0.047915
3570 0.066947
3593 0.065588
3633 0.040044
3691 0.073146
3885 0.042134
3887 0.045504
4033 0.168537
4211 0.029948
4237 0.080088
4294 0.080010
4313 0.064348
4405 0.076829
4413 0.066047
4633 0.188734
4663 0.029222
4734 0.040669
4746 0.060246
4936 0.064348
4982 0.074230
5270 0.045825
5394 0.032684
5399 0.051768
5532 0.029121
5689 0.027509
5732 0.025820
5792 0.032005
5833 0.032767
5849 0.046831
5926 0.022945
5945 0.074962
5948 0.085020
6112 0.016466
6137 0.074230
6193 0.047183
6217 0.118856
6218 0.074230
6291 0.026472
6317 0.046151
6466 0.035309
6499 0.080010
6514 0.050365
6665 0.060246
6828 0.023543
6909 0.049053
7062 0.011290
7111 0.032767
7118 0.040132
7237 0.070128
7249 0.126413
7315 0.057065
7428 0.042643
7589 0.041403
7655 0.151354
7656 0.043172
7694 0.127525
7727 0.076829
7775 0.044002
7872 0.046488
8073 0.053325
8087 0.038033
8137 0.105574
8139 0.074230
8157 0.030826
8227 0.053619
8241 0.066850
8271 0.030380
8356 0.063207
8394 0.040483
8404 0.017143
8425 0.059382
8532 0.062150
8630 0.066947
8699 0.107768
8728 0.040483
8823 0.076829
8826 0.023278
9047 0.136214
9061 0.129515
9087 0.153854
9118 0.050817
9130 0.151181
9138 0.110614
9283 0.060246
9284 0.051768
9288 0.064348
9289 0.072032
9310 0.070128
9378 0.045504
9381 0.036950
9383 0.100729
9407 0.083773
9448 0.076829
9452 0.047915
9469 0.053884
9473 0.048686
9560 0.068449
9593 0.031169
9664 0.065588
9761 0.082260
9783 0.028531
9858 0.074230
9908 0.051285
9930 0.066947
9944 0.038804
10077 0.043443
10199 0.080010
10202 0.072032
10423 0.045890
10465 0.132007
10475 0.017717
10509 0.023141
10544 0.262320
10563 0.091009
10566 0.062150
10606 0.049500
10677 0.027068
10866 0.128696
11003 0.047183
11115 0.292113
11152 0.117294
11287 0.034264
11290 0.050817
11306 0.038681
11364 0.047183
11375 0.025980
11433 0.080010
11437 0.039830
11445 0.057065
11451 0.435319
11457 0.055073
11458 0.084173
11466 0.072875
11502 0.033290
11503 0.087064
11535 0.070128
11600 0.023102
11611 0.052787
