207

81 0.048157
127 0.043045
158 0.047228
176 0.040674
183 0.040948
326 0.054174
391 0.040674
455 0.022576
586 0.022376
661 0.035401
764 0.047228
875 0.034194
895 0.050689
942 0.057663
960 0.031933
965 0.028866
990 0.040143
994 0.043375
1231 0.030618
1284 0.097064
1483 0.052728
1492 0.045547
1572 0.041228
1605 0.026752
1640 0.062446
1641 0.038904
1643 0.031259
1650 0.062446
1872 0.038214
1922 0.329776
1976 0.054174
1994 0.097931
2021 0.043045
2024 0.030618
2052 0.040948
2107 0.096315
2147 0.052060
2259 0.012777
2268 0.022780
2325 0.070091
2421 0.029538
2502 0.041806
2507 0.011394
2572 0.026476
2575 0.057298
2583 0.059836
2601 0.045159
2690 0.029198
2715 0.058704
2762 0.028153
2836 0.072993
2969 0.054963
3029 0.045547
3034 0.040674
3095 0.035381
3122 0.022918
3156 0.041228
3179 0.023127
3275 0.018306
3364 0.063978
3366 0.245687
3374 0.035044
3480 0.041228
3498 0.043712
3570 0.061076
3593 0.059836
3626 0.028975
3633 0.036532
3691 0.088974
3885 0.038439
3887 0.041513
4033 0.192195
4211 0.027322
4237 0.073064
4266 0.094572
4294 0.072993
4313 0.058704
4405 0.070091
4413 0.060254
4444 0.050243
4633 0.344363
4663 0.026659
4734 0.037103
4746 0.054963
4936 0.058704
4982 0.067719
5270 0.041806
5394 0.044727
5399 0.047228
5532 0.026567
5689 0.025097
5732 0.023556
5792 0.029198
5833 0.029893
5849 0.042724
5926 0.020933
5945 0.068388
5948 0.077563
5976 0.052060
6112 0.015022
6137 0.067719
6193 0.043045
6217 0.108432
6218 0.067719
6291 0.024150
6317 0.042104
6466 0.032212
6499 0.072993
6514 0.045948
6665 0.054963
6828 0.042957
6909 0.044751
7062 0.010300
7111 0.029893
7118 0.036613
7237 0.063978
7249 0.115327
7315 0.052060
7428 0.038904
7589 0.037772
7655 0.165696
7656 0.078771
7694 0.116341
7727 0.070091
7775 0.040143
7872 0.042411
8073 0.048648
8087 0.034697
8137 0.096315
8139 0.067719
8157 0.028122
8227 0.048916
8241 0.060987
8271 0.027716
8356 0.057663
8394 0.036932
8404 0.015639
8425 0.054174
8532 0.056699
8630 0.061076
8699 0.098317
8728 0.036932
8823 0.070091
8826 0.031855
9047 0.124268
9059 0.016246
9061 0.118156
9087 0.140361
9118 0.046361
9130 0.137922
9138 0.100912
9283 0.054963
9284 0.047228
9288 0.058704
9289 0.065715
9310 0.063978
9378 0.041513
9381 0.033709
9383 0.091895
9407 0.076426
9448 0.070091
9452 0.043712
9469 0.049158
9473 0.044416
9560 0.062446
9593 0.028436
9664 0.059836
9761 0.075045
9783 0.026029
9858 0.067719
9908 0.046787
9930 0.061076
9944 0.035401
10077 0.039633
10199 0.072993
10202 0.065715
10302 0.043375
10423 0.041865
10465 0.120429
10475 0.016164
10544 0.239313
10563 0.083027
10566 0.056699
10606 0.045159
10619 0.015838
10677 0.024694
10866 0.117409
11003 0.043045
11115 0.266494
11152 0.107007
11287 0.031259
11290 0.046361
11306 0.035288
11364 0.043045
11375 0.023702
11433 0.072993
11437 0.036337
11445 0.052060
11451 0.450093
11457 0.050243
11458 0.076791
11466 0.066483
11502 0.030370
11503 0.079428
11535 0.063978
11600 0.021076
11611 0.048157
