115

23 1.018225
109 1.233234
194 0.723444
198 1.152923
269 2.437354
404 0.545260
455 0.753857
913 2.078828
1231 1.022381
1333 1.623055
1487 0.838017
1532 0.779343
1542 0.814105
1592 1.120336
1613 1.323411
1637 3.670588
1689 1.437354
1797 0.702954
1896 1.349218
2042 1.349218
2076 1.448350
2082 1.577016
2141 1.376656
2149 1.395961
2165 0.808965
2248 1.141787
2259 0.853261
2507 0.380449
2552 1.043779
2572 0.884078
2601 1.507935
2633 1.094931
2667 2.753313
2673 1.784142
2892 1.520900
3203 1.130396
3414 1.109995
3432 1.471212
3621 0.899535
3766 1.520900
4246 1.925471
4451 0.878046
4566 0.827227
4663 0.890195
4734 0.619458
4738 0.572546
4964 1.057143
5569 4.106308
5692 0.753857
5693 1.261263
5740 1.268562
5753 0.650248
5821 0.918840
5982 3.039414
6103 2.085172
6291 2.419254
6436 3.649237
6587 0.622774
6616 0.899535
6627 1.141787
6860 1.254084
6864 0.436270
6871 1.507935
7032 1.386202
7062 0.343932
7111 0.499085
7193 2.085172
7377 3.827958
7595 1.367316
7611 1.592256
7635 0.704960
7694 1.553926
7709 0.679579
7847 0.932204
7859 0.904280
7861 0.696991
7915 1.043779
7943 2.136324
7948 1.376656
7981 1.850942
8343 0.986336
8512 0.875061
8539 0.668346
8826 0.177283
8931 0.532719
8959 1.136324
9034 1.233234
9107 1.291226
9444 0.939044
9562 0.982509
9697 2.340444
9872 1.141787
9873 1.376656
10251 1.182082
10276 1.617930
10397 0.846290
10423 0.698970
10475 1.079454
10509 0.704960
10779 1.608050
10818 2.598103
10887 1.268562
10998 2.136324
11152 0.893286
11184 2.437354
11242 1.048188
11256 0.779343
11386 1.349218
11440 1.784142
11466 1.109995
11568 1.349218
11609 2.426679
11636 2.328706
11637 0.928824
11638 1.863323
