215

81 0.045555
127 0.040720
158 0.044676
176 0.038477
183 0.038736
326 0.051247
391 0.038477
455 0.021356
488 0.072589
586 0.021167
661 0.033488
764 0.044676
875 0.064693
876 0.043856
895 0.047950
942 0.054548
960 0.030208
965 0.027306
990 0.037974
994 0.041031
1231 0.028964
1284 0.091820
1483 0.049879
1492 0.043087
1572 0.039000
1605 0.025306
1640 0.059072
1641 0.036802
1643 0.029570
1650 0.059072
1872 0.036149
1922 0.311959
1976 0.051247
1994 0.092640
2021 0.040720
2024 0.028964
2052 0.038736
2107 0.091111
2147 0.049248
2259 0.012086
2268 0.021549
2325 0.066304
2421 0.027943
2502 0.039547
2507 0.010778
2572 0.050091
2575 0.054202
2583 0.056603
2601 0.042719
2690 0.027620
2715 0.055533
2762 0.026632
2836 0.069049
2969 0.051993
3029 0.043087
3034 0.038477
3095 0.033469
3122 0.021679
3156 0.039000
3179 0.021877
3275 0.017317
3364 0.060521
3366 0.232413
3374 0.033151
3414 0.031446
3480 0.039000
3498 0.041351
3570 0.057776
3593 0.056603
3626 0.027410
3633 0.034558
3691 0.105209
3885 0.036362
3887 0.039271
4033 0.181811
4211 0.025845
4237 0.069117
4266 0.089463
4294 0.069049
4313 0.055533
4405 0.066304
4413 0.056999
4444 0.047528
4633 0.366477
4663 0.025219
4734 0.035098
4746 0.051993
4936 0.055533
4982 0.064061
5270 0.039547
5394 0.042310
5399 0.044676
5532 0.025132
5689 0.023741
5732 0.022283
5792 0.027620
5833 0.028278
5849 0.040416
5926 0.019802
5945 0.064693
5948 0.097830
5976 0.049248
6112 0.014210
6137 0.064061
6193 0.040720
6217 0.102574
6218 0.064061
6291 0.022846
6317 0.039829
6466 0.030472
6499 0.069049
6514 0.043465
6572 0.043465
6665 0.051993
6828 0.040636
6909 0.042333
7062 0.009743
7111 0.042417
7118 0.051952
7237 0.060521
7249 0.109096
7315 0.049248
7428 0.036802
7589 0.035731
7655 0.156744
7656 0.111772
7694 0.110055
7727 0.066304
7775 0.037974
7872 0.040119
8073 0.046020
8087 0.032823
8137 0.091111
8139 0.064061
8157 0.026603
8227 0.046273
8241 0.057692
8271 0.026218
8272 0.025046
8356 0.054548
8394 0.034937
8404 0.014794
8425 0.051247
8532 0.053636
8630 0.057776
8699 0.093005
8728 0.034937
8823 0.066304
8826 0.030134
9047 0.117554
9059 0.015368
9061 0.111772
9079 0.044259
9087 0.177037
9118 0.087712
9130 0.130470
9138 0.095460
9283 0.051993
9284 0.044676
9288 0.055533
9289 0.062164
9310 0.060521
9378 0.117812
9381 0.031888
9383 0.086930
9407 0.072296
9448 0.066304
9452 0.041351
9469 0.046502
9473 0.042016
9560 0.059072
9593 0.026899
9664 0.056603
9761 0.070991
9783 0.024623
9858 0.064061
9908 0.044259
9930 0.057776
9944 0.033488
10077 0.037492
10143 0.115552
10199 0.069049
10202 0.062164
10302 0.041031
10423 0.039603
10465 0.113923
10475 0.015290
10544 0.264115
10563 0.078541
10566 0.053636
10606 0.042719
10619 0.014983
10677 0.023360
10715 0.040119
10866 0.111065
11003 0.040720
11115 0.252096
11152 0.101226
11287 0.029570
11290 0.043856
11306 0.033382
11364 0.040720
11375 0.022421
11433 0.069049
11437 0.034373
11445 0.049248
11451 0.450821
11457 0.047528
11458 0.072642
11466 0.062892
11502 0.028729
11503 0.075137
11535 0.060521
11600 0.019938
11611 0.045555
