225

81 0.043588
127 0.038961
158 0.042747
176 0.036815
183 0.037063
326 0.049034
391 0.036815
447 0.032715
455 0.020434
488 0.069454
586 0.020253
661 0.032042
764 0.042747
875 0.061899
876 0.041962
895 0.045880
942 0.052192
960 0.057806
965 0.026127
990 0.036335
994 0.039259
1044 0.035000
1231 0.027713
1284 0.087855
1483 0.047725
1492 0.041226
1572 0.037316
1605 0.024214
1640 0.056521
1641 0.035213
1643 0.028293
1650 0.056521
1872 0.034588
1922 0.298489
1976 0.049034
1994 0.088640
2024 0.027713
2052 0.037063
2107 0.087177
2115 0.024996
2137 0.047121
2147 0.047121
2161 0.037063
2259 0.011564
2268 0.020619
2325 0.063441
2421 0.026736
2502 0.037839
2507 0.020625
2572 0.071892
2575 0.051861
2583 0.054159
2601 0.040875
2690 0.026427
2715 0.053135
2762 0.038223
2818 0.044494
2836 0.066068
2969 0.049748
3029 0.041226
3034 0.036815
3095 0.032024
3122 0.020743
3138 0.074228
3156 0.037316
3179 0.020933
3275 0.016570
3364 0.057908
3366 0.222378
3374 0.031719
3414 0.030088
3480 0.037316
3498 0.039565
3570 0.055281
3593 0.054159
3626 0.052453
3633 0.033066
3691 0.120799
3823 0.034386
3885 0.034792
3887 0.037575
4033 0.139168
4211 0.024729
4237 0.066132
4266 0.085600
4294 0.066068
4313 0.053135
4405 0.063441
4413 0.054537
4444 0.045476
4534 0.032042
4633 0.350653
4663 0.024130
4734 0.033583
4746 0.049748
4936 0.053135
4982 0.061295
5270 0.037839
5394 0.040483
5399 0.042747
5532 0.024047
5689 0.022716
5693 0.034188
5732 0.021321
5792 0.026427
5833 0.027057
5849 0.038671
5926 0.018947
5945 0.061899
5947 0.033802
5948 0.093606
5976 0.047121
6112 0.013596
6137 0.061295
6193 0.038961
6217 0.098144
6218 0.061295
6291 0.021859
6317 0.038109
6466 0.029156
6499 0.066068
6514 0.041588
6572 0.041588
6665 0.049748
6828 0.038881
6909 0.040505
7062 0.009323
7111 0.040585
7118 0.049709
7237 0.057908
7249 0.104385
7315 0.047121
7428 0.035213
7589 0.034188
7595 0.037063
7655 0.124980
7656 0.071297
7694 0.105303
7698 0.059480
7727 0.063441
7775 0.036335
7872 0.076774
7915 0.028293
8073 0.044033
8087 0.031405
8137 0.087177
8139 0.061295
8157 0.025454
8227 0.044275
8241 0.055201
8272 0.023964
8356 0.052192
8394 0.033428
8404 0.014155
8425 0.049034
8532 0.051320
8630 0.055281
8699 0.088989
8728 0.033428
8823 0.063441
8826 0.038444
9047 0.112478
9059 0.014705
9061 0.106946
9079 0.042348
9087 0.169392
9118 0.125886
9130 0.124837
9138 0.127874
9283 0.049748
9284 0.042747
9288 0.053135
9289 0.059480
9310 0.057908
9378 0.112725
9381 0.030511
9383 0.083177
9407 0.069175
9448 0.126882
9452 0.039565
9469 0.044494
9473 0.040202
9560 0.056521
9593 0.025738
9664 0.054159
9761 0.067925
9770 0.027713
9783 0.023560
9908 0.042348
9930 0.055281
9944 0.032042
10077 0.035873
10143 0.110562
10199 0.066068
10202 0.059480
10423 0.037893
10465 0.109004
10471 0.069454
10475 0.014630
10544 0.252710
10563 0.075150
10566 0.051320
10619 0.014336
10677 0.022351
10715 0.038387
10866 0.106269
11115 0.241210
11152 0.096855
11287 0.028293
11290 0.041962
11306 0.031940
11364 0.038961
11375 0.021453
11433 0.066068
11437 0.032889
11445 0.047121
11451 0.455318
11457 0.045476
11458 0.069505
11466 0.060176
11502 0.027489
11503 0.071892
11535 0.057908
11600 0.019077
11611 0.043588
