133

23 0.059999
108 0.068954
198 0.067937
531 0.054143
552 0.118085
586 0.044027
616 0.161361
632 0.058348
665 0.111877
689 0.074751
965 0.056796
1074 0.066016
1498 0.075188
1643 0.061505
1764 0.094755
1777 0.082846
1966 0.195539
1994 0.064230
2021 0.084697
2024 0.060244
2058 0.053006
2073 0.081120
2171 0.105132
2174 0.223801
2267 0.073482
2278 0.071882
2335 0.053950
2339 0.067606
2417 0.202373
2452 0.092059
2530 0.042261
2550 0.047221
2974 0.088114
3095 0.069616
3121 0.046206
3229 0.115508
3243 0.059043
3275 0.036020
3509 0.179240
3573 0.046492
3611 0.058120
3691 0.043767
3841 0.028115
3953 0.105132
3975 0.208964
4148 0.057671
4196 0.043255
4211 0.053758
4343 0.108146
4362 0.161140
4413 0.059279
4452 0.087393
4729 0.212232
4734 0.036502
4834 0.062293
4866 0.055743
5064 0.069655
5135 0.034991
5212 0.129301
5394 0.029335
5397 0.115508
5433 0.143622
5452 0.099996
5758 0.071882
5827 0.081683
5833 0.029409
5900 0.122496
5949 0.054143
6291 0.047519
6317 0.041422
6466 0.063382
6616 0.159017
6715 0.202373
6837 0.146144
6840 0.137912
6866 0.202373
6871 0.088856
7039 0.073898
7062 0.020266
7078 0.125884
7111 0.029409
7154 0.081120
7374 0.080031
7404 0.066327
7428 0.076547
7460 0.116696
7485 0.103748
7487 0.117735
7580 0.073898
7641 0.038108
7704 0.126056
7899 0.052274
7919 0.097769
7972 0.073898
8087 0.068271
8193 0.111563
8268 0.133246
8294 0.109068
8455 0.025707
8488 0.109797
8539 0.039383
8650 0.076547
8702 0.155965
8931 0.094172
9031 0.104190
9062 0.063382
9144 0.054534
9209 0.133246
9618 0.056582
9690 0.093825
9872 0.067280
9903 0.046781
10017 0.054732
10080 0.177712
10082 0.073898
10309 0.058577
10337 0.187682
10458 0.076547
10475 0.031804
10596 0.070376
10619 0.062328
10701 0.046349
10711 0.074751
10753 0.137912
11065 0.101187
11121 0.035360
11288 0.129301
11324 0.216291
11362 0.068610
11375 0.046636
11376 0.054710
11523 0.063446
11609 0.071497
