40

139 2.439740
157 1.358173
176 1.358173
326 1.808965
661 1.182082
697 0.819306
1516 1.577016
1896 1.349218
1922 1.835294
2548 1.026577
4307 1.808965
4448 3.039414
4526 1.641474
4633 1.437354
5398 2.194316
6193 1.437354
6317 0.702954
6661 2.039414
7084 2.085172
7118 0.611279
7187 3.039414
7655 0.922143
7694 0.776963
8016 0.939044
8157 0.939044
9040 1.835294
9085 4.078828
9087 1.562293
9118 1.548052
9138 1.347852
9378 1.386202
9593 0.949509
9607 1.738384
9664 1.998021
9677 1.268562
9881 1.677686
11115 2.966223
11152 0.893286
11451 2.652234
11458 0.854723
