40

1385 0.159847
1436 0.233973
1653 0.226172
1859 0.092482
1966 0.253026
2138 0.371693
2174 0.144799
2344 0.199319
2543 0.174121
3205 0.215963
3285 0.240493
3370 0.169273
3498 0.222592
3592 0.258789
4352 0.217559
4537 0.169273
4663 0.135753
4677 0.082308
4729 0.183084
5792 0.148679
6570 0.304394
7143 0.140625
7368 0.164755
7460 0.151003
7660 0.236076
7704 0.108743
7788 0.080857
7864 0.178451
7899 0.135285
8702 0.201818
8931 0.040619
9093 0.144799
9144 0.141133
9551 0.288723
9783 0.132544
10065 0.463506
10080 0.229958
10258 0.215963
10337 0.161906
11423 0.124545
