267

5 1.471212
188 2.240672
190 5.880699
217 1.617930
327 2.738384
345 0.932204
384 2.562293
438 1.624441
508 0.774596
531 1.837680
552 4.007950
553 1.568283
556 2.039414
593 3.184512
600 0.971228
632 0.990196
642 1.760661
665 3.164370
697 0.819306
806 1.376656
875 1.141787
887 2.261263
895 0.846290
917 1.148063
1071 2.340444
1074 1.120336
1095 2.340444
1236 2.085172
1284 3.241118
1296 0.974956
1387 1.085172
1436 1.534264
1499 1.052642
1542 0.814105
1605 0.893286
1649 1.762103
1712 2.136324
1764 1.608050
1766 1.254084
1872 1.914041
1898 2.136324
1913 2.261263
1965 1.925471
1966 8.296014
1994 1.090024
2000 0.986336
2006 2.437354
2168 3.670588
2173 2.562293
2174 2.848527
2205 1.507935
2224 1.147320
2257 2.990692
2300 2.136324
2340 1.018225
2507 0.760899
2519 1.315138
2530 0.717195
2543 1.141787
2650 1.717195
2651 2.352425
2704 2.039414
2762 0.470040
2763 0.756113
2915 1.624441
2974 1.495346
2983 2.734633
3007 2.562293
3014 0.990196
3048 2.508169
3095 0.590708
3121 0.784142
3275 0.611279
3348 2.738384
3356 2.261263
3371 3.184512
3415 1.386202
3521 1.254084
3611 1.972671
3613 1.005990
3637 1.136324
3679 1.507935
3681 1.158601
3691 1.485498
3818 1.409921
3841 0.477121
3953 1.784142
3968 1.437354
3975 2.364163
4045 1.677686
4110 0.971228
4196 0.734063
4403 1.863323
4419 1.863323
4432 2.562293
4483 1.760661
4516 3.282948
4562 1.577016
4566 0.827227
4645 1.061691
4670 4.873322
4677 2.158908
4708 0.689166
4729 4.802260
4734 1.238917
4747 2.551972
4784 1.677686
4866 0.945992
5000 2.136324
5012 0.827227
5033 7.021332
5050 0.945992
5067 1.164353
5112 2.880699
5163 3.318406
5217 1.299051
5250 2.340444
5327 1.835294
5338 1.416165
5368 1.659203
5394 0.995670
5395 1.035093
5451 1.760661
5485 1.548052
5491 0.809874
5492 1.717195
5512 2.437354
5681 1.147320
5683 1.507935
5732 0.786561
5749 0.967532
5797 2.132573
5821 0.918840
5874 1.960233
5892 1.340444
5949 1.837680
5961 2.562293
6071 0.619458
6097 1.094931
6112 0.501595
6167 1.109995
6239 1.738384
6240 1.448350
6317 2.108863
6342 2.136324
6346 1.395961
6367 1.405946
6415 2.786473
6507 2.562293
6568 1.446888
6570 1.996043
6633 4.272648
6635 1.233234
6641 7.042642
6706 3.039414
6708 1.323411
6715 12.020364
6814 1.219870
6837 2.480147
6838 1.120336
6840 2.340444
6858 1.130929
6866 12.020364
6971 1.808965
7039 1.254084
7060 0.932204
7061 1.913251
7118 1.222559
7198 2.136324
7374 9.507210
7383 3.670588
7400 2.039414
7428 1.299051
7430 1.738384
7460 1.980392
7484 4.874708
7498 0.355467
7589 1.261263
7704 3.565391
7862 0.960233
7899 2.661377
7948 1.376656
8012 2.738384
8181 1.760661
8182 2.261263
8193 1.893286
8241 1.018225
8271 0.925471
8431 1.960233
8455 0.436270
8482 1.043779
8563 1.459631
8605 0.738384
8609 1.960233
8628 1.677686
8647 3.617930
8649 1.760661
8650 1.299051
8673 1.835294
8685 1.624441
8702 3.970232
8728 1.233234
8767 0.704960
8794 6.582948
8826 1.418262
8871 1.188156
8931 0.266359
9031 0.884078
9059 0.542484
9105 2.123381
9107 1.291226
9130 2.302718
9138 0.673926
9144 1.850942
9154 3.726646
9251 2.738384
9280 2.317201
9281 1.784142
9364 2.194316
9397 2.136324
9455 1.624441
9510 1.998021
9562 0.982509
9593 0.949509
9594 1.495346
9597 1.760661
9605 1.760661
9642 1.283539
9662 1.677686
9677 1.268562
9690 4.776768
9770 2.044762
9774 0.956629
9841 2.437354
9856 1.925471
9871 3.640018
9872 1.141787
9873 1.376656
10080 6.031741
10082 2.508169
10085 1.039414
10092 0.887126
10185 0.932204
10275 3.546245
10276 0.808965
10280 2.194316
10337 9.555215
10378 0.683388
10458 2.598103
10487 1.193869
10579 1.608050
10667 3.248882
10711 1.268562
10890 0.465383
11052 2.261263
11065 1.717195
11096 2.753313
11295 1.213339
11306 1.767495
11362 4.657411
11375 1.582882
11376 0.464226
11377 2.453002
11501 1.254084
11512 5.679858
11521 1.075626
11600 0.703770
