234

23 0.024326
81 0.038418
139 0.029144
158 0.037676
183 0.032666
318 0.019700
326 0.043218
391 0.032448
399 0.093664
404 0.013027
413 0.041025
444 0.099633
488 0.061216
509 0.040543
541 0.043218
661 0.112964
726 0.135697
802 0.039640
875 0.163670
876 0.073969
917 0.013714
960 0.025475
965 0.046055
1231 0.024426
1267 0.061216
1284 0.077433
1296 0.023293
1487 0.020021
1492 0.036336
1507 0.032448
1516 0.037676
1572 0.032890
1592 0.026766
1641 0.093107
1642 0.052424
1649 0.021049
1839 0.118920
1872 0.060971
1922 0.175387
2101 0.061216
2115 0.044062
2248 0.027278
2268 0.018173
2330 0.054024
2357 0.055915
2363 0.024426
2502 0.066702
2507 0.018179
2572 0.021121
2575 0.022855
2585 0.035149
2601 0.036026
2690 0.023293
2762 0.056148
2921 0.041025
2931 0.065423
2995 0.071450
3042 0.043847
3054 0.031819
3137 0.044517
3138 0.065423
3275 0.043812
3353 0.047735
3366 0.195999
3374 0.027957
3414 0.026519
3473 0.018338
3531 0.018850
3570 0.048723
3605 0.032234
3626 0.023115
3627 0.029961
3691 0.106470
3692 0.055915
3700 0.061330
3726 0.052424
3727 0.038418
3823 0.030307
3885 0.030665
3938 0.029463
4033 0.183990
4071 0.024326
4186 0.044517
4211 0.021796
4237 0.087431
4266 0.025149
4307 0.086436
4403 0.044517
4405 0.055915
4413 0.024034
4542 0.033833
4566 0.019763
4573 0.012994
4601 0.052424
4633 0.583775
4734 0.029599
4916 0.030307
4969 0.027278
5026 0.029627
5270 0.033351
5394 0.047575
5399 0.075353
5532 0.021194
5572 0.040543
5689 0.020021
5692 0.054031
5709 0.047735
5732 0.018792
5792 0.023293
5833 0.035771
5849 0.034084
5851 0.020219
5889 0.052424
5896 0.051039
5904 0.072614
5945 0.054557
5948 0.103128
5949 0.021952
5976 0.041532
5991 0.049817
6047 0.045232
6143 0.065423
6193 0.034340
6217 0.288341
6279 0.048723
6285 0.042625
6291 0.019266
6317 0.016794
6504 0.020835
6572 0.036655
6661 0.097447
6816 0.023382
6828 0.017134
6858 0.081057
6909 0.017850
6964 0.042064
6982 0.042064
7095 0.087694
7111 0.011924
7118 0.102228
7249 0.138004
7257 0.043218
7428 0.031036
7615 0.058231
7655 0.110154
7656 0.062840
7694 0.111374
7698 0.052424
7727 0.055915
7946 0.024526
7948 0.032890
8016 0.022435
8022 0.048723
8073 0.038809
8111 0.024729
8137 0.038418
8146 0.038809
8157 0.044869
8227 0.019512
8240 0.036655
8241 0.024326
8272 0.021121
8292 0.026766
8294 0.022110
8539 0.015967
8667 0.039216
8699 0.078433
8702 0.063235
8731 0.048723
8767 0.050526
8826 0.046590
8961 0.061216
9040 0.043847
9047 0.039654
9062 0.025698
9079 0.111974
9087 0.186623
9104 0.042683
9118 0.406828
9130 0.036676
9132 0.017486
9138 0.177108
9250 0.046832
9258 0.044517
9284 0.037676
9310 0.051039
9366 0.064049
9378 0.099353
9383 0.036655
9407 0.091453
9664 0.047735
9679 0.036336
9687 0.054024
9761 0.019956
9807 0.072614
9954 0.054024
10033 0.040543
10085 0.024833
10132 0.043847
10143 0.048723
10195 0.020219
10302 0.034602
10318 0.038040
10352 0.046407
10412 0.043218
10423 0.033398
10465 0.032024
10471 0.061216
10475 0.012895
10500 0.034084
10544 0.159095
10566 0.090465
10619 0.012635
10701 0.018792
11115 0.389762
11121 0.014336
11152 0.064024
11212 0.072614
11249 0.044517
11290 0.036984
11306 0.014076
11319 0.058231
11335 0.024937
11375 0.018908
11451 0.084486
11457 0.040081
11458 0.061260
11466 0.026519
11503 0.105607
11521 0.025698
11535 0.051039
11568 0.032234
11600 0.016814
11611 0.038418
