118

23 1.018225
127 1.437354
308 0.915562
382 2.136324
404 1.090519
455 1.507714
552 1.001988
665 1.898622
1966 3.318406
2021 1.437354
2052 1.367316
2154 0.677686
2168 1.835294
2174 1.899018
2205 1.507935
2313 1.358173
2340 1.018225
2507 0.380449
2524 1.048188
2530 0.717195
2768 1.010030
2804 1.164353
2974 1.495346
3121 0.784142
3356 2.261263
3371 1.592256
3423 0.925471
3975 4.728326
4045 1.677686
4071 1.018225
4091 0.693061
4110 0.971228
4148 0.978716
4195 1.170182
4362 1.367316
4413 1.005990
4419 1.863323
4483 1.760661
4677 1.079454
4729 1.200565
4734 0.619458
5012 0.827227
5025 0.840757
5050 0.945992
5112 0.960233
5338 1.416165
5368 1.659203
5395 1.035093
5496 0.978716
5683 1.507935
5712 0.967532
5885 0.706976
5900 1.039414
5926 0.698970
6071 0.619458
6111 1.608050
6317 1.405909
6367 1.405946
6466 1.075626
6568 0.723444
6641 1.760661
6715 1.717195
6833 1.960233
6837 1.240074
6866 1.717195
6874 0.500338
6934 1.448350
7374 1.358173
7428 1.299051
7460 1.980392
7580 1.254084
7589 1.261263
7625 1.808965
7704 0.713078
7895 1.863323
7899 0.887126
7952 1.998021
7972 1.254084
8083 0.711035
8181 1.760661
8185 3.039414
8241 1.018225
8271 1.850942
8400 5.476768
8410 1.307020
8628 1.677686
8650 2.598103
8673 1.835294
8702 1.323411
9138 0.673926
9144 0.925471
9279 1.367316
9280 1.158601
9364 2.194316
9381 2.251201
9618 0.960233
9690 1.592256
9750 2.136324
9767 0.283539
9770 1.022381
9799 2.136324
9871 1.213339
9872 1.141787
10080 4.523806
10181 2.039414
10195 0.846290
10337 4.246762
10352 0.971228
10475 0.539727
10502 1.835294
10621 1.125600
10711 1.268562
10930 2.738384
11195 1.534264
11306 0.589165
11512 1.893286
11539 1.592256
11600 0.703770
