50

326 1.808965
404 0.545260
429 1.608050
541 1.808965
657 2.085172
697 0.819306
875 1.141787
960 2.132573
1532 0.779343
1643 1.043779
1839 1.659203
1896 1.349218
1922 1.835294
2115 0.922143
2762 0.470040
3400 2.261263
3679 1.507935
3691 0.742749
3770 1.349218
4211 0.912309
4526 1.641474
4633 1.437354
5227 1.291226
5394 0.497835
5399 1.577016
5444 1.998021
5529 0.646717
5625 1.534264
5732 0.786561
6193 1.437354
6504 0.872097
7118 0.611279
7655 1.844286
9061 3.945415
9087 1.562293
9118 1.548052
9138 1.347852
9258 1.863323
9280 1.158601
9310 2.136324
9664 1.998021
9677 1.268562
9865 0.796376
9957 1.437354
10302 1.448350
10378 0.683388
11115 1.483112
11451 0.884078
11458 0.854723
11611 1.608050
