247

71 0.878046
190 5.880699
198 1.152923
199 1.349218
308 0.915562
345 0.932204
359 1.696991
429 1.608050
471 4.874708
549 1.459631
593 6.369024
604 1.495346
632 0.990196
633 2.413810
637 1.275986
655 2.437354
665 2.531496
875 1.141787
1231 1.022381
1368 2.136324
1370 1.109995
1419 2.340444
1487 0.838017
1498 3.827958
1499 1.052642
1544 1.696991
1649 1.762103
1666 1.507714
1723 1.386202
1756 1.925471
1764 1.608050
1777 1.405946
1796 1.459631
1898 4.272648
1965 1.925471
1966 9.955217
2000 0.986336
2021 1.437354
2052 1.367316
2064 1.206905
2090 1.659203
2168 1.835294
2169 2.136324
2174 0.949509
2257 1.495346
2417 1.717195
2504 1.275986
2507 0.380449
2519 2.630276
2585 1.471212
2650 1.717195
2702 1.893286
2762 0.940080
2962 1.471212
2974 1.495346
2983 1.367316
3007 2.562293
3054 1.331844
3056 1.696991
3095 1.181416
3121 0.784142
3193 1.659203
3229 1.960233
3275 0.611279
3286 1.395961
3370 4.439981
3371 3.184512
3476 2.437354
3509 3.041800
3531 0.788994
3621 0.899535
3816 2.194316
3841 0.954243
3891 1.315138
3943 1.592256
3953 1.784142
3975 3.546245
4045 3.355373
4071 1.018225
4110 0.971228
4195 2.340365
4196 0.734063
4249 1.358173
4315 0.756113
4354 2.562293
4403 1.863323
4419 3.726646
4433 1.960233
4483 5.281982
4573 1.087740
4611 2.437354
4670 1.624441
4677 3.238362
4734 1.238917
4943 0.572546
5000 2.136324
5025 0.840757
5026 1.240074
5032 2.853261
5033 2.340444
5050 0.945992
5084 1.577016
5112 1.920466
5135 1.187620
5163 4.977609
5217 1.299051
5338 1.416165
5368 1.659203
5394 0.497835
5451 1.760661
5484 2.085172
5485 1.548052
5491 1.214811
5512 2.437354
5532 0.887126
5683 1.507935
5692 1.507714
5712 0.967532
5821 2.756521
5827 1.386202
5833 0.499085
5885 2.120927
5892 1.340444
5900 1.039414
6071 0.619458
6111 1.608050
6161 2.437354
6239 1.738384
6291 0.806418
6317 4.217726
6367 1.405946
6415 0.928824
6466 1.075626
6536 1.808965
6568 0.723444
6570 1.996043
6616 0.899535
6633 4.272648
6641 8.803303
6708 2.646822
6715 6.868779
6716 5.476768
6723 1.925471
6740 1.808965
6792 0.519586
6794 1.738384
6837 1.240074
6840 2.340444
6866 5.151584
6874 0.500338
6934 1.448350
6971 1.808965
6984 1.738384
7061 2.391564
7062 0.687865
7217 0.796376
7374 6.790864
7400 2.039414
7404 1.125600
7428 1.299051
7460 0.990196
7484 2.437354
7498 0.355467
7595 1.367316
7625 1.808965
7655 0.922143
7704 3.565391
7801 1.592256
7896 1.437354
7899 2.661377
7936 1.331844
8007 1.676034
8030 1.696991
8042 1.738384
8181 1.760661
8241 1.018225
8245 1.039414
8270 2.194316
8271 1.850942
8272 0.884078
8362 2.437354
8377 1.254084
8396 3.216101
8455 0.436270
8482 1.043779
8563 1.459631
8628 3.355373
8640 2.738384
8650 3.897154
8673 3.670588
8767 0.704960
8826 2.836524
8923 2.738384
8930 1.048188
9031 0.884078
9059 0.542484
9105 4.246762
9107 1.291226
9130 0.767573
9144 3.701883
9154 1.863323
9281 1.784142
9422 1.960233
9461 0.721351
9562 1.965019
9618 0.960233
9677 1.268562
9690 6.369024
9729 1.349218
9767 0.567079
9770 2.044762
9871 3.640018
9912 2.738384
9941 3.039414
9993 1.624441
10036 0.736218
10080 4.523806
10092 0.887126
10185 0.932204
10195 0.846290
10276 1.617930
10309 0.994091
10337 12.740286
10397 1.692579
10458 1.299051
10487 0.596934
10555 1.367316
10596 2.388632
10619 1.057738
10677 1.649141
10680 6.582948
10833 2.261263
10890 0.465383
11096 1.376656
11136 2.136324
11150 2.044762
11295 2.426679
11306 0.589165
11335 1.043779
11362 4.657411
11375 0.791441
11376 0.928453
11411 1.677686
11512 3.786572
11523 2.153419
11568 1.349218
11600 1.759426
