336

26 1.070931
28 2.437354
97 1.818161
99 1.090024
213 0.840757
223 2.261263
255 3.568283
266 2.261263
304 3.314747
319 2.136324
337 2.136324
404 0.545260
536 0.905875
549 1.459631
586 0.747158
633 1.206905
665 0.632874
810 2.085172
897 1.720874
904 2.562293
913 5.197071
1118 2.738384
1199 1.784142
1231 1.022381
1269 0.939044
1333 1.623055
1357 2.194316
1378 1.386202
1404 2.340444
1456 0.849082
1466 1.818161
1588 2.562293
1605 0.893286
1613 1.323411
1633 1.299051
1636 1.115135
1643 1.043779
1654 2.194316
1666 0.753857
1706 2.738384
1721 0.747158
1744 1.426630
1757 1.893286
1797 0.702954
1900 7.539676
1981 1.871221
2008 1.548052
2042 1.349218
2064 1.206905
2071 0.971228
2076 1.448350
2082 1.577016
2091 1.219870
2126 4.078828
2131 1.018225
2134 1.562293
2154 0.677686
2165 1.617930
2185 1.182082
2244 1.405946
2259 0.426630
2348 0.956629
2455 0.851893
2499 1.307020
2500 2.261263
2507 0.380449
2524 1.048188
2548 1.026577
2572 0.884078
2576 0.854723
2608 2.340444
2627 0.765256
2682 1.863323
2690 0.974956
2762 0.470040
2770 1.717195
2879 2.437354
3002 2.738384
3006 1.760661
3016 2.738384
3115 1.784142
3121 0.784142
3131 1.507935
3163 1.835294
3203 3.391187
3243 1.001988
3275 0.611279
3286 1.395961
3374 1.170182
3384 2.698436
3401 4.021332
3432 1.471212
3482 0.967532
3509 1.520900
3521 1.254084
3531 2.366982
3567 0.711035
3620 1.863323
3621 6.296745
3694 1.240074
3766 1.520900
3772 4.047654
3795 1.395961
3850 2.275142
3857 3.039414
3926 0.986336
3951 2.819841
3993 2.261263
4005 1.094931
4063 2.189863
4091 0.693061
4110 0.971228
4158 2.738384
4176 1.760661
4211 0.912309
4215 3.493593
4246 1.925471
4272 5.124586
4346 1.696991
4396 1.520900
4444 1.677686
4451 0.878046
4452 4.449335
4454 2.562293
4502 2.437354
4538 1.120336
4573 0.543870
4694 2.340444
4734 0.619458
4828 2.738384
4842 1.624441
4901 0.902694
4928 3.248882
4943 0.572546
4964 1.057143
4969 1.141787
5012 0.827227
5058 1.893286
5067 2.328706
5068 2.437354
5096 1.696991
5097 2.738384
5100 0.700958
5110 1.808965
5112 1.920466
5193 1.738384
5324 0.971228
5562 2.734633
5569 16.425230
5574 2.437354
5678 0.986336
5679 1.548052
5712 1.935064
5719 1.182082
5734 2.249171
5735 1.507935
5753 0.650248
5758 2.439740
5762 2.966223
5763 3.521321
5792 1.949912
5797 1.066286
5826 1.130929
5833 0.998169
5901 5.476768
5920 1.233234
5931 1.677686
6060 0.971228
6065 1.358173
6070 0.742749
6071 1.238917
6106 1.608050
6112 0.501595
6170 7.992086
6171 2.039414
6291 3.225672
6308 1.498759
6317 1.405909
6334 2.738384
6417 2.738384
6421 1.181416
6436 22.807733
6456 4.838508
6457 1.495346
6473 2.085172
6524 2.738384
6542 1.659203
6568 2.170331
6582 2.194316
6583 5.033059
6616 0.899535
6627 1.141787
6792 1.039172
6820 1.863323
6837 2.480147
6858 1.130929
6859 1.863323
6864 3.926428
6871 1.507935
6909 1.494316
6920 2.738384
6962 2.401130
6975 1.405946
6980 1.194316
6986 2.261263
7050 1.164353
7060 0.932204
7061 0.478313
7111 0.499085
7122 1.677686
7126 3.849506
7143 0.922143
7146 1.835294
7320 1.659203
7349 5.476768
7356 2.738384
7362 2.039414
7366 2.738384
7367 2.738384
7377 8.931903
7385 7.699012
7404 1.125600
7407 2.340444
7448 6.255515
7498 0.710934
7530 0.998021
7643 0.942504
7709 4.077472
7737 1.358173
7738 1.066286
7761 1.200565
7788 0.530212
7859 1.507134
7861 1.393983
7864 1.170182
7915 2.087558
7946 2.053154
7957 2.340444
8007 0.838017
8016 0.939044
8068 2.738384
8083 0.711035
8271 0.925471
8281 1.367316
8382 1.039414
8383 1.426630
8398 2.136324
8404 2.088873
8449 1.395961
8455 0.436270
8457 2.388632
8462 1.226501
8485 2.230270
8505 2.562293
8512 0.875061
8539 0.668346
8558 1.863323
8559 4.686879
8560 1.998021
8761 1.494316
8767 1.409921
8784 1.864408
8826 2.659241
8874 1.323411
8919 6.085284
8925 2.738384
8931 0.266359
8956 2.160745
8959 1.136324
9034 1.233234
9110 1.247022
9114 1.349218
9115 3.314747
9116 2.364163
9444 0.939044
9461 0.721351
9521 4.449335
9562 2.947528
9568 1.066286
9623 0.994091
9634 2.494045
9642 1.283539
9669 0.774596
9704 1.696991
9725 1.213339
9747 0.945992
9756 2.194316
9767 0.850618
9824 2.562293
9851 2.562293
9923 1.893286
9933 1.075626
9959 2.738384
9994 1.998021
10058 1.819334
10063 2.734633
10126 3.996043
10127 2.340444
10141 1.577016
10195 0.846290
10235 1.405946
10276 0.808965
10304 1.641474
10401 1.022381
10408 2.261263
10442 10.249171
10606 1.507935
10619 2.115476
10769 1.893286
10844 2.136324
10890 0.930766
10891 1.677686
10903 1.548052
11024 2.562293
11134 2.738384
11152 0.893286
11230 2.437354
11242 1.048188
11256 0.779343
11295 2.426679
11306 1.767495
11376 0.464226
11378 2.039414
11386 1.349218
11396 0.942504
11443 4.729962
11458 0.854723
11470 1.835294
11503 1.768156
11523 1.076710
11532 0.652024
11550 5.476768
11600 0.351885
11636 5.821764
11637 2.786473
11638 9.316614
