151

160 2.261263
188 1.120336
198 1.152923
217 0.808965
282 1.395961
308 1.831125
382 6.408972
404 0.545260
424 1.358173
455 0.753857
552 1.001988
586 0.747158
665 0.632874
764 1.577016
960 1.066286
1074 1.120336
1231 1.022381
1250 1.863323
1278 2.537124
1284 1.080373
1286 2.194316
1410 2.340444
1581 2.340444
1617 1.291226
1651 3.568283
1756 1.925471
1831 0.767573
1872 0.638014
1962 2.437354
1966 1.659203
2524 1.048188
2548 2.053154
2550 0.801368
2756 1.577016
2762 0.940080
2806 1.035093
2900 2.437354
2974 1.495346
3037 1.738384
3095 0.590708
3275 0.611279
3356 2.261263
3405 1.998021
3430 3.039414
3566 2.261263
3611 0.986336
3679 1.507935
3892 2.261263
3975 7.092490
4315 0.756113
4573 0.543870
4670 1.624441
4729 1.200565
4734 0.619458
4747 1.275986
4859 1.592256
4901 1.805387
4964 2.114286
5012 0.827227
5032 1.426630
5033 2.340444
5067 1.164353
5112 6.721630
5217 1.299051
5307 1.030814
5394 0.497835
5451 1.760661
5491 0.404937
5512 7.312062
5529 1.293434
5683 1.507935
5740 1.268562
5792 1.949912
5821 0.918840
5833 0.499085
5885 0.706976
5947 1.247022
6071 1.858375
6119 1.863323
6281 3.620716
6317 1.405909
6466 3.226879
6568 0.723444
6715 5.151584
6792 0.519586
6814 1.219870
6837 11.160662
6858 1.130929
6866 5.151584
6874 3.002028
6875 2.194316
7061 0.478313
7217 0.796376
7315 1.738384
7374 1.358173
7428 1.299051
7498 0.355467
7533 2.039414
7552 2.136324
7580 1.254084
7655 0.922143
7704 1.426157
7758 0.994091
7792 3.039414
7899 1.774252
7936 1.331844
8083 2.133104
8118 3.039414
8150 1.099895
8193 1.893286
8404 0.522218
8469 1.291226
8476 1.717195
8605 0.738384
8649 1.760661
8684 1.268562
8702 1.323411
8826 1.772827
8909 1.577016
9138 0.673926
9144 0.925471
9364 17.554529
9381 1.125600
9437 3.039414
9461 0.721351
9669 0.774596
9690 1.592256
9729 1.349218
9750 2.136324
9770 2.044762
9774 3.826515
9872 3.425361
10015 1.066286
10080 1.507935
10249 0.963867
10276 0.808965
10337 3.185072
10378 0.683388
10476 3.434390
10487 1.193869
10509 0.704960
10677 0.824570
10810 1.893286
10991 1.784142
11065 1.717195
11295 1.213339
11306 0.589165
11335 2.087558
11375 0.791441
11447 3.039414
11512 1.893286
