233

23 0.030617
68 0.045732
94 0.082341
139 0.036681
183 0.041114
326 0.054394
391 0.040839
444 0.062700
462 0.061324
509 0.051027
541 0.054394
585 0.046977
660 0.050447
661 0.071089
726 0.113859
764 0.142259
785 0.077046
806 0.041395
875 0.068665
960 0.096187
1028 0.082790
1044 0.038826
1151 0.065981
1219 0.082341
1231 0.061484
1516 0.047420
1592 0.033688
1605 0.026860
1641 0.039061
1643 0.031386
1666 0.022668
1724 0.073289
1839 0.199564
1872 0.038369
1913 0.067994
1922 0.055186
2021 0.043220
2205 0.090685
2248 0.034333
2268 0.022872
2357 0.070375
2363 0.061484
2507 0.022880
2572 0.053167
2575 0.028765
2583 0.060079
2585 0.044238
2587 0.070375
2673 0.053648
2715 0.058943
2818 0.049358
2956 0.046134
2967 0.043890
2995 0.044964
3014 0.029774
3029 0.045732
3034 0.040839
3072 0.091393
3095 0.017762
3133 0.082341
3137 0.056029
3218 0.046134
3274 0.045732
3275 0.036761
3366 0.041114
3367 0.053648
3374 0.070373
3445 0.050447
3473 0.023080
3485 0.044964
3626 0.029093
3674 0.055186
3691 0.044668
3700 0.077190
3823 0.076289
3841 0.014347
3887 0.041682
3914 0.052272
3939 0.064238
3951 0.021198
3952 0.034168
3953 0.053648
4033 0.038595
4058 0.091393
4071 0.061234
4196 0.022073
4237 0.036681
4266 0.031652
4286 0.052942
4307 0.108788
4313 0.117885
4343 0.055186
4387 0.082341
4520 0.021944
4534 0.035544
4573 0.016354
4633 0.691522
4734 0.018627
4943 0.017216
5241 0.051027
5394 0.029939
5399 0.047420
5506 0.064238
5529 0.019446
5651 0.039545
5692 0.022668
5709 0.060079
5732 0.023651
5833 0.030014
5851 0.025447
5880 0.050233
5896 0.192713
5909 0.082341
5926 0.042035
5945 0.102998
5947 0.037497
5948 0.051919
5949 0.027629
5991 0.062700
6193 0.043220
6217 0.254035
6300 0.047878
6317 0.021137
6466 0.032343
6587 0.018726
6635 0.037082
6661 0.061324
6799 0.040839
6858 0.136025
6909 0.022466
7118 0.055142
7197 0.073289
7249 0.057897
7257 0.054394
7411 0.026860
7416 0.057897
7425 0.052942
7529 0.061324
7635 0.021198
7655 0.083184
7694 0.163539
7698 0.131963
7872 0.042583
7928 0.056029
8016 0.028236
8047 0.091393
8117 0.047420
8137 0.048353
8149 0.082341
8157 0.056473
8227 0.049115
8241 0.030617
8383 0.042898
8412 0.048353
8470 0.034668
8532 0.056930
8534 0.055186
8563 0.043890
8630 0.061324
8646 0.056029
8667 0.049358
8699 0.098716
8826 0.037315
8924 0.036484
8931 0.008009
8999 0.055186
9040 0.055186
9047 0.049909
9061 0.079090
9085 0.061324
9087 0.187908
9118 0.093098
9130 0.046161
9138 0.060793
9189 0.043551
9250 0.058943
9258 0.056029
9261 0.041395
9280 0.069676
9313 0.060079
9366 0.080612
9378 0.083364
9383 0.046134
9407 0.038368
9409 0.077046
9460 0.073289
9473 0.089192
9523 0.077046
9716 0.062700
9729 0.040570
9783 0.026135
9811 0.027335
9863 0.036681
9930 0.061324
10077 0.079588
10151 0.064238
10279 0.030249
10302 0.043551
10378 0.020549
10412 0.054394
10420 0.077046
10423 0.042035
10465 0.040306
10475 0.016229
10487 0.017949
10528 0.056930
10544 0.040048
10651 0.037082
10718 0.051635
10761 0.067994
10860 0.077046
10866 0.058943
11003 0.043220
11115 0.133788
11121 0.018044
11152 0.080581
11287 0.031386
11335 0.031386
11355 0.047878
11365 0.056930
11375 0.071394
11382 0.056930
11403 0.082341
11408 0.091393
11448 0.067994
11451 0.398753
11458 0.051402
11466 0.066753
11503 0.079751
11522 0.051027
11611 0.048353
11627 0.052272
11629 0.077046
