286

5 1.471212
69 2.340444
179 1.268562
188 1.120336
190 5.880699
217 1.617930
327 2.738384
345 0.932204
359 1.696991
384 2.562293
424 1.358173
508 1.549193
552 3.005963
553 1.568283
556 2.039414
593 3.184512
600 0.971228
632 1.980392
642 1.760661
665 4.430118
697 0.819306
806 1.376656
875 1.141787
917 1.148063
1071 2.340444
1074 1.120336
1095 2.340444
1236 2.085172
1284 3.241118
1296 0.974956
1370 1.109995
1387 1.085172
1436 1.534264
1487 0.838017
1498 1.275986
1499 1.052642
1542 0.814105
1605 0.893286
1649 1.762103
1663 2.194316
1666 0.753857
1712 2.136324
1721 1.494316
1764 1.608050
1766 2.508169
1872 0.638014
1898 2.136324
1913 2.261263
1965 1.925471
1966 6.636812
1994 1.090024
2006 2.437354
2168 3.670588
2174 2.848527
2205 1.507935
2224 1.147320
2257 1.495346
2300 2.136324
2340 2.036450
2452 1.562293
2504 1.275986
2507 0.380449
2519 1.315138
2530 0.717195
2543 1.141787
2650 1.717195
2651 1.568283
2667 1.376656
2702 1.893286
2704 2.039414
2762 0.470040
2763 0.756113
2915 1.624441
2974 1.495346
2983 2.734633
3007 2.562293
3014 0.990196
3048 2.508169
3095 1.181416
3121 1.568283
3122 0.765256
3264 1.340444
3275 1.222559
3356 2.261263
3370 1.109995
3371 3.184512
3415 1.386202
3521 1.254084
3531 0.788994
3611 0.986336
3613 1.005990
3679 1.507935
3681 1.158601
3691 0.742749
3705 1.960233
3841 0.477121
3953 1.784142
3968 1.437354
3975 2.364163
4045 1.677686
4110 0.971228
4196 0.734063
4211 1.824619
4377 1.520900
4403 1.863323
4419 1.863323
4432 2.562293
4433 3.920466
4483 1.760661
4516 6.565896
4562 1.577016
4566 0.827227
4645 1.061691
4670 4.873322
4677 2.158908
4708 0.689166
4729 8.403955
4734 1.238917
4747 2.551972
4784 1.677686
4866 0.945992
5000 2.136324
5012 0.827227
5032 1.426630
5033 7.021332
5050 0.945992
5067 1.164353
5112 2.880699
5163 4.977609
5250 2.340444
5327 1.835294
5338 1.416165
5368 1.659203
5394 0.995670
5395 2.070185
5451 1.760661
5460 1.247022
5485 1.548052
5491 0.809874
5492 1.717195
5512 2.437354
5529 0.646717
5681 1.147320
5683 1.507935
5689 0.838017
5732 0.786561
5749 0.967532
5821 0.918840
5833 0.499085
5874 1.960233
5892 4.021332
5949 1.837680
5961 2.562293
5983 2.136324
6071 0.619458
6097 1.094931
6112 0.501595
6167 1.109995
6239 1.738384
6240 1.448350
6317 2.108863
6342 4.272648
6367 1.405946
6415 2.786473
6507 2.562293
6568 0.723444
6570 1.996043
6633 4.272648
6635 1.233234
6641 7.042642
6708 2.646822
6715 13.737559
6813 0.786561
6837 3.720221
6838 1.120336
6840 2.340444
6858 1.130929
6866 10.303169
7039 1.254084
7060 0.932204
7061 2.869876
7118 1.222559
7198 2.136324
7374 8.149037
7383 3.670588
7428 1.299051
7430 1.738384
7460 2.970588
7484 4.874708
7498 0.355467
7589 1.261263
7704 4.991548
7760 0.666502
7862 0.960233
7899 2.661377
7946 1.026577
8012 2.738384
8104 1.386202
8181 1.760661
8182 2.261263
8193 1.893286
8241 1.018225
8271 1.850942
8293 1.835294
8294 1.850942
8377 1.254084
8431 1.960233
8563 1.459631
8605 0.738384
8609 1.960233
8628 1.677686
8647 3.617930
8649 1.760661
8650 2.598103
8673 1.835294
8685 1.624441
8702 6.617054
8728 1.233234
8767 0.704960
8794 6.582948
8826 1.950110
8931 0.266359
9031 0.884078
9059 0.542484
9105 2.123381
9107 1.291226
9130 2.302718
9138 0.673926
9144 1.850942
9154 3.726646
9251 2.738384
9255 1.405946
9280 2.317201
9281 3.568283
9364 2.194316
9406 2.039414
9422 1.960233
9455 1.624441
9510 1.998021
9562 0.982509
9593 0.949509
9597 1.760661
9605 1.760661
9642 1.283539
9662 1.677686
9669 0.774596
9677 1.268562
9690 3.184512
9750 2.136324
9770 2.044762
9774 0.956629
9788 1.608050
9841 2.437354
9870 2.562293
9871 3.640018
9873 1.376656
10077 1.323411
10080 6.031741
10082 2.508169
10085 1.039414
10092 0.887126
10275 3.546245
10276 0.808965
10280 2.194316
10337 9.555215
10458 3.897154
10487 1.193869
10677 1.649141
10680 2.194316
10711 1.268562
10890 0.465383
11052 2.261263
11065 1.717195
11096 1.376656
11100 6.078828
11150 4.089523
11295 1.213339
11306 1.178330
11362 4.657411
11375 1.582882
11376 0.464226
11377 2.453002
11501 1.254084
11512 3.786572
11521 1.075626
11600 0.703770
