193

5 0.057529
7 0.211034
384 0.100194
398 0.053832
404 0.021321
424 0.053109
443 0.074033
508 0.030289
602 0.057076
632 0.077439
642 0.137695
665 0.024747
798 0.051109
897 0.033646
992 0.045305
1071 0.091519
1074 0.043809
1081 0.214159
1085 0.081537
1258 0.048491
1296 0.038124
1298 0.072862
1370 0.043404
1444 0.057076
1445 0.118850
1506 0.043605
1639 0.118850
1689 0.056205
1721 0.029216
1766 0.049039
1831 0.030014
1906 0.100194
1966 0.324400
1994 0.042623
2000 0.038569
2046 0.039816
2174 0.185644
2205 0.058965
2473 0.040142
2507 0.044630
2530 0.028045
2548 0.040142
2762 0.091900
2974 0.233891
2983 0.106933
3048 0.098077
3095 0.023099
3121 0.030662
3264 0.052416
3275 0.023903
3370 0.043404
3403 0.064880
3432 0.057529
3445 0.065603
3484 0.081537
3509 0.059472
3531 0.030852
3535 0.039337
3553 0.071766
3613 0.039337
3681 0.045305
3691 0.029044
3824 0.107079
3844 0.078129
3869 0.055376
3936 0.183037
3953 0.069765
3975 0.046223
4060 0.070736
4100 0.088422
4148 0.038271
4196 0.057408
4211 0.107022
4266 0.041162
4344 0.074033
4377 0.118944
4413 0.039337
4433 0.076651
4451 0.068669
4516 0.128373
4566 0.032347
4610 0.051426
4670 0.063521
4677 0.021105
4701 0.099790
4729 0.281675
4734 0.096891
4793 0.057529
4866 0.036991
5012 0.032347
5033 0.091519
5050 0.036991
5064 0.046223
5112 0.075096
5163 0.064880
5267 0.095308
5363 0.048491
5394 0.058401
5395 0.040475
5529 0.075866
5689 0.065538
5833 0.039032
5851 0.066185
5870 0.062262
5874 0.076651
5885 0.027645
5892 0.104831
5900 0.040644
5902 0.052759
5926 0.027332
5962 0.052759
5966 0.071766
6281 0.047194
6308 0.058606
6317 0.027488
6401 0.331788
6466 0.084121
6708 0.051749
6715 0.134295
6828 0.028045
6837 0.048491
6838 0.087617
6840 0.091519
6866 0.067148
6909 0.058432
7061 0.037407
7111 0.019516
7118 0.023903
7217 0.031141
7428 0.101594
7460 0.077439
7485 0.068847
7487 0.078129
7530 0.039026
7550 0.063521
7580 0.049039
7589 0.049319
7704 0.111534
7749 0.075292
7753 0.078129
7760 0.052125
7815 0.091519
7847 0.036452
7915 0.040815
7946 0.080285
8042 0.067976
8104 0.054205
8182 0.088422
8245 0.040644
8404 0.061261
8407 0.056635
8487 0.060534
8489 0.058473
8539 0.026134
8605 0.086619
8621 0.050190
8702 0.103499
8767 0.027566
8931 0.010415
9130 0.030014
9144 0.144755
9281 0.069765
9339 0.068847
9381 0.044014
9512 0.107079
9539 0.081537
9618 0.037548
9761 0.032663
9767 0.022175
9811 0.071096
10017 0.036320
10080 0.117930
10082 0.049039
10085 0.040644
10185 0.036452
10195 0.033093
10249 0.037690
10276 0.094899
10337 0.332123
10352 0.037978
10475 0.063315
10507 0.039978
10509 0.055132
10619 0.062041
11065 0.134295
11121 0.046930
11150 0.159913
11238 0.058473
11254 0.183037
11335 0.040815
11376 0.018153
11532 0.050992
11609 0.047445
