141

71 0.031082
198 0.081626
199 0.047762
404 0.077208
423 0.043898
637 0.045169
689 0.044907
810 0.221443
1542 0.057638
1666 0.106745
1779 0.237558
1798 0.083266
1822 0.052502
1832 0.165702
1838 0.054800
1859 0.107340
1986 0.039846
1994 0.038586
2062 0.047147
2091 0.043183
2115 0.032644
2268 0.107708
2339 0.081229
2340 0.072090
2347 0.096938
2507 0.026936
2543 0.040419
2554 0.048079
2575 0.033864
2576 0.060514
2651 0.083275
2667 0.048733
2716 0.983126
2762 0.049918
2768 0.035755
2805 0.050882
2806 0.109926
2950 0.049416
3095 0.020911
3122 0.027090
3177 0.041014
3286 0.049416
3450 0.061538
3567 0.025170
3621 0.063686
3685 0.457936
3844 0.070729
3951 0.099821
4071 0.036045
4091 0.024534
4110 0.034381
4212 0.070729
4215 0.017667
4237 0.043183
4249 0.096158
4352 0.101004
4501 0.096938
4617 0.052080
4677 0.038212
4734 0.021929
4855 0.073814
4931 0.086281
4978 0.052935
5012 0.146418
5055 0.068161
5067 0.041218
5100 0.024814
5101 0.128073
5135 0.021021
5178 0.029473
5320 0.032181
5389 0.069391
5394 0.017623
5395 0.109926
5689 0.029665
5712 0.034250
5753 0.023019
5857 0.039659
5880 0.029569
6206 0.082851
6220 0.050132
6273 0.067022
6308 0.026528
6485 0.151250
6492 0.080048
6568 0.025610
6799 0.048079
6813 0.027844
6931 0.064037
7059 0.259875
7061 0.016932
7062 0.060875
7368 0.382448
7497 0.066729
7498 0.012583
7530 0.035330
7660 0.109601
7788 0.018769
7794 0.051271
7823 0.077678
7859 0.042682
7861 0.049346
7895 0.065961
7899 0.031404
7920 0.036795
7929 0.053839
7972 0.088788
8027 0.048079
8227 0.028911
8245 0.036795
8387 0.060514
8469 0.045709
8508 0.045437
8539 0.023659
8605 0.052277
8826 0.031379
8919 0.053854
8931 0.009429
8939 0.042952
9051 0.079692
9052 0.029860
9059 0.019204
9062 0.038077
9105 0.037583
9132 0.025910
9328 0.032411
9351 0.048402
9767 0.010037
9871 0.042952
9926 0.058735
10185 0.033000
10258 0.050132
10299 0.096938
10316 0.069391
10922 0.086281
10946 0.086281
11253 0.096938
11288 0.077678
11342 0.107594
11375 0.056033
11600 0.012457
