278

23 1.018225
81 3.216101
141 1.717195
179 1.268562
185 1.495346
192 3.039414
194 0.723444
332 2.039414
346 0.506660
382 2.136324
399 1.960233
509 1.696991
553 0.784142
624 2.437354
661 1.182082
697 0.819306
726 1.893286
747 2.437354
764 3.154032
875 1.141787
897 0.860437
992 2.317201
1035 2.039414
1053 2.003975
1080 1.548052
1176 2.340444
1184 2.194316
1185 1.893286
1195 1.808965
1196 3.039414
1201 2.437354
1231 4.089523
1305 2.340444
1481 2.562293
1492 36.501604
1507 4.074519
1605 0.893286
1641 1.299051
1643 3.131337
1650 2.085172
1666 0.753857
1785 1.760661
1872 0.638014
1897 5.589969
1974 1.738384
1994 1.090024
2024 1.022381
2216 3.039414
2268 1.521321
2290 1.534264
2438 1.998021
2486 1.608050
2502 29.315190
2507 1.141348
2565 1.416165
2572 1.768156
2575 0.956629
2687 1.448350
2708 1.035093
2762 4.230362
2804 1.164353
2818 1.641474
2828 2.340444
2832 1.925471
2872 2.136324
2995 2.990692
3026 2.136324
3054 2.663688
3114 3.039414
3115 1.784142
3180 3.039414
3195 3.039414
3219 2.194316
3275 1.833838
3283 2.562293
3285 1.577016
3366 5.469265
3399 3.039414
3414 1.109995
3437 1.437354
3438 2.738384
3473 2.302718
3531 0.788994
3546 0.978716
3573 0.788994
3599 3.475802
3603 1.738384
3673 1.349218
3679 1.507935
3691 2.228247
3700 1.283539
3727 3.216101
3801 2.437354
3807 1.386202
3818 0.704960
3841 0.477121
3885 1.283539
3887 1.386202
3945 3.039414
3979 1.471212
3989 2.562293
4033 6.417696
4071 1.018225
4145 1.577016
4154 2.340444
4186 3.726646
4196 2.202188
4211 1.824619
4219 3.726646
4237 2.439740
4256 2.562293
4266 6.315854
4310 4.089523
4451 0.878046
4452 2.966223
4481 1.893286
4520 0.729784
4547 1.592256
4550 2.582452
4566 0.827227
4604 3.039414
4618 1.998021
4633 4.312062
4727 1.925471
4774 2.562293
4908 1.784142
5270 2.791923
5394 2.489174
5460 2.494045
5482 1.893286
5496 0.978716
5529 1.293434
5709 1.998021
5732 1.573122
5753 0.650248
5789 2.437354
5792 0.974956
5797 1.066286
5833 1.497254
5849 2.853261
5851 0.846290
5880 1.670588
5885 0.706976
5920 1.233234
5926 0.698970
5928 2.194316
5948 1.726646
6065 1.358173
6070 1.485498
6071 1.238917
6086 3.039414
6193 1.437354
6217 7.241431
6240 2.896699
6279 2.039414
6466 1.075626
6514 1.534264
6552 3.039414
6572 1.534264
6719 3.039414
6858 7.916504
7095 1.835294
7111 1.996339
7118 1.222559
7123 1.164353
7389 1.426630
7411 1.786572
7422 1.808965
7501 1.052642
7527 2.562293
7655 4.610714
7656 7.890829
7694 4.661778
7697 2.261263
7758 1.988182
7761 1.200565
7781 3.039414
7788 0.530212
7818 1.760661
7864 3.510547
7908 1.960233
7928 1.863323
8023 1.960233
8027 1.358173
8086 2.562293
8087 1.158601
8098 1.247022
8111 1.035093
8117 3.154032
8157 0.939044
8227 0.816698
8241 4.072899
8295 1.358173
8311 3.039414
8357 2.340444
8391 2.039414
8486 2.340444
8517 2.738384
8537 1.641474
8539 0.668346
8590 3.039414
8663 1.925471
8667 1.641474
8767 1.409921
8826 1.240979
8985 3.039414
9047 4.979395
9079 1.562293
9085 2.039414
9087 7.811464
9130 6.908153
9138 2.695705
9146 1.562293
9184 1.608050
9258 1.863323
9270 1.075626
9280 5.793003
9290 1.738384
9366 1.340444
9378 1.386202
9381 1.125600
9407 2.551972
9426 3.039414
9433 2.261263
9457 2.437354
9460 4.874708
9473 1.483112
9549 6.078828
9635 1.548052
9662 1.677686
9680 1.893286
9747 0.945992
9761 1.670588
9786 2.437354
9801 2.340444
9834 3.039414
9837 2.738384
9852 2.437354
9863 1.219870
9930 4.078828
9933 2.151253
9944 1.182082
9957 1.437354
10059 1.760661
10077 1.323411
10085 1.039414
10155 3.039414
10180 2.738384
10185 0.932204
10249 0.963867
10302 1.448350
10378 1.366777
10423 2.795880
10537 1.534264
10544 2.663688
10619 1.057738
10630 1.925471
10701 0.786561
10796 3.039414
10804 2.340444
10851 2.085172
10860 2.562293
10866 5.880699
11115 1.483112
11121 0.600081
11152 0.893286
11287 1.043779
11306 2.356660
11335 1.043779
11362 1.164353
11415 2.340444
11445 1.738384
11451 2.652234
11458 0.854723
11466 2.219990
11503 0.884078
11575 3.039414
11600 1.407541
