226

19 0.068808
45 0.044087
52 0.049929
64 0.044735
67 0.062653
99 0.034180
141 0.053847
157 0.042589
194 0.022685
213 0.026364
304 0.034647
398 0.043168
404 0.017098
424 0.042589
458 0.023429
587 0.062653
593 0.049929
634 0.038671
637 0.040012
638 0.058429
794 0.076429
1280 0.065385
1295 0.038252
1385 0.032868
1456 0.026625
1506 0.034968
1532 0.024438
1542 0.025528
1666 0.023639
1721 0.023429
1802 0.152858
1831 0.048138
1859 0.304264
1872 0.020006
1910 0.066989
1994 0.034180
1996 0.062653
2003 0.327067
2046 0.031929
2067 0.039550
2084 0.031050
2085 0.045416
2115 0.028916
2130 0.073390
2131 0.031929
2137 0.054511
2162 0.073390
2217 0.052028
2266 0.080347
2267 0.039103
2348 0.029997
2493 0.062653
2524 0.032868
2543 0.035803
2548 0.032191
2550 0.075386
2591 0.080347
2627 0.071989
2638 0.066584
2651 0.024589
2851 0.036694
2883 0.095308
2911 0.070907
3121 0.024589
3164 0.057550
3172 0.070907
3177 0.036331
3437 0.045072
3455 0.037257
3492 0.021733
3498 0.045770
3539 0.052608
3567 0.022296
3621 0.028207
3667 0.080347
3683 0.067163
3691 0.023291
3695 0.044087
3818 0.022106
3885 0.040248
3951 0.022106
3952 0.071264
3973 0.146780
3975 0.037067
3985 0.060378
3996 0.085869
4005 0.068668
4147 0.061468
4196 0.023018
4215 0.031300
4249 0.212944
4352 0.044735
4495 0.080347
4573 0.051163
4624 0.039779
4738 0.035907
4901 0.028306
4943 0.017954
5012 0.025940
5027 0.085869
5050 0.029664
5060 0.057550
5084 0.049451
5132 0.068808
5217 0.040735
5277 0.095308
5304 0.065385
5366 0.065385
5395 0.032458
5529 0.020279
5689 0.026278
5719 0.037067
5734 0.017632
5740 0.079558
5749 0.030339
5774 0.065385
5775 0.076429
5869 0.033008
5926 0.021918
6071 0.019425
6110 0.063951
6141 0.052608
6153 0.050424
6227 0.036331
6242 0.048989
6259 0.061468
6272 0.053213
6291 0.025287
6308 0.023499
6317 0.044086
6336 0.060378
6433 0.023781
6466 0.033729
6540 0.061468
6752 0.190616
6828 0.044979
6864 0.054721
7009 0.053847
7023 0.093013
7061 0.029997
7111 0.015650
7125 0.088814
7212 0.053847
7284 0.085869
7305 0.052608
7368 0.508165
7389 0.044735
7498 0.011147
7511 0.049929
7519 0.070907
7660 0.048543
7709 0.106549
7713 0.044407
7758 0.031172
7788 0.049878
7855 0.046506
7859 0.056712
7861 0.043712
7899 0.027818
7904 0.040012
7912 0.073390
7919 0.052028
7920 0.097780
7945 0.054511
7959 0.061468
7960 0.076429
7972 0.078650
8083 0.022296
8343 0.030929
8353 0.048543
8396 0.050424
8469 0.040489
8499 0.049945
8508 0.040248
8552 0.083526
8563 0.045770
8582 0.148353
8671 0.042875
8677 0.042589
8684 0.079558
8712 0.065385
8750 0.063951
8826 0.011118
8931 0.008352
8971 0.040985
9054 0.085869
9093 0.059548
9105 0.099875
9130 0.072207
9329 0.047285
9352 0.073390
9584 0.042033
9623 0.031172
9704 0.053213
9836 0.080347
9999 0.037451
10015 0.033436
10058 0.019017
10067 0.031929
10088 0.095383
10423 0.021918
10509 0.022106
10556 0.037067
10557 0.062653
10558 0.043468
10651 0.038671
10667 0.050938
10807 0.070907
10813 0.059368
10832 0.085869
10881 0.095308
10909 0.076429
10910 0.070907
11098 0.095308
11152 0.028011
11166 0.063951
11362 0.036511
11366 0.042875
11375 0.024817
11381 0.060378
11423 0.153657
11425 0.055210
11443 0.029664
11451 0.027722
11600 0.011034
11620 0.102084
