256

22 1.534264
81 1.608050
123 1.459631
139 1.219870
141 1.717195
163 2.194316
183 21.877060
191 1.659203
217 0.808965
346 0.506660
391 1.358173
458 0.747158
470 1.835294
509 3.393983
541 1.808965
623 2.039414
630 0.553693
657 4.170343
661 1.182082
726 3.786572
833 1.835294
895 0.846290
897 0.860437
922 2.340444
930 1.548052
965 0.963867
992 1.158601
994 1.448350
1112 0.765256
1231 2.044762
1267 2.562293
1428 2.085172
1592 1.120336
1641 1.299051
1643 1.043779
1650 2.085172
1652 1.548052
1677 1.696991
1694 1.507935
1833 2.437354
1839 1.659203
1939 1.405946
1994 1.090024
2058 0.899535
2160 2.340444
2165 0.808965
2182 2.340444
2300 4.272648
2311 2.562293
2330 2.261263
2363 1.022381
2491 3.039414
2507 0.380449
2575 0.956629
2651 0.784142
2718 1.275986
2762 0.470040
2769 1.115135
2772 1.349218
2818 1.641474
2851 1.170182
2872 2.136324
3008 3.039414
3095 2.362831
3121 0.784142
3125 3.393983
3179 0.772242
3275 1.833838
3353 1.998021
3366 1.367316
3367 1.784142
3374 1.170182
3415 1.386202
3417 1.075626
3446 2.085172
3466 1.641474
3539 1.677686
3558 1.206905
3570 2.039414
3626 2.902596
3679 1.507935
3681 1.158601
3691 0.742749
3695 2.811891
3700 1.283539
3754 1.863323
3798 2.738384
3841 0.477121
3891 5.260553
3951 0.704960
3952 1.136324
3968 2.874708
4033 5.134157
4063 1.094931
4266 4.210570
4307 1.808965
4310 2.044762
4377 3.041800
4413 1.005990
4437 1.471212
4451 0.878046
4452 1.483112
4462 2.283574
4469 1.863323
4532 1.863323
4535 2.085172
4542 1.416165
4573 0.543870
4576 3.039414
4708 0.689166
4727 1.925471
4734 1.238917
4774 2.562293
4813 2.562293
4823 2.562293
4861 3.039414
4871 2.738384
5050 1.891985
5064 1.182082
5084 1.577016
5394 3.484844
5460 2.494045
5529 1.293434
5692 0.753857
5701 1.331844
5709 1.998021
5738 2.194316
5743 0.749380
5753 0.650248
5756 5.884850
5792 1.949912
5833 0.499085
5843 2.340444
5851 0.846290
5880 0.835294
5926 0.698970
5948 1.726646
5949 0.918840
5951 3.039414
5962 1.349218
6070 0.742749
6071 1.858375
6217 9.655242
6344 3.039414
6354 1.863323
6559 0.998021
6718 2.437354
6816 1.957433
6858 4.523716
6909 2.988632
7059 1.835294
7111 0.499085
7118 0.611279
7123 2.328706
7232 3.039414
7297 1.534264
7310 3.096105
7404 1.125600
7411 0.893286
7428 1.299051
7501 1.052642
7587 3.124586
7655 8.299285
7656 2.630276
7694 5.438741
7709 0.679579
7759 1.808965
7760 0.666502
7788 1.060423
7825 3.039414
7915 1.043779
8007 0.838017
8046 1.219870
8098 1.247022
8137 30.552957
8157 0.939044
8214 2.437354
8227 0.816698
8241 1.018225
8333 3.039414
8384 3.920466
8404 0.522218
8529 1.066286
8539 2.005039
8601 1.760661
8605 0.738384
8667 1.641474
8728 1.233234
8767 1.409921
8826 1.240979
8956 1.080373
9033 1.808965
9040 1.835294
9047 0.829899
9075 3.041800
9087 4.686879
9130 1.535145
9138 5.391409
9250 1.960233
9270 2.151253
9280 1.158601
9357 1.376656
9381 1.125600
9396 2.194316
9430 2.039414
9492 2.085172
9499 3.039414
9579 1.315138
9587 1.291226
9709 2.194316
9711 3.039414
9730 2.085172
9747 1.891985
9755 3.068528
9761 0.835294
9875 3.039414
9930 4.078828
9944 1.182082
9949 2.085172
10025 3.039414
10058 0.606445
10063 1.367316
10082 1.254084
10113 2.437354
10172 3.726646
10377 2.738384
10378 0.683388
10413 2.738384
10423 1.397940
10434 2.039414
10507 1.022381
10534 1.471212
10537 3.068528
10566 1.893286
10619 0.528869
10690 2.340444
10701 0.786561
10791 3.039414
10820 1.998021
10892 1.226501
10929 2.340444
11121 0.600081
11152 0.893286
11210 0.849082
11249 3.726646
11295 2.426679
11306 2.945825
11335 2.087558
11349 1.283539
11376 0.464226
11420 2.340444
11437 1.213339
11458 2.564168
11462 1.405946
11466 3.329986
11503 0.884078
