87

297 1.182082
508 1.549193
586 1.494316
1044 1.291226
1074 1.120336
1336 1.608050
1370 1.109995
1487 0.838017
1516 1.577016
1532 0.779343
1831 0.767573
1944 5.033059
1947 2.209831
2024 1.022381
2084 1.980392
2134 4.686879
2154 0.677686
2268 1.521321
2590 4.078828
2638 1.061691
2696 0.683388
2718 1.275986
2762 0.470040
3130 4.990107
3174 2.738384
3339 2.562293
3385 1.784142
3423 0.925471
4061 2.738384
4107 1.998021
4108 2.738384
4337 1.677686
4482 3.039414
4627 1.784142
5227 1.291226
5491 0.809874
5657 8.496989
6071 0.619458
6112 0.501595
6123 1.717195
6308 0.749380
6456 0.806418
6650 2.261263
6704 1.808965
6813 0.786561
6828 0.717195
6839 3.921061
7062 1.375730
7498 1.066401
7556 1.835294
7717 3.039414
7729 2.085172
7760 0.666502
7874 1.275986
7891 2.261263
8007 0.838017
8059 1.090024
8148 2.136324
8259 1.696991
8272 0.884078
8284 1.426630
8387 0.854723
8425 1.808965
8455 0.436270
8482 1.043779
8498 1.340444
8539 0.668346
8826 0.531848
8857 2.734633
8931 0.532719
9033 1.808965
9951 2.919261
9994 1.998021
10063 2.734633
10084 1.624441
10128 2.340444
10378 0.683388
10530 1.164353
10609 1.925471
10990 2.039414
11060 3.039414
11266 3.039414
11267 1.495346
11287 1.043779
11375 1.582882
11523 0.538355
11600 0.351885
