151

45 1.405946
99 1.090024
122 1.957433
213 0.840757
466 1.835294
475 1.349218
476 1.784142
512 1.386202
514 1.784142
637 2.551972
831 1.638612
1296 1.949912
1385 1.048188
1387 2.170343
1400 1.395961
1404 4.680888
1465 1.386202
1542 4.070524
1649 0.881052
1666 2.261570
1668 2.340444
1803 1.254084
1838 1.548052
1859 4.245114
1986 1.125600
2084 0.990196
2115 0.922143
2116 1.592256
2171 1.784142
2246 1.659203
2259 0.426630
2268 0.760661
2340 1.018225
2344 1.307020
2348 0.956629
2499 2.614041
2550 1.602736
2575 0.956629
2627 1.530513
2641 5.679858
2651 0.784142
2752 1.483112
2763 0.756113
2908 2.194316
2916 1.459631
2976 1.760661
3035 1.808965
3095 1.772123
3162 1.835294
3286 1.395961
3322 1.395961
3417 1.075626
3621 1.799070
3694 2.480147
3758 2.364163
3807 4.158605
3917 1.206905
3975 1.182082
4011 3.039414
4091 0.693061
4147 1.960233
4148 0.978716
4212 1.998021
4249 2.716346
4258 1.696991
4437 1.471212
4462 1.141787
4725 1.577016
4734 1.238917
4738 1.145093
4745 1.893286
4796 1.182082
4849 1.395961
4969 1.141787
4970 4.101949
5148 1.863323
5178 1.665176
5204 1.738384
5304 2.085172
5390 2.738384
5395 1.035093
5460 1.247022
5625 1.534264
5712 1.935064
5719 2.364163
5758 1.219870
5885 0.706976
5926 0.698970
6071 0.619458
6110 4.078828
6141 5.033059
6153 1.608050
6227 2.317201
6317 0.702954
6336 1.925471
6433 0.758381
6864 0.872539
6962 1.200565
7023 1.483112
7061 1.434938
7062 1.031797
7072 1.405946
7124 1.562293
7179 1.925471
7368 9.723355
7394 2.853261
7556 1.835294
7709 1.359157
7856 1.254084
7859 1.205707
7920 1.039414
7972 1.254084
8007 0.838017
8008 3.039414
8061 1.784142
8096 7.992086
8111 1.035093
8236 2.085172
8348 1.534264
8361 3.039414
8582 18.924193
8743 2.738384
8826 1.240979
9051 1.125600
9062 1.075626
9093 0.949509
9130 0.767573
9279 1.367316
9351 1.367316
9596 1.213339
9669 0.774596
9770 2.044762
9915 2.194316
9933 1.075626
10134 1.641474
10242 1.437354
10390 6.078828
10423 0.698970
10487 1.193869
10530 1.164353
10604 1.448350
10757 2.562293
10929 2.340444
11015 2.151253
11210 0.849082
11375 0.791441
11376 0.464226
11423 4.900186
11482 1.835294
11521 1.075626
11620 2.170343
