442

71 1.756092
79 0.922143
109 2.466468
179 1.268562
304 3.314747
401 1.608050
423 1.240074
447 2.413810
458 0.747158
531 0.918840
536 1.811750
585 1.562293
594 1.784142
630 0.553693
632 0.990196
633 1.206905
668 3.216101
697 1.638612
734 1.448350
736 1.448350
763 1.641474
771 1.182082
795 2.085172
823 2.738384
852 2.437354
872 1.677686
875 1.141787
876 1.548052
896 3.039414
910 2.562293
913 2.078828
923 2.136324
960 2.132573
1028 1.376656
1075 1.863323
1081 2.738384
1132 0.632874
1231 1.022381
1268 3.039414
1271 3.039414
1278 1.268562
1284 1.080373
1290 2.738384
1333 2.434582
1339 2.562293
1411 6.408972
1487 0.838017
1532 1.558685
1542 1.628210
1592 1.120336
1616 1.483112
1649 0.881052
1666 1.507714
1686 1.998021
1721 2.241474
1746 2.194316
1772 2.738384
1803 1.254084
1831 0.767573
1856 2.136324
1868 3.039414
1872 1.276027
1875 1.534264
1963 1.738384
1991 1.066286
2005 1.158601
2042 2.698436
2058 0.899535
2067 1.261263
2161 1.367316
2194 2.039414
2224 1.147320
2248 2.283574
2259 0.853261
2278 1.219870
2291 2.039414
2340 1.018225
2344 1.307020
2353 1.784142
2363 6.134285
2415 3.039414
2444 3.154032
2474 2.738384
2507 0.380449
2521 1.925471
2530 0.717195
2563 7.021332
2572 1.768156
2618 1.164353
2633 1.094931
2677 1.548052
2686 2.261263
2762 0.940080
2763 0.756113
2822 2.738384
2875 1.534264
2876 1.893286
2882 2.738384
2916 1.459631
2948 1.331844
2954 0.935610
2983 4.101949
3010 1.577016
3036 3.039414
3048 1.254084
3056 3.393983
3095 1.181416
3097 3.039414
3121 0.784142
3163 1.835294
3177 1.158601
3203 2.260791
3204 1.136324
3282 1.376656
3328 2.194316
3374 1.170182
3415 1.386202
3432 1.471212
3447 3.039414
3460 1.624441
3482 0.967532
3495 1.170182
3521 1.254084
3567 0.711035
3613 2.011981
3621 1.799070
3625 1.893286
3626 0.967532
3685 1.437354
3691 0.742749
3693 1.437354
3700 1.283539
3758 2.364163
3809 1.835294
3841 0.954243
3860 4.874708
3885 1.283539
3951 1.409921
3968 1.437354
3991 2.340444
4005 1.094931
4038 3.039414
4063 1.094931
4195 1.170182
4196 0.734063
4219 1.863323
4246 1.925471
4248 3.039414
4283 1.998021
4315 0.756113
4444 1.677686
4452 1.483112
4488 1.835294
4529 2.614041
4547 3.184512
4552 1.548052
4573 2.175479
4610 2.630276
4645 2.123381
4718 2.261263
4738 0.572546
4764 1.152923
4789 2.136324
4809 2.738384
4817 2.738384
4846 8.215152
4943 2.290186
4987 1.592256
5007 1.760661
5024 2.136324
5050 1.891985
5083 1.349218
5111 1.893286
5191 2.437354
5240 3.039414
5361 1.925471
5394 0.995670
5397 1.960233
5419 3.039414
5521 1.307020
5528 3.039414
5529 0.646717
5532 0.887126
5569 4.106308
5620 1.376656
5687 2.340444
5689 0.838017
5692 0.753857
5701 2.663688
5712 0.967532
5734 1.686879
5753 0.650248
5792 0.974956
5817 1.386202
5821 0.918840
5833 1.497254
5851 0.846290
5870 1.592256
5874 1.960233
5892 1.340444
5893 4.680888
5900 1.039414
5926 2.096910
5934 1.998021
5955 2.085172
6060 0.971228
6071 1.238917
6112 1.003190
6144 1.268562
6170 1.998021
6171 8.157656
6199 1.998021
6211 1.226501
6220 1.416165
6227 1.158601
6242 1.562293
6291 1.612836
6308 0.749380
6317 0.702954
6330 3.039414
6332 2.562293
6347 3.039414
6436 26.456970
6466 1.075626
6467 2.562293
6473 2.085172
6476 2.738384
6495 2.738384
6535 1.608050
6537 2.340444
6559 1.996043
6583 3.355373
6616 0.899535
6726 2.738384
6731 2.194316
6792 0.519586
6796 1.367316
6820 1.863323
6838 1.120336
6864 0.436270
6874 0.500338
6878 2.551972
6909 0.747158
6919 2.562293
6980 1.194316
6996 2.562293
7008 0.878046
7040 1.960233
7061 1.434938
7062 0.343932
7111 0.499085
7115 3.039414
7123 3.493059
7126 3.849506
7143 0.922143
7215 1.717195
7283 1.608050
7297 1.534264
7320 1.659203
7342 1.863323
7371 2.340444
7377 7.655917
7378 2.261263
7385 3.079605
7394 1.426630
7411 0.893286
7448 2.085172
7451 3.039414
7498 1.066401
7500 2.039414
7515 1.405946
7583 1.659203
7594 3.015870
7607 1.835294
7641 2.586869
7660 1.548052
7671 2.738384
7704 4.278470
7706 3.786572
7714 4.680888
7715 3.699702
7718 2.437354
7733 2.261263
7760 0.666502
7788 1.060423
7826 1.299051
7847 0.932204
7859 0.904280
7861 1.393983
7904 1.275986
7929 1.520900
7955 3.521321
7974 1.562293
7978 1.099895
7981 1.850942
8007 2.514051
8046 1.219870
8123 2.738384
8126 1.659203
8140 1.960233
8157 3.756174
8170 2.261263
8229 2.085172
8234 1.275986
8239 1.784142
8315 1.608050
8336 2.738384
8343 1.972671
8357 2.340444
8455 0.436270
8461 2.261263
8482 1.043779
8512 1.750123
8539 0.668346
8545 1.507935
8550 1.659203
8594 1.808965
8613 1.507935
8616 1.367316
8641 2.508169
8642 1.808965
8689 2.261263
8761 1.494316
8780 1.291226
8826 1.418262
8830 5.476768
8876 2.039414
8930 1.048188
8931 1.065438
9047 0.829899
9051 1.125600
9106 1.696991
9110 2.494045
9114 1.349218
9115 1.104916
9116 1.182082
9132 0.731918
9138 0.673926
9162 1.808965
9199 3.039414
9237 2.136324
9277 2.738384
9284 1.577016
9353 2.562293
9444 0.939044
9462 1.641474
9521 2.966223
9568 1.066286
9592 6.425587
9593 0.949509
9642 1.283539
9667 1.158601
9669 0.774596
9688 1.315138
9725 1.213339
9745 2.437354
9747 0.945992
9754 3.039414
9767 0.567079
9777 1.784142
9788 1.608050
9811 4.545402
9836 2.562293
9842 1.893286
9849 3.039414
9863 1.219870
9865 0.796376
9900 1.893286
9908 1.562293
9919 1.109995
9933 1.075626
9936 1.608050
9950 1.315138
9957 1.437354
9958 2.562293
10018 2.966223
10031 2.261263
10058 0.606445
10070 3.786572
10077 1.323411
10080 1.507935
10082 1.254084
10122 1.893286
10133 1.738384
10147 1.548052
10187 1.863323
10251 2.364163
10276 1.617930
10279 2.011981
10405 1.835294
10423 0.698970
10432 2.194316
10487 0.596934
10509 1.409921
10519 2.039414
10528 1.893286
10555 2.734633
10563 1.386202
10572 2.738384
10575 2.261263
10592 1.925471
10619 1.057738
10630 1.925471
10635 1.677686
10658 1.240074
10701 1.573122
10711 2.537124
10903 1.548052
10915 3.039414
10948 2.738384
10999 2.791923
11015 1.075626
11031 1.448350
11089 2.738384
11101 2.738384
11108 2.738384
11118 2.562293
11130 1.784142
11152 1.786572
11203 1.641474
11242 1.048188
11256 2.338028
11322 3.039414
11335 2.087558
11349 1.283539
11366 1.367316
11396 0.942504
11397 0.974956
11423 0.816698
11437 1.213339
11440 1.784142
11443 3.783970
11458 0.854723
11459 1.659203
11462 1.405946
11466 1.109995
11468 2.437354
11539 1.592256
11561 3.039414
11600 1.055655
11636 3.493059
11637 2.786473
