46

69 2.340444
194 0.723444
458 0.747158
665 0.632874
693 1.624441
897 0.860437
1487 0.838017
1498 1.275986
1666 0.753857
1766 1.254084
1966 1.659203
1994 1.090024
2091 1.219870
2268 0.760661
2417 1.717195
2530 1.434390
2974 1.495346
3095 0.590708
3370 1.109995
3371 1.592256
3531 1.577988
4729 1.200565
6317 0.702954
6568 0.723444
6708 1.323411
6715 1.717195
6866 1.717195
7061 0.478313
7428 1.299051
7485 1.760661
7704 0.713078
7899 1.774252
8650 1.299051
8931 0.266359
9065 0.915562
9146 1.562293
9690 1.592256
9755 1.534264
9767 0.283539
10017 0.928824
10185 0.932204
10337 2.123381
10475 0.539727
10579 1.608050
11376 0.464226
11609 1.213339
