73

139 0.111825
183 0.250683
191 0.304198
391 0.124504
429 0.147410
657 0.191147
736 0.132770
875 0.104667
876 0.141910
895 0.077579
1028 0.126198
1492 0.139421
1540 0.191147
1640 0.191147
1896 0.123683
2300 0.195837
2405 0.121317
2502 0.127968
2575 0.087694
3122 0.070151
3268 0.186953
3275 0.056036
3691 0.136175
3755 0.251027
4237 0.111825
4266 0.096496
4469 0.170811
4526 0.150474
4633 0.263524
4645 0.097325
4734 0.056786
5115 0.201153
5227 0.118367
5270 0.127968
5444 0.183158
5496 0.089719
5526 0.145962
5529 0.059284
5749 0.088694
5756 0.134866
5849 0.130779
5880 0.076571
6167 0.101753
6193 0.131762
6240 0.132770
6559 0.091488
6587 0.057090
6828 0.065745
7118 0.056036
7428 0.238168
7534 0.147410
7655 0.169065
8098 0.114314
8137 0.442229
8529 0.097746
8767 0.064624
8826 0.032503
8931 0.024417
9033 0.165828
9061 0.361676
9138 0.061779
9378 0.127073
9407 0.116969
9677 0.116289
10302 0.265540
10544 0.244180
10619 0.048481
11115 0.135957
11121 0.055009
11203 0.150474
11451 0.162087
11599 0.176508
11600 0.032257
