131

7 2.698436
63 1.891985
64 2.853261
97 0.909080
194 0.723444
404 0.545260
455 0.753857
457 1.061691
458 0.747158
512 1.386202
897 0.860437
1003 2.085172
1436 1.534264
1485 3.726646
1489 1.592256
1542 1.628210
1605 0.893286
1632 1.808965
1666 1.507714
1859 6.670893
1885 3.039414
2137 1.738384
2166 3.015870
2176 1.608050
2348 0.956629
2354 2.194316
2507 0.380449
2524 1.048188
2627 0.765256
2641 5.679858
2651 0.784142
2762 0.470040
2768 2.020061
2818 1.641474
2892 1.520900
2950 1.395961
2954 0.935610
2980 1.998021
3095 0.590708
3233 1.548052
3235 2.039414
3274 1.520900
3275 0.611279
3409 1.893286
3531 1.577988
3535 1.005990
3568 1.808965
3592 1.696991
3621 0.899535
3694 1.240074
3758 1.182082
3867 2.340444
3917 1.206905
3952 2.272648
3975 2.364163
3980 3.039414
4071 1.018225
4131 5.352425
4147 1.960233
4195 1.170182
4623 1.534264
4738 1.145093
4943 0.572546
5143 0.902694
5148 1.863323
5162 3.039414
5204 1.738384
5207 4.874708
5362 4.874708
5395 2.070185
5719 1.182082
5753 0.650248
5833 0.499085
5962 1.349218
6058 1.893286
6071 0.619458
6150 2.437354
6167 2.219990
6308 0.749380
6336 1.925471
6433 0.758381
6816 0.978716
6874 0.500338
7023 2.966223
7061 0.478313
7212 1.717195
7368 6.482236
7385 1.539802
7530 0.998021
7635 0.704960
7859 1.205707
7972 2.508169
8051 3.039414
8083 0.711035
8096 3.996043
8117 1.577016
8271 0.925471
8463 0.960233
8469 2.582452
8552 1.331844
8582 7.885081
8605 0.738384
8624 2.261263
8750 2.039414
8780 1.291226
8931 0.266359
9065 0.915562
9093 0.949509
9179 2.261263
9255 1.405946
9592 1.070931
9767 0.283539
9933 1.075626
10163 1.784142
10242 1.437354
10279 1.005990
10309 0.994091
10342 3.039414
10378 0.683388
10475 0.539727
10556 1.182082
10745 1.659203
10818 1.299051
10890 0.465383
11121 0.600081
11332 0.715132
11423 0.816698
11443 0.945992
11544 1.624441
11568 1.349218
11600 0.351885
