211

36 0.033790
45 0.035897
85 0.099503
97 0.023211
99 0.027831
102 0.069917
194 0.018471
312 0.155206
404 0.013922
457 0.027107
466 0.046859
470 0.046859
586 0.057230
600 0.024798
687 0.124462
688 0.069917
695 0.045553
714 0.139834
992 0.029582
1028 0.035149
1149 0.041475
1258 0.031662
1383 0.059757
1387 0.055414
1404 0.059757
1605 0.022808
1633 0.033168
1651 0.045553
1668 0.059757
1669 0.119513
1797 0.017948
1798 0.030028
1859 0.077419
1872 0.016290
1950 0.039173
1986 0.028739
1995 0.029152
2008 0.039525
2022 0.087687
2071 0.024798
2091 0.062292
2115 0.023544
2205 0.038501
2244 0.035897
2246 0.042363
2259 0.010893
2339 0.029294
2348 0.048850
2463 0.045553
2497 0.041057
2641 0.096679
2651 0.020021
2762 0.024002
2805 0.036699
2881 0.041475
2950 0.035642
2954 0.095553
2976 0.044953
2980 0.051014
3179 0.019717
3320 0.056026
3432 0.037563
3455 0.030336
3495 0.029877
3531 0.020145
3550 0.035393
3562 0.039889
3624 0.059757
3626 0.024703
3683 0.054686
3685 0.036699
3694 0.031662
3702 0.065421
3885 0.032772
3888 0.436360
3917 0.030815
3952 0.029013
3968 0.036699
3975 0.030181
3992 0.050049
4131 0.091106
4135 0.077603
4150 0.051014
4211 0.046586
4215 0.025485
4249 0.034677
4411 0.419501
4520 0.055899
4537 0.028341
4573 0.027772
4677 0.027561
4701 0.032579
4738 0.043855
4780 0.050049
4901 0.023048
5053 0.027584
5176 0.073397
5177 0.030181
5204 0.044385
5280 0.208282
5330 0.050049
5395 0.026428
5521 0.166855
5529 0.016512
5543 0.310411
5680 0.077603
5719 0.060362
5758 0.062292
5795 0.388404
5880 0.021327
5885 0.018051
5900 0.026538
5949 0.023460
6112 0.038420
6141 0.085670
6242 0.039889
6283 0.027463
6391 0.077603
6433 0.038726
6496 0.069917
6587 0.015901
6813 0.020083
6824 0.054545
6909 0.038153
6946 0.053239
6962 0.061306
6980 0.060987
6992 0.038501
7024 0.106478
7039 0.032019
7061 0.012212
7111 0.025485
7308 0.039889
7368 0.331011
7393 0.104141
7498 0.009076
7530 0.025482
7534 0.041057
7556 0.140577
7580 0.032019
7758 0.025381
7760 0.017017
7783 0.036979
7847 0.023801
7859 0.030784
7862 0.024517
7911 0.031662
7915 0.026650
7945 0.044385
7972 0.032019
7989 0.026762
8042 0.044385
8089 0.048340
8096 0.153041
8183 0.035897
8203 0.047575
8227 0.041704
8245 0.026538
8326 0.032389
8334 0.035149
8343 0.025183
8353 0.039525
8410 0.066742
8444 0.082114
8455 0.011139
8460 0.077603
8469 0.065936
8582 0.724763
8653 0.027584
8826 0.072423
8831 0.062231
8862 0.077603
8931 0.006801
9062 0.027463
9104 0.045615
9105 0.027107
9157 0.069917
9329 0.038501
9461 0.018418
9592 0.027343
9669 0.019777
9767 0.014479
10058 0.030968
10059 0.044953
10242 0.036699
10262 0.077603
10271 0.124462
10279 0.025685
10331 0.089907
10352 0.024798
10378 0.034897
10396 0.025892
10423 0.107077
10487 0.030482
10530 0.029728
10621 0.028739
10848 0.069917
10890 0.011882
11121 0.030643
11423 0.041704
11437 0.061958
11443 0.024153
11458 0.021823
11493 0.077603
11523 0.027491
11532 0.033295
11564 0.041057
11565 0.051014
11570 0.109275
11600 0.008984
11654 0.069917
