92

138 0.157344
268 0.096210
404 0.042068
516 0.180569
517 0.234496
630 0.042718
930 0.119435
1112 0.059041
1134 0.180569
1333 0.062611
1487 0.129309
1723 0.106948
1797 0.108468
1947 0.085246
2507 0.029352
2603 0.279129
2763 0.058335
3130 0.076999
3136 0.110894
3318 0.180569
3344 0.119435
3613 0.077614
3637 0.175339
3657 0.164821
3694 0.095674
3951 0.054389
4148 0.075510
4310 0.078878
4355 0.111743
4632 0.164821
4677 0.041641
4738 0.044173
4807 0.197685
4832 0.119435
4866 0.072985
4966 0.372459
4967 0.104094
5394 0.038409
5414 0.395370
5532 0.068443
5596 0.197685
5902 0.104094
6046 0.110894
6052 0.234496
6211 0.094627
6298 0.197685
6352 0.197685
6415 0.143321
6433 0.117021
6466 0.082986
6541 0.121669
6864 0.067318
6972 0.197685
7318 0.482134
7342 0.143758
7353 0.132484
7498 0.082275
7606 0.211271
7704 0.055015
7760 0.051422
7797 0.188046
7837 0.128010
8059 0.252292
8153 0.188046
8213 0.164821
8455 0.033659
8462 0.094627
8475 0.104094
8482 0.080529
8539 0.051564
8741 0.096210
8780 0.099620
8826 0.013678
9031 0.068208
9095 0.092143
9171 0.245690
9324 0.154151
9360 0.211271
9424 0.114425
9538 0.081213
9593 0.073256
9596 0.093611
9767 0.021876
9865 0.061442
9903 0.061251
10111 0.139565
10305 0.111743
10326 0.056469
10397 0.065293
11036 0.188046
11150 0.157757
11397 0.075219
