71

661 0.083586
681 0.155162
875 0.080737
1231 0.072293
1507 0.192075
2024 0.072293
2120 0.151061
2200 0.172347
2502 0.394838
2572 0.125028
2995 0.317211
3122 0.054112
3188 0.131757
3218 0.108489
3281 0.126158
3691 0.105041
3938 0.087203
3951 0.049848
4033 0.181520
4186 0.131757
4237 0.172516
4633 0.203273
4943 0.080970
5379 0.127913
5693 0.089185
5732 0.055618
5849 0.100878
5936 0.172347
5947 0.176356
5948 0.061046
6193 0.101636
6279 0.144208
6529 0.114865
6572 0.108489
6587 0.044037
6607 0.344694
6893 0.144208
7095 0.129775
7111 0.035291
7118 0.129672
7655 0.065205
7656 0.092994
7908 0.138609
8073 0.114865
8271 0.065441
9047 0.058683
9079 0.110471
9087 0.220942
9118 0.328392
9130 0.108551
9138 0.047654
9146 0.110471
9366 0.094784
9378 0.392077
9407 0.180452
9492 0.147444
9899 0.129775
10143 0.288417
10423 0.098849
10465 0.284351
10544 0.094176
10715 0.100138
10947 0.138609
11115 0.314615
11451 0.125028
11452 0.193633
11457 0.118630
11458 0.060438
11502 0.143417
11503 0.187541
11600 0.049764
