76

661 0.076947
681 0.142838
875 0.074324
1231 0.066551
1507 0.176819
2024 0.066551
2120 0.139063
2200 0.158658
2502 0.363477
2572 0.115097
2768 0.065747
2995 0.292016
3122 0.049814
3188 0.121292
3218 0.099872
3281 0.116138
3414 0.072255
3691 0.096698
3938 0.080277
3951 0.045889
4033 0.167103
4186 0.121292
4237 0.158814
4633 0.187128
4859 0.103647
4943 0.074539
5379 0.117754
5394 0.032406
5693 0.082101
5732 0.051201
5849 0.092866
5936 0.158658
5947 0.162348
5948 0.056198
5962 0.087827
6193 0.093564
6279 0.132755
6529 0.105742
6572 0.099872
6587 0.040539
6607 0.317316
7095 0.119467
7111 0.032488
7118 0.119373
7655 0.180079
7656 0.171216
8073 0.105742
8241 0.066281
8271 0.060243
8826 0.023080
9047 0.054022
9079 0.101697
9087 0.203393
9118 0.403079
9130 0.099929
9138 0.043869
9146 0.101697
9366 0.174511
9378 0.360936
9407 0.166119
9492 0.135733
9899 0.119467
10143 0.265509
10423 0.090998
10465 0.261766
10544 0.086696
10715 0.092184
10947 0.127600
11115 0.386169
11451 0.115097
11452 0.178254
11457 0.109208
11458 0.055638
11502 0.132026
11503 0.172646
11600 0.045812
