123

138 0.107487
486 0.073574
516 0.123352
599 0.061064
633 0.063609
930 0.081590
1112 0.080665
1134 0.123352
1157 0.069314
1333 0.128314
1444 0.076929
1487 0.088335
1605 0.094161
1723 0.073059
1797 0.111147
1831 0.040455
1853 0.089439
1902 0.053448
1947 0.058234
1993 0.098206
2335 0.048254
2397 0.160191
2507 0.020051
2530 0.037799
2603 0.190682
2677 0.081590
3122 0.040333
3130 0.052600
3136 0.151510
3243 0.052809
3318 0.123352
3559 0.084752
3637 0.119779
3657 0.112594
3694 0.065358
3758 0.062301
3951 0.037155
4148 0.051583
4215 0.026304
4310 0.053884
4355 0.076335
4632 0.112594
4677 0.028446
4738 0.060352
4807 0.135045
4832 0.081590
4966 0.508876
4967 0.142220
5067 0.061367
5394 0.026238
5414 0.270089
5491 0.021342
5526 0.083919
5596 0.135045
5604 0.135045
5734 0.029635
5955 0.109898
6028 0.128460
6046 0.151510
6211 0.064642
6298 0.135045
6351 0.119179
6352 0.135045
6415 0.195813
6421 0.031133
6433 0.079940
6864 0.045987
7062 0.036254
7318 0.411700
7319 0.112594
7342 0.196411
7343 0.112594
7353 0.181008
7498 0.037470
7544 0.160191
7594 0.079475
7606 0.144326
7652 0.135045
7704 0.037583
7725 0.144326
7797 0.128460
7837 0.087448
8016 0.049492
8059 0.287247
8153 0.128460
8187 0.160191
8352 0.045048
8455 0.045987
8462 0.064642
8475 0.071110
8482 0.165036
8539 0.035225
8662 0.062621
8741 0.131448
8780 0.068054
8826 0.046718
9019 0.055716
9031 0.046595
9171 0.083919
9261 0.072556
9324 0.105305
9360 0.144326
9380 0.059890
9424 0.078167
9593 0.100087
9594 0.078812
9767 0.014944
9865 0.041973
9933 0.056690
9942 0.073059
10066 0.270089
10111 0.095341
10197 0.112594
10275 0.062301
10305 0.076335
10334 0.160191
10491 0.060469
11015 0.056690
11036 0.128460
11150 0.107768
11396 0.049674
11397 0.051385
11558 0.087448
