39

268 0.160990
536 0.116948
596 0.175339
1333 0.209535
1409 0.199853
2455 0.109979
2518 0.106452
2530 0.185179
2772 0.174183
3130 0.128844
3243 0.129356
3841 0.061596
4355 0.186981
4573 0.070213
4677 0.069678
4966 0.311622
4967 0.174183
6046 0.185562
6112 0.064756
6291 0.104108
6456 0.208216
6838 0.144635
6849 0.275798
7318 0.201691
7498 0.045891
7887 0.125385
8059 0.281443
8191 0.269194
8455 0.112644
8619 0.164729
8741 0.160990
8931 0.034387
9261 0.177726
9767 0.036605
10396 0.130921
10491 0.148118
10515 0.209714
10591 0.154992
11397 0.251733
